0.477284 -0.878556 0.0184031 0.681433 0.878745 0.477243 -0.00686302 0.552625 -0.00275319 0.0194472 0.999807 0
0.476305 -0.879139 0.0157352 1.08735 0.879279 0.476256 -0.00697618 1.35588 -0.00136096 0.0171585 0.999852 0
0.474743 -0.879978 0.0160483 1.49305 0.880124 0.474684 -0.00753338 2.11557 -0.00098868 0.0177009 0.999843 0
0.473946 -0.880402 0.0163515 1.93272 0.880552 0.473905 -0.00649489 2.90817 -0.00203096 0.0174766 0.999845 0
0.472671 -0.881061 0.0176788 2.369 0.881234 0.472638 -0.00629372 3.70827 -0.0028105 0.018554 0.999824 0
0.471501 -0.881662 0.0189718 2.79289 0.881857 0.471481 -0.00580191 4.52604 -0.00382951 0.019466 0.999803 0
0.469783 -0.882584 0.0187198 3.20934 0.882776 0.469751 -0.00632831 5.35113 -0.00320838 0.0194983 0.999805 0
0.46878 -0.883132 0.0179782 3.6385 0.883312 0.468733 -0.00703627 6.15621 -0.002213 0.0191788 0.999814 0
0.467681 -0.88372 0.0176802 4.0646 0.883894 0.467641 -0.00659708 6.96232 -0.00243803 0.0187128 0.999822 0
0.467472 -0.883846 0.0168904 4.49046 0.883995 0.467483 -0.00352542 7.77645 -0.00478007 0.0165791 0.999851 0
0.467996 -0.883552 0.017748 4.92201 0.883687 0.468078 0.000509819 8.60523 -0.0087579 0.0154451 0.999842 0
0.468962 -0.883012 0.0190767 5.36213 0.883135 0.469105 0.00358997 9.44227 -0.012119 0.0151638 0.999812 0
0.470566 -0.882149 0.019485 5.80334 0.88226 0.470736 0.00500848 10.2857 -0.0135905 0.014834 0.999798 0
0.472553 -0.881063 0.0205075 6.2406 0.88123 0.472685 0.001819 11.1256 -0.0112963 0.0172123 0.999788 0
0.473748 -0.880448 0.0193312 6.69718 0.880637 0.473781 -0.00314676 11.9822 -0.00638818 0.0185145 0.999808 0
0.474784 -0.879969 0.0152951 7.14228 0.880098 0.474764 -0.00517232 12.817 -0.00271009 0.015917 0.99987 0
0.475728 -0.879498 0.0129031 7.59271 0.879586 0.475728 -0.00329072 13.6636 -0.00324418 0.0129149 0.999911 0
0.475444 -0.879617 0.0150453 8.06389 0.879722 0.475489 -0.00070921 14.5321 -0.00653005 0.0135729 0.999887 0
0.474555 -0.879972 0.0211257 8.52737 0.880152 0.474689 0.00155229 15.4139 -0.0113941 0.0178571 0.999776 0
0.473498 -0.880243 0.0311713 8.99528 0.880693 0.473684 -0.00159489 16.2812 -0.0133615 0.0282076 0.999513 0
0.472163 -0.880833 0.0345818 9.47601 0.881463 0.472183 -0.00809399 17.1406 -0.00919948 0.0343043 0.999369 0
0.470978 -0.881511 0.0334306 9.9501 0.882132 0.470841 -0.0123504 17.9978 -0.00485343 0.035307 0.999365 0
0.469447 -0.882502 0.0284683 10.4054 0.882958 0.469283 -0.0125839 18.8743 -0.00225437 0.0310437 0.999516 0
0.468601 -0.883054 0.0250757 10.8747 0.883406 0.468495 -0.0103127 19.7568 -0.00264121 0.0269846 0.999632 0
0.467716 -0.883529 0.0248745 11.3495 0.883858 0.467711 -0.0063851 20.667 -0.00599268 0.024972 0.99967 0
0.4664 -0.884219 0.0250484 11.8171 0.884528 0.466478 -0.00300061 21.5762 -0.00903135 0.0235555 0.999682 0
0.465628 -0.88459 0.0262796 12.2812 0.884912 0.465756 -0.00139576 22.4821 -0.0110052 0.0239051 0.999654 0
0.465094 -0.884844 0.0271678 12.7499 0.885161 0.465284 0.000767199 23.375 -0.0133196 0.023691 0.999631 0
0.464634 -0.885028 0.0290146 13.1962 0.88536 0.464898 0.0027392 24.2705 -0.0159131 0.0244156 0.999575 0
0.464521 -0.885036 0.0305368 13.6663 0.885409 0.464806 0.00257724 25.166 -0.0164746 0.0258404 0.99953 0
0.464732 -0.884883 0.0317135 14.1342 0.88532 0.464983 0.000609167 26.0414 -0.0152853 0.0277935 0.999497 0
0.465066 -0.884781 0.0295945 14.5837 0.885177 0.465253 -0.000606117 26.9272 -0.0132326 0.0264782 0.999562 0
0.464636 -0.885086 0.0271337 15.0396 0.885425 0.464781 -0.00106494 27.8206 -0.0116687 0.0245196 0.999631 0
0.463462 -0.885659 0.0284869 15.4944 0.886034 0.46362 -0.00120486 28.723 -0.01214 0.0257987 0.999593 0
0.462761 -0.885909 0.0318938 15.9546 0.886378 0.46296 -0.00125579 29.5932 -0.013653 0.0288511 0.999491 0
0.462399 -0.886009 0.034279 16.4155 0.886575 0.462575 -0.00310748 30.4556 -0.0131033 0.0318278 0.999408 0
0.461738 -0.886638 0.0259222 16.8611 0.886984 0.461775 -0.00488759 31.3432 -0.00763671 0.0252493 0.999652 0
0.461581 -0.886886 0.0193956 17.3162 0.887087 0.461573 -0.00515667 32.2328 -0.00437911 0.0195858 0.999799 0
0.46141 -0.886997 0.0183619 17.7795 0.887176 0.461409 -0.00455872 33.1159 -0.00442876 0.0183937 0.999821 0
0.461364 -0.886843 0.0255616 18.2378 0.887163 0.461447 -0.00289944 33.9974 -0.00922398 0.024015 0.999669 0
0.461164 -0.886807 0.0300059 18.6863 0.887223 0.461339 -0.00121863 34.8649 -0.0127622 0.0271839 0.999549 0
0.460914 -0.886888 0.0314346 19.1163 0.887366 0.461056 -0.00302896 35.682 -0.0118068 0.0292901 0.999501 0
0.460468 -0.887095 0.032124 19.5637 0.887606 0.460584 -0.00413748 36.5459 -0.0111255 0.0304187 0.999475 0
0.459563 -0.887538 0.0328236 20.0128 0.888081 0.459661 -0.00495657 37.4137 -0.0106886 0.0314279 0.999449 0
0.458961 -0.887757 0.0352349 20.4448 0.888373 0.459101 -0.00448305 38.2774 -0.0121965 0.0333592 0.999369 0
0.458123 -0.888015 0.0394019 20.895 0.888753 0.458377 -0.00284765 39.144 -0.0155322 0.0363232 0.999219 0
0.457489 -0.888218 0.0421117 21.3307 0.888994 0.457918 0.000625405 40.0111 -0.0198392 0.0371509 0.999113 0
0.456749 -0.888614 0.0417692 21.7405 0.889399 0.45713 -0.000475693 40.8419 -0.0186713 0.0373668 0.999127 0
0.455464 -0.889375 0.0395607 22.1637 0.890139 0.455671 -0.00412563 41.6521 -0.0143575 0.0370936 0.999209 0
0.454856 -0.88992 0.0339019 22.5667 0.890532 0.454835 -0.00877587 42.476 -0.00760997 0.0341825 0.999387 0
0.45377 -0.890679 0.0280108 22.9987 0.891104 0.45372 -0.00847563 43.3527 -0.00515998 0.0288065 0.999572 0
0.453128 -0.891123 0.0239869 23.4297 0.891429 0.45312 -0.00607957 44.2078 -0.00545132 0.0241375 0.999694 0
0.45185 -0.891722 0.0257545 23.8152 0.892053 0.451917 -0.00345807 44.9719 -0.00855529 0.0245369 0.999662 0
0.450764 -0.892299 0.0247867 24.1891 0.89259 0.450867 -0.00160117 45.7178 -0.00974679 0.0228461 0.999692 0
0.449759 -0.892827 0.0240223 24.5646 0.893097 0.449861 -0.00125985 46.4728 -0.00968185 0.0220208 0.999711 0
0.448329 -0.89356 0.0235012 24.9548 0.893819 0.448427 -0.00120966 47.2442 -0.00945767 0.0215482 0.999723 0
0.447023 -0.894229 0.0229106 25.3167 0.894474 0.447119 -0.00102275 47.9916 -0.0093292 0.0209502 0.999737 0
0.445949 -0.894729 0.0242977 25.6765 0.895004 0.446057 -0.00105443 48.7141 -0.00989473 0.0222167 0.999704 0
0.44486 -0.895285 0.0237586 26.0191 0.895526 0.445007 0.00105597 49.44 -0.0115181 0.0208067 0.999717 0
0.443407 -0.896019 0.0232529 26.3739 0.896203 0.443619 0.00466001 50.1641 -0.0144909 0.0187731 0.999719 0
0.441908 -0.896792 0.0219474 26.7082 0.896892 0.442166 0.00855071 50.8609 -0.0173726 0.0159058 0.999723 0
0.440378 -0.897507 0.0234001 27.0317 0.897677 0.440615 0.00589698 51.5244 -0.015603 0.0184088 0.999709 0
0.439587 -0.897863 0.0246044 27.3181 0.89815 0.439686 -0.00150081 52.1754 -0.00947071 0.0227582 0.999696 0
0.438442 -0.898461 0.0231512 27.6357 0.898755 0.438373 -0.00824701 52.8335 -0.00273924 0.0244231 0.999698 0
0.438156 -0.898737 0.0170347 27.9457 0.898899 0.438065 -0.00897975 53.4908 0.000608127 0.019247 0.999815 0
0.437569 -0.899086 0.0133142 28.2638 0.899182 0.437555 -0.00404911 54.1184 -0.00218521 0.0137437 0.999903 0
0.436252 -0.899701 0.0149317 28.5323 0.899814 0.436266 -0.00243936 54.7255 -0.0043195 0.0144999 0.999886 0
0.435488 -0.899997 0.0188474 28.8178 0.900187 0.435473 -0.00509867 55.2995 -0.00361872 0.0191866 0.999809 0
0.435498 -0.899893 0.0231112 29.093 0.90019 0.435346 -0.0114794 55.8429 0.000268887 0.0258038 0.999667 0
0.436742 -0.899283 0.0233999 29.3598 0.899572 0.436439 -0.0170332 56.3884 0.00510504 0.028489 0.999581 0
0.439069 -0.898207 0.0210382 29.6214 0.898424 0.438746 -0.0183077 56.9318 0.00721365 0.0269395 0.999611 0
0.442931 -0.896396 0.0169467 29.8626 0.896548 0.442768 -0.0125752 57.4582 0.00376893 0.0207635 0.999777 0
0.4468 -0.894486 0.0162465 30.1157 0.894633 0.44671 -0.00899519 57.9677 0.000788609 0.0185537 0.999828 0
0.451776 -0.891887 0.0209006 30.3798 0.892125 0.451737 -0.00679649 58.4391 -0.00337991 0.0217165 0.999759 0
0.458553 -0.888276 0.0263849 30.6162 0.888641 0.458564 -0.00595541 58.931 -0.00680913 0.0261776 0.999634 0
0.467656 -0.883433 0.0290437 30.8503 0.883862 0.467721 -0.00492746 59.4273 -0.00923125 0.027975 0.999566 0
0.480755 -0.876531 0.0238365 31.1222 0.876807 0.480835 -0.0025943 59.8584 -0.00918743 0.0221472 0.999713 0
0.496125 -0.868037 0.019293 31.3767 0.868205 0.496206 -0.000692463 60.2839 -0.00897221 0.0170938 0.999814 0
0.516844 -0.855855 0.0196065 31.6446 0.856018 0.516946 0.000117067 60.6725 -0.0102357 0.016723 0.999808 0
0.543022 -0.839334 0.0254252 31.8616 0.839622 0.543169 -0.00130137 61.0208 -0.0127179 0.0220542 0.999676 0
0.568963 -0.821877 0.0282596 32.084 0.822219 0.569171 -0.000836526 61.3578 -0.015397 0.0237115 0.9996 0
0.5958 -0.802598 0.0292905 32.3278 0.802928 0.596075 0.000807784 61.7057 -0.0181077 0.0230369 0.999571 0
0.624866 -0.780187 0.0291597 32.6039 0.780467 0.625191 0.00268455 62.0643 -0.0203248 0.0210807 0.999571 0
0.660391 -0.750398 0.0280439 32.9215 0.750632 0.660714 0.00314531 62.3644 -0.0208892 0.0189735 0.999602 0
0.695909 -0.717604 0.0274946 33.2492 0.717798 0.696241 0.00377939 62.6557 -0.021855 0.0171054 0.999615 0
0.731323 -0.681509 0.0266909 33.5677 0.681676 0.731645 0.00368199 62.9379 -0.0220376 0.0155018 0.999637 0
0.76787 -0.640106 0.0253174 33.8679 0.640257 0.768156 0.00267028 63.1677 -0.021157 0.0141592 0.999676 0
0.803818 -0.594367 0.0245839 34.1871 0.594511 0.804086 0.00175611 63.3753 -0.0208113 0.0132038 0.999696 0
0.839226 -0.543226 0.0246176 34.5358 0.543356 0.839501 0.00159981 63.5445 -0.0215356 0.0120335 0.999696 0
0.872334 -0.488283 0.024763 34.8896 0.488415 0.872611 0.000838461 63.7055 -0.0220179 0.0113632 0.999693 0
0.90237 -0.430271 0.0243926 35.2446 0.430421 0.902628 -0.00100869 63.8457 -0.0215834 0.0114093 0.999702 0
0.928516 -0.370496 0.0242936 35.6013 0.370668 0.928761 -0.00283003 63.9774 -0.0215144 0.0116326 0.999701 0
0.949963 -0.311309 0.0256227 35.9649 0.311482 0.950247 -0.00296767 64.0931 -0.023424 0.0108002 0.999667 0
0.967643 -0.25077 0.0279466 36.354 0.250888 0.968016 -0.000776328 64.229 -0.0268581 0.00776269 0.999609 0
0.981385 -0.189804 0.0292807 36.7467 0.189878 0.981808 0.000254935 64.3353 -0.0287964 0.00530956 0.999571 0
0.991144 -0.129423 0.0297264 37.1538 0.129528 0.991575 -0.00160608 64.4171 -0.0292681 0.00544225 0.999557 0
0.99703 -0.0712197 0.0293248 37.5691 0.0714205 0.997429 -0.00585612 64.5018 -0.0288323 0.00793311 0.999553 0
0.999454 -0.0150211 0.029416 37.9715 0.015256 0.999853 -0.00777563 64.5658 -0.0292948 0.00822015 0.999537 0
0.998795 0.0391432 0.0295932 38.3703 -0.0390192 0.999227 -0.00475572 64.6074 -0.0297564 0.00359529 0.999551 0
0.995745 0.0875679 0.0287107 38.6214 -0.0876234 0.996153 0.000677429 64.3349 -0.0285409 -0.00319027 0.999588 0
0.990853 0.132509 0.0255285 38.9437 -0.13241 0.99118 -0.00552417 64.1952 -0.0260354 0.0020934 0.999659 0
0.984261 0.174925 0.0251458 39.3272 -0.174609 0.984535 -0.0142476 64.0892 -0.0272492 0.00963267 0.999582 0
0.976907 0.211915 0.0272928 39.7155 -0.211395 0.977181 -0.0207371 64.0175 -0.0310645 0.0144887 0.999412 0
0.968959 0.245529 0.0288744 40.1016 -0.245007 0.969305 -0.0204804 64.0051 -0.0330166 0.0127703 0.999373 0
0.960478 0.276837 0.029032 40.4859 -0.276502 0.960895 -0.0150734 63.9732 -0.0320696 0.00645024 0.999465 0
0.952316 0.304038 0.0255767 40.8895 -0.30401 0.952655 -0.00506673 63.8868 -0.0259063 -0.00295045 0.99966 0
0.944033 0.329153 0.0214679 41.2841 -0.32924 0.944246 0.000564567 63.787 -0.0200852 -0.00760107 0.999769 0
0.935903 0.351802 0.0179147 41.6917 -0.351868 0.936049 0.000600472 63.6578 -0.0165578 -0.00686558 0.999839 0
0.92808 0.372143 0.0132885 42.0901 -0.37218 0.92816 0.0003851 63.5264 -0.0121905 -0.0053031 0.999912 0
0.921274 0.388858 0.00654645 42.4695 -0.388851 0.921297 -0.00248143 63.2888 -0.00699615 -0.000259506 0.999976 0
0.914148 0.405377 0.00197913 42.8531 -0.405363 0.914141 -0.00514166 63.0457 -0.00389352 0.00389797 0.999985 0
0.907735 0.419473 0.00770806 43.2728 -0.419441 0.907766 -0.00543158 62.8388 -0.00927551 0.00169737 0.999956 0
0.901228 0.433137 0.0134177 43.6927 -0.433095 0.901328 -0.00601903 62.6296 -0.0147008 -0.000386597 0.999892 0
0.895126 0.445533 0.0158287 44.1168 -0.445476 0.895265 -0.00712948 62.4107 -0.0173473 -0.000669537 0.999849 0
0.889653 0.456416 0.0142022 44.5615 -0.456297 0.889761 -0.0109046 62.1575 -0.0176136 0.00322087 0.99984 0
0.884741 0.465933 0.0118166 45.0531 -0.465764 0.884789 -0.0145503 61.8877 -0.0172347 0.00736952 0.999824 0
0.880129 0.474646 0.0091236 45.5349 -0.474462 0.880113 -0.0169345 61.6623 -0.0160677 0.0105757 0.999815 0
0.876478 0.481375 0.00806135 46.0123 -0.481214 0.876455 -0.0161174 61.4209 -0.0148239 0.0102473 0.999838 0
0.873835 0.486149 0.00845847 46.4957 -0.486029 0.873845 -0.0130472 61.1642 -0.0137343 0.00729002 0.999879 0
0.871474 0.490375 0.0081292 47.003 -0.490263 0.871483 -0.0126197 60.8511 -0.0132728 0.00701226 0.999887 0
0.869523 0.493816 0.0087454 47.5493 -0.493705 0.869544 -0.0122077 60.5306 -0.0136328 0.0062972 0.999887 0
0.867903 0.496649 0.0092043 48.0852 -0.496537 0.867931 -0.0121194 60.2105 -0.0140078 0.00594819 0.999884 0
0.866228 0.499552 0.00989117 48.6247 -0.499441 0.866268 -0.0117834 59.8775 -0.0144548 0.00526703 0.999882 0
0.865373 0.501046 0.00908828 49.1959 -0.50094 0.865402 -0.0117512 59.5459 -0.0137529 0.00561653 0.99989 0
0.864652 0.502304 0.00819139 49.7713 -0.502196 0.864666 -0.0122947 59.2239 -0.0132585 0.00651698 0.999891 0
0.864555 0.502492 0.00680735 50.3552 -0.502371 0.864538 -0.0140847 58.8956 -0.0129627 0.00875721 0.999878 0
0.866043 0.49997 0.000738078 51.0037 -0.499806 0.865795 -0.0243555 58.5357 -0.012816 0.020724 0.999703 0
0.867739 0.497018 -0.00163209 51.6514 -0.496866 0.867381 -0.0278313 58.1846 -0.012417 0.0249612 0.999611 0
0.869749 0.493491 -0.00151813 52.2934 -0.493347 0.869411 -0.0270821 57.8314 -0.0120449 0.0243036 0.999632 0
0.871948 0.489596 -0.00130651 52.9537 -0.489451 0.871619 -0.0267962 57.4746 -0.0119805 0.0240044 0.99964 0
0.874173 0.485615 -0.000127611 53.6137 -0.485455 0.873878 -0.0259137 57.1122 -0.0124726 0.022715 0.999664 0
0.87635 0.48167 0.0021351 54.3165 -0.481486 0.876122 -0.0241317 56.7388 -0.0134941 0.0201198 0.999707 0
0.878441 0.477832 0.00427887 55.021 -0.477627 0.878268 -0.0227619 56.3595 -0.0146343 0.0179513 0.999732 0
0.880237 0.474505 0.00519614 55.7227 -0.474301 0.880096 -0.0216605 55.971 -0.0148511 0.0166018 0.999752 0
0.881992 0.471257 0.00251886 56.4229 -0.47106 0.881756 -0.0246789 55.5709 -0.0138511 0.0205801 0.999692 0
0.882927 0.469506 0.00179722 57.1297 -0.469372 0.882755 -0.0208492 55.1961 -0.0113753 0.0175648 0.999781 0
0.883137 0.469113 0.00171439 57.8662 -0.469041 0.883056 -0.0145841 54.8178 -0.00835546 0.0120756 0.999892 0
0.882904 0.469546 0.002595 58.6168 -0.469506 0.88288 -0.00930661 54.4499 -0.00666096 0.00699848 0.999953 0
0.882472 0.470339 0.00501079 59.3676 -0.470324 0.882485 -0.00395678 54.0641 -0.00628297 0.00113506 0.99998 0
0.882377 0.47051 0.00565363 60.0614 -0.470482 0.882392 -0.00560328 53.6976 -0.00762511 0.00228427 0.999968 0
0.882566 0.47013 0.00735976 60.7851 -0.470105 0.882597 -0.0049138 53.3058 -0.00880582 0.000876894 0.999961 0
0.882884 0.469515 0.00850075 61.5034 -0.469493 0.882924 -0.00452206 52.9224 -0.00962869 1.40641e-06 0.999954 0
0.882998 0.469291 0.00896931 62.2302 -0.469279 0.883043 -0.00344222 52.5448 -0.00953569 -0.00116964 0.999954 0
0.882813 0.469653 0.00825115 62.957 -0.469646 0.88285 -0.00284602 52.174 -0.00862117 -0.00136262 0.999962 0
0.881942 0.471269 0.00917476 63.6767 -0.471289 0.881979 7.89261e-05 51.8119 -0.00805475 -0.00439357 0.999958 0
0.88027 0.474344 0.0110619 64.4051 -0.474398 0.880306 0.00273885 51.4507 -0.0084387 -0.00765867 0.999935 0
0.877736 0.478925 0.0145322 65.1432 -0.479051 0.87776 0.0068323 51.0856 -0.00948363 -0.0129586 0.999871 0
0.874239 0.485183 0.0174038 65.891 -0.485356 0.874285 0.00745102 50.6742 -0.0116008 -0.014961 0.999821 0
0.870648 0.491567 0.0182836 66.6285 -0.491728 0.870732 0.00536517 50.2634 -0.0132827 -0.0136617 0.999819 0
0.866288 0.499248 0.0171995 67.3297 -0.499358 0.866392 0.00252283 49.8553 -0.013642 -0.0107742 0.999849 0
0.861206 0.507986 0.0165539 68.012 -0.50808 0.861308 0.00175606 49.4506 -0.013366 -0.00992304 0.999862 0
0.855908 0.516862 0.0165922 68.6873 -0.516973 0.855996 0.00302957 49.069 -0.012637 -0.0111707 0.999858 0
0.849969 0.526527 0.0179334 69.3573 -0.526689 0.850039 0.00563287 48.6584 -0.0122782 -0.0142331 0.999823 0
0.843595 0.536636 0.0192342 70.0313 -0.536821 0.843676 0.00585703 48.216 -0.0130843 -0.0152663 0.999798 0
0.837426 0.546231 0.0187037 70.708 -0.546376 0.837533 0.00338197 47.7706 -0.0138177 -0.0130514 0.999819 0
0.831492 0.555223 0.0186705 71.3863 -0.555352 0.831613 0.00215139 47.3253 -0.0143321 -0.0121576 0.999823 0
0.82614 0.563121 0.0196565 72.0282 -0.563294 0.826245 0.00426978 46.8904 -0.0138367 -0.0145998 0.999798 0
0.820457 0.571349 0.0202633 72.6721 -0.571562 0.820533 0.00649645 46.4571 -0.012915 -0.0169118 0.999774 0
0.814093 0.580458 0.0179275 73.2759 -0.580618 0.81416 0.00506841 46.0566 -0.0116539 -0.0145352 0.999826 0
0.808203 0.588693 0.0157383 73.8673 -0.58882 0.80825 0.00473842 45.6546 -0.009931 -0.0130966 0.999865 0
0.802755 0.596088 0.0162335 74.4645 -0.596233 0.80279 0.00592077 45.2126 -0.00950281 -0.0144319 0.999851 0
0.797524 0.603078 0.0158686 75.0663 -0.60322 0.797552 0.00602168 44.7393 -0.0090245 -0.0143747 0.999856 0
0.792606 0.609553 0.0148467 75.6674 -0.60966 0.792654 0.00375461 44.2626 -0.00947965 -0.0120274 0.999883 0
0.788908 0.614326 0.0150804 76.2648 -0.614403 0.788992 0.000686647 43.8214 -0.0114765 -0.00980717 0.999886 0
0.786535 0.617328 0.0163994 76.807 -0.617372 0.786666 -0.00279467 43.388 -0.0146261 -0.00792643 0.999862 0
0.784339 0.620088 0.0174117 77.3566 -0.620093 0.784507 -0.00576637 42.9486 -0.0172353 -0.00627409 0.999832 0
0.782939 0.621822 0.0185338 77.913 -0.621805 0.783137 -0.00735542 42.5192 -0.0190882 -0.00576554 0.999801 0
0.782266 0.622711 0.0170317 78.4517 -0.622646 0.782445 -0.0095631 42.0935 -0.0192814 -0.00312384 0.999809 0
0.782444 0.62255 0.0146124 78.987 -0.622469 0.782579 -0.0100761 41.6864 -0.0177082 -0.0012118 0.999843 0
0.784846 0.619545 0.0134525 79.435 -0.619493 0.784959 -0.00818836 41.2815 -0.0156327 -0.00190713 0.999876 0
0.788221 0.615303 0.0105186 79.9069 -0.61524 0.788291 -0.00879274 40.9003 -0.0137019 0.000459138 0.999906 0
0.792236 0.610176 0.00688686 80.3884 -0.610094 0.792253 -0.0109425 40.5278 -0.012133 0.00446743 0.999916 0
0.798262 0.602306 0.00238235 80.8667 -0.602203 0.798188 -0.0157611 40.1979 -0.0113946 0.0111469 0.999873 0
0.805666 0.592361 -0.00342697 81.3365 -0.592279 0.805426 -0.0222154 39.8729 -0.0103994 0.0199279 0.999747 0
0.81546 0.578773 -0.00685981 81.7797 -0.578748 0.815132 -0.0246989 39.5613 -0.00870341 0.0241111 0.999671 0
0.827802 0.560972 -0.00739286 82.184 -0.560988 0.827539 -0.021709 39.2936 -0.00606026 0.0221181 0.999737 0
0.840728 0.541403 -0.00773368 82.6034 -0.541446 0.840529 -0.0186192 39.0419 -0.00358009 0.019841 0.999797 0
0.855111 0.518398 -0.00695566 83.0547 -0.518443 0.854997 -0.0140436 38.7862 -0.00133313 0.015615 0.999877 0
0.870243 0.492591 -0.00550857 83.5459 -0.492621 0.870175 -0.0109714 38.5431 -0.000610997 0.0122615 0.999925 0
0.886025 0.463604 -0.00553472 84.0592 -0.463637 0.885957 -0.0110309 38.3159 -0.00021046 0.0123398 0.999924 0
0.904819 0.425785 -0.00322783 84.5492 -0.425787 0.90472 -0.0136475 38.1502 -0.00289061 0.0137229 0.999902 0
0.923873 0.382697 0.00103315 84.991 -0.382639 0.923774 -0.0151558 38.0006 -0.00675449 0.0136068 0.999885 0
0.941528 0.336886 0.00569832 85.4466 -0.336781 0.941475 -0.014265 37.8968 -0.0101705 0.0115118 0.999882 0
0.957753 0.287493 0.00757265 85.9493 -0.287376 0.957722 -0.0135775 37.818 -0.0111559 0.0108277 0.999879 0
0.972197 0.23406 0.0070583 86.4308 -0.233948 0.972149 -0.0139308 37.7431 -0.0101224 0.0118922 0.999878 0
0.984415 0.175793 0.00484845 86.9033 -0.175697 0.984315 -0.0159323 37.7048 -0.0075732 0.0148322 0.999861 0
0.993679 0.112253 0.00102872 87.3773 -0.112214 0.993506 -0.0188222 37.703 -0.00313489 0.0185878 0.999822 0
0.999065 0.0430209 -0.00422509 87.8495 -0.0431001 0.998852 -0.0209032 37.7373 0.00332096 0.0210658 0.999773 0
0.999545 -0.0287594 -0.00910359 88.3243 0.0285595 0.999363 -0.0213733 37.7974 0.00971248 0.0211036 0.99973 0
0.994801 -0.10105 -0.0126825 88.805 0.100784 0.994705 -0.0201124 37.8783 0.0146477 0.0187297 0.999717 0
0.984817 -0.172953 -0.0149325 89.2906 0.172649 0.984786 -0.0197072 37.9925 0.0181137 0.0168299 0.999694 0
0.97009 -0.242303 -0.0146508 89.7387 0.241975 0.970053 -0.0210876 38.118 0.0193217 0.0169117 0.99967 0
0.951035 -0.308863 -0.0116908 90.1674 0.308587 0.95097 -0.0207451 38.2786 0.0175249 0.0161217 0.999717 0
0.92791 -0.372763 -0.00545081 90.5965 0.372613 0.927804 -0.0184042 38.5025 0.0119177 0.0150464 0.999816 0
0.900836 -0.434157 0.00127417 91.0422 0.434129 0.900737 -0.0143231 38.7696 0.00507078 0.0134559 0.999897 0
0.871495 -0.490374 0.00556648 91.4582 0.490404 0.871414 -0.0118912 39.0049 0.000980407 0.0130929 0.999914 0
0.83988 -0.542699 0.00898115 91.8428 0.542761 0.839854 -0.0074208 39.271 -0.0035156 0.0111072 0.999932 0
0.80907 -0.587621 0.0103999 92.1756 0.587673 0.809095 -0.00262763 39.5344 -0.00687047 0.00823768 0.999943 0
0.779607 -0.626187 0.0101613 92.5106 0.626185 0.779665 0.00370422 39.7927 -0.010242 0.00347503 0.999942 0
0.75611 -0.654415 0.00624148 92.8832 0.654373 0.756134 0.00758037 40.0136 -0.0096801 -0.00164734 0.999952 0
0.740939 -0.671561 0.00376393 93.231 0.671531 0.740944 0.00692968 40.3607 -0.00744257 -0.00260688 0.999969 0
0.726552 -0.687098 0.00430819 93.5851 0.687077 0.726564 0.00544168 40.7016 -0.00686914 -0.000993612 0.999976 0
0.714813 -0.699263 0.0085617 93.9464 0.699259 0.714858 0.00399341 41.0155 -0.00891284 0.00313229 0.999955 0
0.706092 -0.708069 0.0084687 94.3134 0.708068 0.706134 0.003632 41.326 -0.00855175 0.00343189 0.999958 0
0.699916 -0.714217 0.00346719 94.6687 0.71419 0.699921 0.00658819 41.7355 -0.00713215 -0.00213495 0.999972 0
0.695449 -0.718575 -0.000760747 94.9792 0.718536 0.695399 0.0112534 42.1265 -0.00755736 -0.00837276 0.999936 0
0.692009 -0.721873 -0.00476474 95.3067 0.721863 0.691914 0.013008 42.5135 -0.00609331 -0.0124411 0.999904 0
0.690523 -0.723281 -0.00650678 95.6794 0.723306 0.69046 0.00971002 42.8926 -0.0025304 -0.0114114 0.999932 0
0.69167 -0.722193 -0.00556821 96.0485 0.722214 0.691656 0.00437061 43.2665 0.000694866 -0.00704446 0.999975 0
0.695458 -0.718544 -0.00578295 96.4318 0.718552 0.695473 -0.000939948 43.6828 0.00469728 -0.00350165 0.999983 0
0.699033 -0.715041 -0.00828764 96.8339 0.715034 0.699076 -0.00427333 44.0956 0.0088493 -0.00293876 0.999957 0
0.702618 -0.71144 -0.0134594 97.2376 0.711483 0.7027 -0.00216416 44.5164 0.0109976 -0.00805553 0.999907 0
0.705861 -0.708122 -0.0179875 97.6823 0.708296 0.705893 0.00555438 44.9614 0.00876409 -0.0166611 0.999823 0
0.708941 -0.705132 -0.0138341 98.1243 0.705255 0.70891 0.00787387 45.3856 0.00425498 -0.0153387 0.999873 0
0.712122 -0.701948 -0.0122928 98.5706 0.702053 0.71197 0.0148439 45.8431 -0.0016675 -0.0192009 0.999814 0
0.715978 -0.698033 -0.011224 99.0023 0.698049 0.715575 0.0260978 46.2907 -0.0101855 -0.0265204 0.999596 0
0.718575 -0.695373 -0.0103236 99.4502 0.695302 0.718037 0.0312772 46.6874 -0.0143366 -0.0296531 0.999457 0
0.719322 -0.694596 -0.0105757 99.9544 0.694577 0.718877 0.0278941 47.176 -0.0117725 -0.0274105 0.999555 0
0.718928 -0.694946 -0.0138973 100.445 0.695068 0.718629 0.021284 47.6374 -0.00480422 -0.0249613 0.999677 0
0.7181 -0.69575 -0.0162558 100.935 0.695937 0.717961 0.0142559 48.12 0.00175249 -0.0215501 0.999766 0
0.716254 -0.697579 -0.0190942 101.43 0.697808 0.716213 0.0100944 48.6178 0.00663386 -0.0205543 0.999767 0
0.714184 -0.699702 -0.0189382 101.929 0.699931 0.714132 0.0105685 49.1134 0.00612957 -0.0208032 0.999765 0
0.712424 -0.701564 -0.0161008 102.424 0.701748 0.712276 0.0145778 49.6003 0.00124091 -0.0216843 0.999764 0
0.71058 -0.703495 -0.0130599 102.978 0.703583 0.710247 0.0227904 50.1343 -0.00675718 -0.0253832 0.999655 0
0.708938 -0.705187 -0.0108491 103.483 0.70519 0.708542 0.0259834 50.6424 -0.0106361 -0.0260713 0.999604 0
0.708274 -0.705771 -0.0153381 103.993 0.705895 0.707827 0.0263132 51.1864 -0.00771439 -0.0294641 0.999536 0
0.706086 -0.70787 -0.0190594 104.512 0.708121 0.705723 0.0227992 51.7374 -0.00268819 -0.0295946 0.999558 0
0.703245 -0.710508 -0.024986 105.072 0.710945 0.702906 0.0219259 52.3132 0.00198428 -0.0331829 0.999447 0
0.700038 -0.713534 -0.028554 105.639 0.714097 0.699664 0.0231598 52.8852 0.00345285 -0.0366031 0.999324 0
0.69738 -0.716211 -0.0265192 106.219 0.716699 0.696997 0.0231882 53.4626 0.00187618 -0.0351772 0.999379 0
0.695066 -0.718566 -0.0233871 106.789 0.718944 0.69461 0.0252464 54.0481 -0.00189629 -0.0343619 0.999408 0
0.693732 -0.719955 -0.0200319 107.365 0.720212 0.693232 0.0268874 54.6418 -0.00547095 -0.0330799 0.999438 0
0.693158 -0.720667 -0.013108 107.955 0.720752 0.692833 0.0223521 55.2408 -0.00702677 -0.0249412 0.999664 0
0.693386 -0.72046 -0.0124157 108.526 0.720522 0.693049 0.0230248 55.8418 -0.00798375 -0.0249108 0.999658 0
0.693537 -0.720333 -0.0113051 109.079 0.720382 0.693248 0.0213867 56.4513 -0.00756833 -0.0229765 0.999707 0
0.693986 -0.719819 -0.0156202 109.64 0.719966 0.693633 0.0228537 57.0549 -0.00561587 -0.0271062 0.999617 0
0.694865 -0.718842 -0.0207087 110.223 0.719132 0.694435 0.0246819 57.6868 -0.00336156 -0.0320429 0.999481 0
0.695939 -0.717568 -0.0276547 110.795 0.718092 0.695223 0.0317608 58.2866 -0.00356435 -0.0419622 0.999113 0
0.697701 -0.715684 -0.0317637 111.401 0.716371 0.69668 0.0380815 58.909 -0.00512523 -0.0493241 0.99877 0
0.700206 -0.713181 -0.0329335 111.97 0.713924 0.69913 0.0391159 59.5138 -0.00487195 -0.0509012 0.998692 0
0.702012 -0.71142 -0.0325808 112.581 0.712159 0.701075 0.0363732 60.1551 -0.00303499 -0.0487372 0.998807 0
0.703722 -0.70992 -0.0280748 113.225 0.71047 0.703024 0.0314587 60.8008 -0.0025959 -0.0420845 0.999111 0
0.703298 -0.710505 -0.0235517 113.833 0.71089 0.702771 0.0273625 61.4129 -0.00288976 -0.0359867 0.999348 0
0.703499 -0.710368 -0.0216079 114.454 0.710689 0.703027 0.0259616 62.0394 -0.00325129 -0.0336205 0.999429 0
0.705144 -0.708725 -0.0219444 115.049 0.709042 0.704535 0.0298322 62.649 -0.00568223 -0.0365955 0.999314 0
0.706208 -0.707664 -0.0219551 115.66 0.70793 0.705343 0.036422 63.273 -0.0102887 -0.0412642 0.999095 0
0.706948 -0.706926 -0.0219104 116.252 0.707106 0.70579 0.0431552 63.8905 -0.0150434 -0.0460015 0.998828 0
0.707081 -0.706806 -0.0214781 116.853 0.707025 0.706121 0.0388382 64.4973 -0.0122849 -0.0426474 0.999015 0
0.707777 -0.706015 -0.0243712 117.45 0.706436 0.707345 0.0247206 65.0604 -0.000214302 -0.0347134 0.999397 0
0.706992 -0.706626 -0.0290251 118.02 0.707123 0.706984 0.0122837 65.6362 0.0118403 -0.0292088 0.999503 0
0.7066 -0.707108 -0.0267281 118.658 0.707575 0.706451 0.0162697 66.2646 0.00737766 -0.0304083 0.99951 0
0.705482 -0.708492 -0.0182649 119.255 0.708697 0.704975 0.0275457 66.871 -0.0066396 -0.0323773 0.999454 0
0.703765 -0.710433 0.000357426 119.911 0.709827 0.703186 0.0409312 67.5288 -0.0293302 -0.0285522 0.999162 0
0.703304 -0.710889 0.000257695 120.456 0.71036 0.702795 0.0383085 68.0711 -0.0274142 -0.0267595 0.999266 0
0.702732 -0.711364 -0.0113289 120.983 0.711273 0.702105 0.0337475 68.6474 -0.0160527 -0.0317734 0.999366 0
0.702021 -0.711904 -0.0189614 121.574 0.712151 0.701674 0.0222339 69.2383 -0.0025237 -0.029112 0.999573 0
0.700722 -0.712951 -0.0262665 122.157 0.713413 0.70051 0.0181019 69.8406 0.00549415 -0.0314233 0.999491 0
0.698605 -0.715086 -0.0245366 122.775 0.715505 0.698284 0.0212703 70.4821 0.00192341 -0.0324156 0.999473 0
0.695307 -0.718519 -0.0166726 123.307 0.718707 0.695027 0.0199208 71.0593 -0.00272557 -0.0258338 0.999663 0
0.69291 -0.720881 -0.0143732 123.895 0.721021 0.692703 0.0170626 71.6625 -0.00234368 -0.0221862 0.999751 0
0.690444 -0.723172 -0.0176016 124.425 0.723385 0.69019 0.0187478 72.2399 -0.0014094 -0.025677 0.999669 0
0.688092 -0.725347 -0.0200287 124.986 0.725622 0.687779 0.0207799 72.8757 -0.00129732 -0.0288318 0.999583 0
0.686615 -0.726727 -0.020681 125.538 0.727012 0.686188 0.0244652 73.4634 -0.00358844 -0.0318336 0.999487 0
0.685519 -0.727767 -0.0204481 126.108 0.728018 0.684932 0.0293067 74.0636 -0.00732293 -0.0349769 0.999361 0
0.68514 -0.728164 -0.0189706 126.675 0.728354 0.684528 0.0303567 74.6387 -0.00911878 -0.0346159 0.999359 0
0.683123 -0.730054 -0.0190755 127.22 0.730285 0.682692 0.0247863 75.2452 -0.0050726 -0.0308627 0.999511 0
0.68015 -0.732817 -0.0193701 127.762 0.733072 0.679897 0.0185757 75.838 -0.000442881 -0.026834 0.99964 0
0.67538 -0.737211 -0.0195285 128.285 0.737468 0.675193 0.015954 76.4311 0.00142406 -0.0251767 0.999682 0
0.669351 -0.742735 -0.0177253 128.819 0.742946 0.669125 0.0174098 77.0593 -0.00107046 -0.0248222 0.999691 0
0.664694 -0.746992 -0.0135885 129.359 0.747052 0.664291 0.0251023 77.6555 -0.00972445 -0.0268367 0.999593 0
0.66124 -0.750156 -0.0053405 129.932 0.749868 0.660749 0.0332922 78.2565 -0.0214456 -0.0260188 0.999431 0
0.658413 -0.752648 -0.00359672 130.451 0.752206 0.657845 0.0377529 78.8539 -0.0260486 -0.0275625 0.999281 0
0.654897 -0.755705 -0.0045436 130.943 0.755323 0.654348 0.036267 79.4589 -0.0244341 -0.027183 0.999332 0
0.649921 -0.75997 -0.00701177 131.439 0.75981 0.649522 0.0284623 80.07 -0.0170762 -0.0238259 0.99957 0
0.644324 -0.764681 -0.010478 131.953 0.764735 0.644156 0.0155766 80.706 -0.00516167 -0.0180493 0.999824 0
0.638661 -0.769326 -0.0157918 132.491 0.769486 0.638472 0.0156608 81.3724 -0.00196568 -0.0221535 0.999753 0
0.633044 -0.773959 -0.0155804 132.996 0.774087 0.632718 0.021379 82.0272 -0.00668847 -0.0255944 0.99965 0
0.626904 -0.778955 -0.0148415 133.493 0.779046 0.626534 0.0232679 82.6652 -0.00882591 -0.026149 0.999619 0
0.619254 -0.784956 -0.0192012 133.992 0.785173 0.618892 0.0218261 83.3015 -0.00524907 -0.0285922 0.999577 0
0.611802 -0.790697 -0.0222654 134.486 0.79101 0.611514 0.0187956 83.9478 -0.00124607 -0.0291114 0.999575 0
0.605149 -0.795793 -0.0225353 135.002 0.796112 0.604889 0.0177543 84.6375 -0.000497427 -0.0286846 0.999588 0
0.599278 -0.800194 -0.0235676 135.47 0.800517 0.598773 0.0253528 85.3073 -0.00617548 -0.0340597 0.999401 0
0.592642 -0.805128 -0.0233246 135.955 0.805383 0.591918 0.0314773 85.9819 -0.011537 -0.03744 0.999232 0
0.585998 -0.810061 -0.0201709 136.44 0.810114 0.585121 0.0367286 86.6439 -0.0179499 -0.0378636 0.999122 0
0.580665 -0.813963 -0.0171046 136.92 0.813838 0.579746 0.0395138 87.3079 -0.0222465 -0.0368647 0.999073 0
0.576726 -0.816768 -0.0166591 137.4 0.816623 0.575818 0.039501 87.9874 -0.0226705 -0.0363855 0.999081 0
0.573412 -0.81895 -0.0227772 137.884 0.819116 0.572549 0.0351685 88.6819 -0.0157602 -0.0388232 0.999122 0
0.570574 -0.820651 -0.0312489 138.328 0.821209 0.569776 0.0311482 89.3438 -0.00775694 -0.0434343 0.999026 0
0.568233 -0.822096 -0.0356274 138.792 0.822863 0.567551 0.0279732 90.0164 -0.00277626 -0.0452118 0.998974 0
0.565562 -0.823837 -0.0378487 139.256 0.824701 0.5648 0.0294948 90.7055 -0.0029219 -0.047895 0.998848 0
0.563446 -0.825393 -0.0354239 139.727 0.826077 0.562293 0.0377315 91.4211 -0.0112247 -0.0505226 0.99866 0
0.56094 -0.827272 -0.0311023 140.194 0.82754 0.559292 0.0486714 92.1274 -0.0228692 -0.0530401 0.998331 0
0.556715 -0.8303 -0.0258973 140.637 0.8303 0.555202 0.048495 92.7942 -0.0258872 -0.0485004 0.998488 0
0.552384 -0.833293 -0.0222471 141.072 0.833284 0.55126 0.0418331 93.4365 -0.0225953 -0.0416461 0.998877 0
0.546375 -0.837225 -0.0229947 141.513 0.837453 0.545714 0.0294583 94.1392 -0.0121147 -0.0353523 0.999302 0
0.540964 -0.840581 -0.0279692 141.973 0.840999 0.54028 0.0286103 94.8528 -0.0089381 -0.0389992 0.999199 0
0.534522 -0.844587 -0.0309528 142.407 0.84507 0.533594 0.0336824 95.5734 -0.0119315 -0.0441613 0.998953 0
0.528053 -0.848981 -0.0197875 142.863 0.848986 0.527233 0.0353234 96.308 -0.0195563 -0.035452 0.99918 0
0.522453 -0.852639 -0.00713305 143.301 0.852327 0.521989 0.0326404 96.98 -0.0241071 -0.0231328 0.999442 0
0.517403 -0.855739 0.00224872 143.734 0.855362 0.51725 0.0284511 97.7078 -0.0255098 -0.0127972 0.999593 0
0.51204 -0.858937 0.00649499 144.145 0.858704 0.512057 0.02062 98.3945 -0.0210371 -0.00498099 0.999766 0
0.50721 -0.861778 0.0087462 144.574 0.861732 0.507277 0.0093132 99.0894 -0.0124627 0.00281313 0.999918 0
0.501741 -0.864988 0.00726367 145.019 0.865011 0.501753 -5.22132e-05 99.7873 -0.00359941 0.00630935 0.999974 0
0.495861 -0.868396 -0.00318864 145.446 0.868391 0.495834 0.00675966 100.518 -0.00428903 -0.00612085 0.999972 0
0.491119 -0.871079 -0.00487367 145.872 0.870903 0.490888 0.0235768 101.306 -0.0181448 -0.0158235 0.99971 0
0.486021 -0.873947 0.000173798 146.288 0.873474 0.485764 0.032818 102.06 -0.0287656 -0.0157984 0.999461 0
0.482186 -0.876059 0.00422099 146.68 0.87549 0.482037 0.0340136 102.82 -0.0318326 -0.0127055 0.999413 0
0.480527 -0.876979 -0.000973472 147.073 0.876693 0.480341 0.0260928 103.555 -0.0224152 -0.0133917 0.999659 0
0.479459 -0.877493 -0.0111575 147.449 0.877495 0.479224 0.0186139 104.28 -0.0109866 -0.0187153 0.999765 0
0.477917 -0.878237 -0.0171917 147.824 0.878397 0.477736 0.0136645 105.022 -0.00378754 -0.0216317 0.999759 0
0.476638 -0.878977 -0.0146602 148.226 0.879088 0.47648 0.0130504 105.749 -0.00448569 -0.0191079 0.999807 0
0.47612 -0.879305 -0.0115103 148.652 0.87931 0.475875 0.0188848 106.512 -0.011128 -0.0191126 0.999756 0
0.475743 -0.87954 -0.00885742 149.058 0.879367 0.475378 0.0270134 107.284 -0.0195487 -0.0206404 0.999596 0
0.474487 -0.880257 -0.00296406 149.455 0.879926 0.47421 0.0292383 108.061 -0.0243316 -0.0164813 0.999568 0
0.472274 -0.881447 0.0028559 149.844 0.881256 0.472235 0.019572 108.779 -0.0186004 -0.0067266 0.999804 0
0.471019 -0.882097 0.00682325 150.246 0.882108 0.471042 0.00212831 109.492 -0.00509141 0.00501637 0.999975 0
0.470291 -0.88245 0.010401 150.66 0.882504 0.470205 -0.00972017 110.231 0.00368694 0.0137503 0.999899 0
0.47001 -0.882625 0.00798969 151.067 0.882644 0.469925 -0.0104493 110.973 0.00546822 0.0119633 0.999914 0
0.468934 -0.883224 0.00405134 151.482 0.88323 0.468939 0.000424844 111.749 -0.00227506 0.00337904 0.999992 0
0.466187 -0.884659 0.00693978 151.883 0.884603 0.466236 0.0100513 112.552 -0.0121275 0.00145317 0.999925 0
0.463948 -0.885745 0.0144541 152.258 0.885736 0.464095 0.00935512 113.35 -0.0149943 0.00846222 0.999852 0
0.46459 -0.885449 0.0117026 152.645 0.885491 0.464648 0.00267486 114.099 -0.00780605 0.00911987 0.999928 0
0.465419 -0.885074 0.0053998 153.013 0.885081 0.465434 0.00177009 114.84 -0.00407991 0.00395542 0.999984 0
0.465433 -0.885082 0.00150503 153.395 0.885075 0.465436 0.00352045 115.569 -0.00381638 -0.00030648 0.999993 0
0.465104 -0.885256 0.000381357 153.778 0.885236 0.465096 0.0064764 116.293 -0.00591064 -0.00267461 0.999979 0
0.463735 -0.885972 -0.00181445 154.157 0.885886 0.463659 0.0150364 117.022 -0.0124806 -0.00858031 0.999885 0
0.462823 -0.886451 -0.000594139 154.519 0.886332 0.46275 0.0167051 117.767 -0.0145333 -0.00825812 0.99986 0
0.462122 -0.886815 0.00179945 154.882 0.886744 0.462109 0.0118269 118.513 -0.0113198 -0.00386982 0.999928 0
0.461861 -0.886948 0.00259956 155.247 0.886937 0.461869 0.00439176 119.247 -0.00509592 0.000277256 0.999987 0
0.461591 -0.887088 -0.00299452 155.629 0.887091 0.461581 0.00337217 119.976 -0.0016092 -0.00421298 0.99999 0
0.460511 -0.887601 -0.00975785 156.017 0.887626 0.460382 0.0129676 120.703 -0.0070177 -0.014633 0.999868 0
0.458272 -0.88881 -0.00215031 156.387 0.888591 0.458102 0.0234209 121.412 -0.0198317 -0.0126439 0.999723 0
0.456861 -0.889513 0.00661092 156.728 0.889205 0.456881 0.0239447 122.079 -0.0243195 -0.00506094 0.999691 0
0.45647 -0.88971 0.00719762 157.073 0.889525 0.456523 0.0182062 122.777 -0.0194841 -0.00190814 0.999808 0
0.457108 -0.889407 0.00279339 157.413 0.889331 0.457106 0.012044 123.448 -0.0119889 -0.00302116 0.999924 0
0.458093 -0.888902 -0.00206206 157.732 0.888885 0.458066 0.00771605 124.105 -0.00591425 -0.00536761 0.999968 0
0.459044 -0.88836 -0.00976822 158.026 0.88841 0.458983 0.00788763 124.69 -0.00252361 -0.012299 0.999921 0
0.46138 -0.887135 -0.0109472 158.322 0.887203 0.461349 0.00528665 125.272 0.000360501 -0.0121515 0.999926 0
0.464966 -0.885256 -0.0113017 158.625 0.885327 0.464951 0.00413036 125.857 0.00159829 -0.0119261 0.999928 0
0.469848 -0.882689 -0.0100985 158.935 0.882745 0.469793 0.0074662 126.466 -0.00184613 -0.0124224 0.999921 0
0.47535 -0.87977 -0.00692175 159.258 0.879751 0.47523 0.0139836 127.062 -0.00901292 -0.0127365 0.999878 0
0.480409 -0.877021 -0.00642631 159.597 0.876891 0.480175 0.0222219 127.67 -0.0164033 -0.0163108 0.999732 0
0.485716 -0.874078 -0.00828683 159.905 0.873968 0.485436 0.023087 128.252 -0.0161571 -0.0184561 0.999699 0
0.491751 -0.87068 -0.00990087 160.196 0.87069 0.491576 0.0158823 128.811 -0.0089614 -0.0164307 0.999825 0
0.498221 -0.866962 -0.0123844 160.502 0.86705 0.498175 0.00679041 129.377 0.000282566 -0.014121 0.9999 0
0.504851 -0.863019 -0.0179775 160.826 0.863176 0.504898 0.00217805 129.941 0.0071971 -0.0166173 0.999836 0
0.511304 -0.859201 -0.0185078 161.198 0.85938 0.511319 0.00425861 130.531 0.00580441 -0.0180827 0.99982 0
0.51678 -0.855988 -0.0149438 161.549 0.856116 0.516744 0.00648747 131.096 0.00216892 -0.0161462 0.999867 0
0.522119 -0.852829 -0.00863227 161.904 0.852867 0.522052 0.00890227 131.65 -0.00308562 -0.0120102 0.999923 0
0.527234 -0.849718 -0.00217578 162.269 0.84969 0.527191 0.00982183 132.191 -0.00719873 -0.00702714 0.999949 0
0.530674 -0.847575 -0.0012356 162.602 0.84753 0.53063 0.0111228 132.723 -0.0087718 -0.00694982 0.999937 0
0.530453 -0.84771 -0.00290651 162.934 0.847668 0.530385 0.0122439 133.254 -0.00883767 -0.00895855 0.999921 0
0.530746 -0.847529 -0.00170112 163.286 0.847461 0.530675 0.0139316 133.843 -0.0109047 -0.00883576 0.999902 0
0.53074 -0.847534 0.000862559 163.639 0.847431 0.530691 0.0150822 134.426 -0.0132405 -0.0072738 0.999886 0
0.530925 -0.847419 0.000534881 163.999 0.847292 0.530856 0.0169342 135.003 -0.0146343 -0.00853757 0.999857 0
0.530673 -0.847539 -0.00792556 164.349 0.847503 0.530481 0.01812 135.568 -0.0111531 -0.0163328 0.999804 0
0.529931 -0.847897 -0.0156597 164.684 0.848029 0.529732 0.0152111 136.123 -0.00460195 -0.0213407 0.999762 0
0.528168 -0.848944 -0.0182114 165.006 0.84913 0.528143 0.0065646 136.661 0.00404527 -0.0189311 0.999813 0
0.524807 -0.851076 -0.0157449 165.345 0.851164 0.524896 -0.00183263 137.215 0.00982412 -0.0124397 0.999874 0
0.521171 -0.85332 -0.0150415 165.686 0.853421 0.521221 0.000642086 137.794 0.00729203 -0.0131714 0.999887 0
0.517477 -0.855581 -0.01409 166.007 0.855694 0.517363 0.0110715 138.406 -0.00218293 -0.017786 0.999839 0
0.514084 -0.857725 -0.00503286 166.374 0.857578 0.513864 0.0224264 139.02 -0.0166494 -0.0158451 0.999736 0
0.510682 -0.859756 0.00487467 166.748 0.859297 0.51058 0.030284 139.638 -0.0285258 -0.0112767 0.999529 0
0.50837 -0.861126 0.00469322 167.111 0.860692 0.508274 0.0294316 140.229 -0.0277298 -0.0109227 0.999556 0
0.506615 -0.862172 0.000689912 167.458 0.861897 0.506474 0.0248686 140.834 -0.0217905 -0.0120042 0.999691 0
0.504006 -0.863696 -0.00271786 167.808 0.863569 0.503872 0.0190144 141.442 -0.0150532 -0.0119304 0.999816 0
0.501658 -0.865066 -0.000648418 168.157 0.865016 0.501621 0.0111703 142.048 -0.00933775 -0.00616455 0.999937 0
0.500508 -0.865706 0.00676664 168.505 0.865688 0.500546 0.00618022 142.639 -0.00873727 0.00276454 0.999958 0
0.49968 -0.866067 0.0157457 168.861 0.866119 0.499808 0.00542136 143.245 -0.0125651 0.0109287 0.999861 0
0.498798 -0.866446 0.0217213 169.226 0.86654 0.499047 0.00780876 143.854 -0.0176058 0.0149274 0.999734 0
0.497814 -0.866967 0.0234424 169.572 0.867091 0.498091 0.00761861 144.464 -0.0182816 0.0165341 0.999696 0
0.497116 -0.86731 0.0254691 169.92 0.867548 0.497344 0.0031328 145.042 -0.015384 0.0205383 0.999671 0
0.49653 -0.867488 0.0303683 170.272 0.867928 0.496681 -0.00287372 145.626 -0.0125905 0.0277844 0.999535 0
0.496018 -0.867723 0.0319911 170.608 0.868228 0.496146 -0.00438027 146.231 -0.0120714 0.0299483 0.999479 0
