0.477284 -0.878556 0.0184031 0.681433 0.878745 0.477243 -0.00686302 0.552625 -0.00275319 0.0194472 0.999807 0
0.471936 -0.881305 0.0240415 1.06276 0.881628 0.471675 -0.0159448 1.5364 0.00271243 0.0287206 0.999584 0
0.470601 -0.88209 0.0212797 1.47771 0.882338 0.470356 -0.0156426 2.32357 0.00378919 0.0261373 0.999651 0
0.469528 -0.882662 0.0212257 1.89522 0.882913 0.46931 -0.0146055 3.11811 0.00293029 0.0255981 0.999668 0
0.468266 -0.883306 0.0223282 2.31618 0.883586 0.468073 -0.013499 3.91851 0.00147253 0.0260501 0.99966 0
0.46727 -0.883811 0.0231607 2.73767 0.884115 0.467094 -0.0128302 4.72508 0.000521265 0.0264719 0.999649 0
0.465997 -0.884494 0.0227478 3.16032 0.884786 0.465818 -0.0129346 5.53606 0.000844248 0.0261544 0.999658 0
0.464973 -0.885015 0.0234223 3.58467 0.885323 0.464753 -0.0144285 6.35132 0.0018838 0.0274452 0.999622 0
0.464133 -0.885427 0.0244883 4.01061 0.885764 0.4639 -0.0147944 7.17169 0.00173926 0.0285574 0.999591 0
0.463792 -0.885594 0.0248975 4.43687 0.885944 0.46363 -0.0122723 7.99821 -0.000674972 0.0277496 0.999615 0
0.464035 -0.885444 0.0256945 4.8643 0.885807 0.463972 -0.00871925 8.82998 -0.00420112 0.0268064 0.999632 0
0.464948 -0.885116 0.0198195 5.28232 0.885255 0.465095 0.00327897 9.67033 -0.0121202 0.0160208 0.999798 0
0.466186 -0.884433 0.0211729 5.73194 0.884569 0.466381 0.00516285 10.4913 -0.0144408 0.016322 0.999762 0
0.46735 -0.883836 0.0204579 6.18046 0.883964 0.46753 0.00483777 11.3242 -0.0138405 0.0158231 0.999779 0
0.46836 -0.883361 0.0176822 6.62734 0.883475 0.468471 0.00250564 12.1694 -0.010497 0.0144483 0.99984 0
0.469344 -0.882885 0.0151598 7.07281 0.882993 0.469385 -0.000951432 13.0258 -0.00627578 0.0138325 0.999885 0
0.470243 -0.882405 0.015255 7.5193 0.882525 0.470258 -0.00282506 13.8923 -0.00468095 0.0147914 0.99988 0
0.470498 -0.882215 0.0180982 7.96761 0.882369 0.470556 -0.00118195 14.7672 -0.00747347 0.0165254 0.999835 0
0.469987 -0.882404 0.0217908 8.42175 0.882592 0.470136 0.00198368 15.643 -0.0119951 0.0183001 0.999761 0
0.469168 -0.882681 0.0275072 8.88208 0.882998 0.469375 0.00123597 16.517 -0.0140022 0.0237089 0.999621 0
0.468013 -0.883175 0.0310818 9.34697 0.88364 0.468159 -0.00287119 17.3899 -0.0120154 0.0288088 0.999513 0
0.466709 -0.883906 0.0298757 9.81237 0.884372 0.466738 -0.00643338 18.2648 -0.00825759 0.0294237 0.999533 0
0.465161 -0.884789 0.0278 10.28 0.885209 0.465119 -0.0083566 19.1422 -0.0055365 0.028496 0.999579 0
0.463825 -0.885505 0.0273378 10.7512 0.885911 0.463783 -0.00824754 20.0226 -0.00537558 0.0280443 0.999592 0
0.462729 -0.886107 0.0264035 11.2243 0.886467 0.462764 -0.00513171 20.9054 -0.00767135 0.0257804 0.999638 0
0.456761 -0.889133 0.0284927 11.679 0.889538 0.456845 -0.00386431 21.8308 -0.00958085 0.0271104 0.999587 0
0.460419 -0.887238 0.0286861 12.141 0.887618 0.46058 -0.00112254 22.7345 -0.0122163 0.0259791 0.999588 0
0.459965 -0.887399 0.0309087 12.599 0.88782 0.46019 0.000191902 23.6271 -0.0143942 0.0273531 0.999522 0
0.459709 -0.887571 0.0297513 13.0549 0.887896 0.460024 0.00435399 24.5212 -0.0175508 0.0244145 0.999548 0
0.462294 -0.886254 0.0289578 13.5025 0.88656 0.461326 -0.0345014 25.423 0.017218 0.0416226 0.998985 0
0.458536 -0.888257 0.027279 13.9633 0.888663 0.458151 -0.0193755 26.321 0.00471257 0.0331262 0.99944 0
0.455499 -0.889837 0.0266799 14.4209 0.89023 0.455404 -0.00987743 27.2133 -0.00336082 0.0282504 0.999595 0
0.454272 -0.89049 0.0257603 14.8772 0.890747 0.45449 0.00300255 28.1006 -0.0143815 0.0215819 0.999664 0
0.450505 -0.892296 0.0292191 15.335 0.892355 0.451055 0.0158777 28.9834 -0.027347 0.0189208 0.999447 0
0.449305 -0.893256 0.0147879 15.7687 0.893362 0.449334 -0.00150247 29.8762 -0.00530262 0.013886 0.99989 0
0.454302 -0.890644 0.0190519 16.2366 0.890702 0.45451 0.00835197 30.7502 -0.0160979 0.0131752 0.999784 0
0.458333 -0.88858 0.0188878 16.6951 0.888491 0.458623 0.0157841 31.6237 -0.0226878 0.00954729 0.999697 0
0.493517 -0.869507 0.0199457 17.1297 0.869474 0.493802 0.0132375 32.5151 -0.0213593 0.0108093 0.999713 0
0.458248 -0.888442 0.0260762 17.5759 0.888299 0.458789 0.0209486 33.3824 -0.0305751 0.0135638 0.99944 0
0.472355 -0.880478 0.0404805 18.0212 0.880756 0.473275 0.0167522 34.2517 -0.0339083 0.0277405 0.99904 0
0.469118 -0.880556 0.0674427 18.4653 0.878851 0.472992 0.0624483 35.1225 -0.0868891 0.0299764 0.995767 0
0.427152 -0.903257 0.0408412 18.9096 0.90301 0.423867 -0.070067 35.9955 0.0459773 0.0668092 0.996706 0
0.431111 -0.90102 0.0480217 19.3538 0.901506 0.427891 -0.0647732 36.8622 0.0378138 0.0712163 0.996744 0
0.441326 -0.896847 0.0299447 19.7744 0.897132 0.441704 0.00713992 37.7139 -0.0196301 0.0237134 0.999526 0
0.480456 -0.876243 0.0368852 20.2246 0.876692 0.481 0.00708806 38.5753 -0.0239527 0.0289315 0.999294 0
0.454913 -0.889426 0.0444424 20.6708 0.890072 0.45572 0.00955641 39.4352 -0.028753 0.0352096 0.998966 0
0.454074 -0.890054 0.0402568 21.0826 0.890949 0.453336 -0.0264017 40.3036 0.00524911 0.047855 0.998841 0
0.451762 -0.890308 0.0571171 21.507 0.89175 0.452527 0.000514073 41.1517 -0.0263047 0.050702 0.998367 0
0.450692 -0.892588 0.0127793 21.9302 0.892443 0.450856 0.0165569 41.9901 -0.0205401 0.0039427 0.999781 0
0.449712 -0.892542 0.033581 22.3453 0.893076 0.4499 -0.00216043 42.8208 -0.0131798 0.0309619 0.999434 0
0.448855 -0.893131 0.0290838 22.7524 0.893551 0.448947 -0.003663 43.6439 -0.00978553 0.027632 0.99957 0
0.448128 -0.893577 0.0265014 23.1517 0.893908 0.448247 -0.00157124 44.4571 -0.0104751 0.0243939 0.999648 0
0.447108 -0.894116 0.0255221 23.5441 0.894399 0.44727 0.000742454 45.2565 -0.0120791 0.022495 0.999674 0
0.446022 -0.894689 0.0244146 23.9291 0.894942 0.44618 0.00115953 46.0421 -0.0119307 0.0213325 0.999701 0
0.444944 -0.895241 0.0238395 24.3067 0.895486 0.445089 0.000865122 46.8147 -0.0113852 0.020963 0.999715 0
0.442732 -0.895978 0.0347973 24.6747 0.896541 0.44296 -0.00130376 47.5593 -0.0142457 0.0317744 0.999394 0
0.441957 -0.896723 0.0236995 25.0413 0.896968 0.442096 0.000671718 48.3112 -0.0110798 0.0209608 0.999719 0
0.440586 -0.897376 0.0244846 25.393 0.897649 0.440711 -0.000308305 49.0449 -0.010514 0.0221144 0.9997 0
0.439567 -0.897854 0.0252703 25.7377 0.898124 0.439739 0.00143145 49.7673 -0.0123976 0.0220667 0.99968 0
0.43782 -0.898673 0.0264794 26.075 0.898938 0.438059 0.00372371 50.4795 -0.014946 0.0221731 0.999642 0
0.436484 -0.899276 0.0280027 26.4063 0.899533 0.436807 0.00636625 51.1799 -0.0179568 0.0224106 0.999588 0
0.441155 -0.897122 0.0235343 26.7249 0.897327 0.441352 0.00365797 51.862 -0.0136685 0.0195042 0.999716 0
0.438245 -0.89863 0.0201121 27.0411 0.898802 0.438353 0.00107157 52.533 -0.00977914 0.0176072 0.999797 0
0.435015 -0.900256 0.0173175 27.3507 0.900406 0.435044 -0.00229739 53.1864 -0.00546564 0.0165922 0.999847 0
0.434003 -0.900746 0.0172677 27.6401 0.900911 0.433938 -0.00753488 53.8225 -0.000706116 0.0188269 0.999822 0
0.403803 -0.914542 0.0235684 27.9401 0.914706 0.404058 0.00707179 54.4457 -0.0159904 0.0187025 0.999697 0
0.445979 -0.894527 0.0303919 28.2178 0.894672 0.446515 0.0136691 55.0532 -0.0257979 0.0210946 0.999445 0
0.432283 -0.901114 0.0335518 28.4872 0.901197 0.433013 0.0185228 55.6275 -0.0312194 0.0222297 0.999265 0
0.427674 -0.903616 0.0239376 28.7665 0.903761 0.426927 -0.0308054 56.2077 0.0176166 0.0348085 0.999239 0
0.431376 -0.902172 -0.000509288 29.0234 0.901561 0.431105 -0.0365595 56.7391 0.0332025 0.0153117 0.999331 0
0.448666 -0.891248 -0.0661546 29.2896 0.89227 0.450904 -0.0232142 57.2813 0.050519 -0.0486123 0.997539 0
0.496043 -0.862268 -0.102154 29.5464 0.864782 0.50118 -0.0311532 57.8143 0.07806 -0.0728877 0.994281 0
0.487236 -0.87111 -0.0613823 29.8232 0.871945 0.489164 -0.0207494 58.332 0.048101 -0.0434121 0.997899 0
0.503923 -0.86313 -0.0326813 30.0841 0.86316 0.504616 -0.0178064 58.8249 0.0318607 -0.0192361 0.999307 0
0.596511 -0.787377 -0.155601 30.3331 0.793623 0.607567 -0.0320025 59.2997 0.119736 -0.104399 0.987301 0
0.56636 -0.821282 -0.0687947 30.5931 0.82219 0.568801 -0.0216596 59.7593 0.0569191 -0.0442952 0.997396 0
0.532587 -0.846002 0.0251324 30.8177 0.846372 0.532431 -0.0130964 60.1994 -0.00230164 0.0282463 0.999598 0
0.431543 -0.894334 0.118058 31.0226 0.900245 0.435327 0.00706037 60.6183 -0.0577084 0.103235 0.992982 0
0.315571 -0.925604 0.208978 31.227 0.942535 0.331227 0.0437748 61.0126 -0.109737 0.183155 0.97694 0
0.285154 -0.912329 0.293842 31.445 0.9454 0.318196 0.0704944 61.384 -0.157813 0.257697 0.953251 0
0.561299 -0.827031 0.03105 31.7481 0.827512 0.561422 -0.00541961 61.7809 -0.01295 0.0287362 0.999503 0
0.628178 -0.777293 0.0347678 32.0006 0.777889 0.628367 -0.00655164 62.102 -0.0167544 0.0311611 0.999374 0
0.580495 -0.813844 0.0261335 32.285 0.814242 0.580414 -0.0113679 62.4016 -0.00591651 0.027878 0.999594 0
0.618769 -0.785425 0.0152774 32.5753 0.785572 0.618687 -0.0101519 62.69 -0.00147834 0.0182832 0.999832 0
0.652375 -0.755039 0.0657428 32.8721 0.752009 0.655659 0.0677813 62.9659 -0.0942824 0.0052203 0.995532 0
0.694296 -0.717961 0.0498593 33.1788 0.714977 0.696007 0.0661982 63.2319 -0.0822301 -0.0103129 0.99656 0
0.7729 -0.632431 0.0515517 33.5188 0.634011 0.772996 -0.0225249 63.5087 -0.0256038 0.0500939 0.998416 0
0.803791 -0.594499 0.0221452 33.8438 0.594432 0.804081 0.0102071 63.726 -0.0238746 0.00495947 0.999703 0
0.840583 -0.541056 0.0260696 34.173 0.541074 0.840946 0.00694249 63.8834 -0.0256794 0.00826985 0.999636 0
0.871891 -0.48906 0.0250332 34.5251 0.489109 0.872211 0.00453103 64.0604 -0.0240502 0.00829342 0.999676 0
0.900063 -0.435169 0.0227095 34.8902 0.43525 0.900308 0.00148961 64.2562 -0.0210938 0.00854355 0.999741 0
0.925248 -0.378748 0.0215804 35.2544 0.378897 0.925433 -0.00315334 64.3877 -0.0187769 0.0110944 0.999762 0
0.945764 -0.324118 0.0218666 35.6284 0.324267 0.945959 -0.00355021 64.5244 -0.0195343 0.0104483 0.999755 0
0.961573 -0.273332 0.025847 36.0071 0.273448 0.961886 -0.00101593 64.6361 -0.0245842 0.0080447 0.999665 0
0.97561 -0.21783 0.0271162 36.3892 0.21789 0.975973 0.000754547 64.7222 -0.026629 0.0051722 0.999632 0
0.992957 -0.11377 0.0330522 36.7726 0.11382 0.993501 0.000391581 64.7806 -0.032882 0.00337317 0.999454 0
0.997687 -0.0597345 0.0324383 37.1558 0.0598779 0.9982 -0.00346639 64.8108 -0.0321728 0.00540071 0.999468 0
0.999469 -0.00821215 0.0315372 37.5372 0.00837476 0.999952 -0.00502739 64.8173 -0.0314944 0.00528883 0.99949 0
0.998666 0.0414893 0.0307382 37.9165 -0.0414537 0.999139 -0.00179475 64.8068 -0.0307862 0.000518145 0.999526 0
0.995612 0.0887244 0.0297574 38.2924 -0.088821 0.996046 0.00193643 64.7769 -0.0294679 -0.00457101 0.999555 0
0.992549 0.120035 0.0209049 38.6037 -0.119582 0.992586 -0.0217328 64.6176 -0.0233586 0.019071 0.999545 0
0.98541 0.168317 0.0252099 38.9727 -0.168142 0.985722 -0.00892917 64.5317 -0.0263529 0.00456004 0.999642 0
0.978163 0.206139 0.0265131 39.3612 -0.20569 0.978438 -0.0187248 64.4728 -0.0298013 0.0128624 0.999473 0
0.970505 0.239539 0.0272071 39.7509 -0.239055 0.970802 -0.019901 64.432 -0.0311798 0.0128101 0.999432 0
0.962248 0.270988 0.0253788 40.1341 -0.270742 0.962568 -0.0127223 64.3553 -0.0278764 0.00537093 0.999597 0
0.953807 0.299407 0.0246605 40.5213 -0.299429 0.954114 -0.00285697 64.2635 -0.0243843 -0.00465908 0.999692 0
0.945839 0.323801 0.0232561 40.9237 -0.323905 0.946089 0.00075033 64.1794 -0.0217594 -0.00824247 0.999729 0
0.937554 0.347225 0.0206748 41.3078 -0.347283 0.93776 -0.000866516 64.0242 -0.0196889 -0.0063676 0.999786 0
0.931073 0.364011 0.0244994 41.7187 -0.364772 0.930048 0.0441732 63.8888 -0.00670611 -0.0500652 0.998723 0
0.923427 0.383738 0.00524807 42.1039 -0.383473 0.922075 0.0522166 63.6735 0.0151984 -0.0502307 0.998622 0
0.895133 0.445673 -0.0105944 42.5154 -0.444595 0.89421 0.0521879 63.4784 0.0327323 -0.042005 0.998581 0
0.877616 0.478849 -0.0222127 42.9204 -0.476108 0.876111 0.0758338 63.2591 0.0557737 -0.0559774 0.996873 0
0.910262 0.411973 0.0412412 43.3347 -0.409694 0.910626 -0.0539516 63.0405 -0.0597819 0.0322138 0.997692 0
0.898878 0.436689 0.0363447 43.7624 -0.434923 0.899207 -0.0476277 62.8139 -0.0534799 0.0270044 0.998204 0
0.915068 0.399774 0.0532048 44.2052 -0.397193 0.916207 -0.0529415 62.5777 -0.0699113 0.0273125 0.997179 0
0.886588 0.462443 0.0103903 44.6956 -0.462321 0.886629 -0.012193 62.3457 -0.0148509 0.00600646 0.999872 0
0.882525 0.470178 0.00900952 45.1662 -0.470051 0.88254 -0.0132684 62.0917 -0.0141898 0.00747474 0.999871 0
0.87926 0.476215 0.010993 45.663 -0.476107 0.879317 -0.0110778 61.8464 -0.0149418 0.00450642 0.999878 0
0.877049 0.480289 0.0103311 46.1559 -0.480206 0.877104 -0.0095583 61.5737 -0.0136522 0.00342203 0.999901 0
0.874396 0.485107 0.01018 46.6649 -0.485038 0.874451 -0.0085545 61.2816 -0.0130518 0.00254232 0.999912 0
0.872157 0.489121 0.0101182 47.1919 -0.489059 0.872214 -0.0080204 60.967 -0.0127481 0.00204667 0.999917 0
0.870683 0.491752 0.0094937 47.7347 -0.491685 0.870731 -0.00857394 60.6483 -0.0124827 0.00279728 0.999918 0
0.870641 0.491845 0.00855665 48.2875 -0.491777 0.870676 -0.00884763 60.3286 -0.0118017 0.00349514 0.999924 0
0.864072 0.503309 0.00777498 48.8574 -0.503234 0.864095 -0.00977039 60.0056 -0.0116358 0.00452968 0.999922 0
0.86416 0.503182 0.00601526 49.4497 -0.503084 0.864144 -0.0126733 59.6825 -0.011575 0.00792555 0.999902 0
0.865388 0.501085 0.00414403 50.0542 -0.500966 0.865317 -0.0161057 59.3481 -0.0116562 0.0118617 0.999862 0
0.867111 0.498109 0.00235726 50.6724 -0.49798 0.866977 -0.0191625 59.0054 -0.0115887 0.0154421 0.999814 0
0.869809 0.493387 0.0010658 51.3051 -0.493259 0.869629 -0.0209863 58.6562 -0.0112812 0.0177283 0.999779 0
0.855647 0.517405 -0.0126322 51.974 -0.517162 0.855692 0.0183024 58.3147 0.0202791 -0.00912751 0.999753 0
0.83029 0.556528 -0.0299105 52.6443 -0.553026 0.829347 0.0796609 57.9584 0.0691398 -0.0496004 0.996373 0
0.810952 0.583859 -0.0382838 53.3088 -0.575607 0.807813 0.126943 57.5784 0.105043 -0.0809083 0.991171 0
0.804846 0.592066 -0.0410079 53.9939 -0.580837 0.8 0.150423 57.1962 0.121867 -0.0972488 0.987771 0
0.803244 0.59415 -0.0422376 54.7016 -0.580753 0.796944 0.166152 56.8123 0.13238 -0.108931 0.985195 0
0.844738 0.534553 -0.0258979 55.4112 -0.530739 0.842968 0.0878679 56.4155 0.0688011 -0.0604804 0.995795 0
0.833172 0.552043 -0.0327379 56.1282 -0.545216 0.82989 0.118415 56.0377 0.0925389 -0.0808105 0.992424 0
0.868737 0.495092 -0.0133963 56.844 -0.494375 0.868472 0.0367304 55.6709 0.0298193 -0.0252863 0.999235 0
0.901589 0.432351 0.0145146 57.562 -0.431021 0.900663 -0.0550217 55.3186 -0.0368615 0.0433508 0.99838 0
0.892398 0.451192 0.00722958 58.3071 -0.450963 0.892287 -0.021377 54.9431 -0.016096 0.0158165 0.999745 0
0.89901 0.437592 0.0171534 59.0427 -0.436828 0.898839 -0.0356426 54.5669 -0.031015 0.0245499 0.999217 0
0.899609 0.436333 0.0178237 59.7571 -0.435583 0.899479 -0.0347047 54.2021 -0.0311748 0.023457 0.999239 0
0.900208 0.435083 0.0181358 60.4757 -0.434356 0.90011 -0.0337133 53.8334 -0.0309923 0.0224716 0.999267 0
0.90095 0.433527 0.0185432 61.1985 -0.432855 0.900908 -0.0316606 53.4621 -0.0304314 0.0204981 0.999327 0
0.877914 0.478437 0.0190967 61.9252 -0.477822 0.877963 -0.0294527 53.0881 -0.0308575 0.0167321 0.999384 0
0.8782 0.477825 -0.0211554 62.6553 -0.478011 0.878342 -0.00452112 52.7119 0.0164214 0.014083 0.999766 0
0.878315 0.478074 0.00288097 63.3859 -0.477994 0.878251 -0.0140287 52.3348 -0.00923698 0.0109445 0.999897 0
0.881436 0.471841 0.0208901 64.1522 -0.47227 0.881037 0.0271121 51.983 -0.00561239 -0.0337633 0.999414 0
0.879213 0.476303 0.0109762 64.8472 -0.476368 0.879236 0.00426627 51.5928 -0.00761863 -0.00897967 0.999931 0
0.876467 0.481241 0.0145674 65.5483 -0.48135 0.876514 0.00502553 51.201 -0.01035 -0.0114167 0.999881 0
0.872578 0.488073 0.0198244 66.3287 -0.488329 0.872591 0.0109403 50.8119 -0.0119589 -0.0192271 0.999744 0
0.868655 0.495039 0.0193609 67.0242 -0.495284 0.868664 0.0107924 50.4104 -0.0114754 -0.018964 0.999754 0
0.863353 0.504224 0.0194918 67.735 -0.504486 0.863337 0.0119968 50.0059 -0.010779 -0.0201908 0.999738 0
0.858009 0.513274 0.0192496 68.4128 -0.51353 0.857989 0.0119242 49.6014 -0.0103955 -0.0201163 0.999744 0
0.845468 0.53344 0.0250242 69.093 -0.533982 0.843869 0.0524163 49.1909 0.00684378 -0.0576787 0.998312 0
0.835434 0.549071 0.0238886 69.7642 -0.54959 0.834701 0.0350047 48.7658 -0.000719763 -0.042373 0.999102 0
0.821236 0.569984 0.0262789 70.4436 -0.570588 0.820295 0.0392962 48.3287 0.000841732 -0.0472659 0.998882 0
0.811566 0.583813 0.0228778 71.0943 -0.58422 0.811351 0.0199124 47.91 -0.00693682 -0.0295259 0.99954 0
0.81405 0.580786 -0.00318628 71.755 -0.580759 0.814048 0.00673846 47.4769 0.0065074 -0.00363498 0.999972 0
0.804681 0.59365 -0.00825855 72.3912 -0.593702 0.804535 -0.0155318 47.0575 -0.00257613 0.0174012 0.999845 0
0.82492 0.56511 0.0125582 73.0152 -0.565212 0.824916 0.00692003 46.6314 -0.00644888 -0.0128065 0.999897 0
0.816159 0.577772 0.0079423 73.6282 -0.577604 0.81615 -0.0165164 46.2009 -0.0160248 0.00889252 0.999832 0
0.807542 0.589416 0.0215578 74.2309 -0.589228 0.807829 -0.0148888 45.7656 -0.0261907 -0.000679099 0.999657 0
0.827193 0.561639 0.0176991 74.8236 -0.56079 0.827118 -0.0372746 45.3242 -0.0355742 0.0209078 0.999148 0
0.807324 0.589949 0.0136695 75.4375 -0.590068 0.807323 0.00704548 44.8773 -0.0068792 -0.0137539 0.999882 0
0.796261 0.604579 0.0212789 75.9827 -0.604621 0.796497 -0.00513529 44.425 -0.0200533 -0.00877663 0.99976 0
0.79329 0.608132 0.0294374 76.5254 -0.608619 0.790756 0.0654783 43.9748 0.0165417 -0.0698595 0.99742 0
0.785636 0.618637 0.0079493 77.1453 -0.618519 0.785657 -0.0133446 43.5446 -0.0145009 0.00556724 0.999879 0
0.784866 0.619602 0.00884781 77.6433 -0.619478 0.7849 -0.0133576 43.1168 -0.015221 0.00500288 0.999872 0
0.799034 0.600968 -0.0195399 78.211 -0.600598 0.799253 0.0218416 42.6928 0.0287434 -0.00571664 0.99957 0
0.793404 0.608543 -0.0136302 78.7149 -0.6082 0.793463 0.0225822 42.2859 0.0245573 -0.00962693 0.999652 0
0.792398 0.605994 0.0698299 79.199 -0.605281 0.795312 -0.0333747 41.8926 -0.0757614 -0.0158206 0.997 0
0.766724 0.64168 0.0195152 79.6758 -0.641969 0.766507 0.0184891 41.5133 -0.00309447 -0.0267042 0.999639 0
0.798857 0.600219 -0.0395632 80.1539 -0.601511 0.796725 -0.0584273 41.1506 -0.00354821 0.0704727 0.997507 0
0.805001 0.593252 -0.00509098 80.6206 -0.593265 0.804913 -0.0123395 40.806 -0.00322264 0.0129536 0.999911 0
0.812206 0.583368 -0.00162152 81.0773 -0.583355 0.812161 -0.00957183 40.4831 -0.00426696 0.00872022 0.999953 0
0.821463 0.570258 0.00227268 81.5262 -0.570247 0.821463 -0.0040763 40.184 -0.00419147 0.00205254 0.999989 0
0.828873 0.55934 0.0103864 81.9687 -0.559413 0.828866 0.00619607 39.8974 -0.00514321 -0.010946 0.999927 0
0.8423 0.538912 0.0102042 82.4133 -0.539002 0.842228 0.011309 39.6449 -0.00249976 -0.0150256 0.999884 0
0.85754 0.513973 -0.0213964 82.8658 -0.514418 0.856815 -0.0352527 39.4125 0.000213831 0.0412373 0.999149 0
0.871885 0.489645 -0.0080089 83.3311 -0.489703 0.871843 -0.0089992 39.1644 0.00257609 0.0117683 0.999927 0
0.889558 0.456762 -0.00747513 83.8022 -0.456816 0.889513 -0.00923585 38.9785 0.00243064 0.0116306 0.999929 0
0.907197 0.420675 -0.00505911 84.3037 -0.420705 0.907112 -0.0124414 38.7852 -0.000644615 0.0134152 0.99991 0
0.925503 0.378736 -0.00142167 84.7718 -0.378721 0.925417 -0.0131695 38.6539 -0.00367214 0.0127269 0.999912 0
0.943319 0.331888 0.000461924 85.2384 -0.331574 0.942486 -0.0421854 38.5368 -0.0144361 0.0396411 0.99911 0
0.959355 0.282151 0.00527561 85.7197 -0.281859 0.958947 -0.0312501 38.4627 -0.0138763 0.0284929 0.999498 0
0.973683 0.227767 0.00803742 86.2019 -0.227583 0.973571 -0.0191159 38.4095 -0.012179 0.0167836 0.999785 0
0.985697 0.168379 0.00708304 86.6833 -0.168281 0.985658 -0.0126372 38.3769 -0.0091093 0.0112645 0.999895 0
0.994551 0.104193 0.00350897 87.1621 -0.104178 0.99455 -0.00413066 38.3678 -0.00392023 0.00374259 0.999985 0
0.999323 0.0366569 -0.00297804 87.6384 -0.0366579 0.999328 -0.000273137 38.3878 0.00296602 0.000382121 0.999996 0
0.999418 -0.032739 -0.00962413 88.112 0.0328257 0.999421 0.00899728 38.4393 0.00932399 -0.00930795 0.999913 0
0.993361 -0.113091 -0.0210999 88.6072 0.112919 0.993562 -0.00914021 38.5426 0.0219977 0.00669694 0.999736 0
0.983396 -0.179795 -0.0246052 89.0521 0.179978 0.983656 0.00543065 38.6644 0.0232266 -0.00976887 0.999682 0
0.96902 -0.245787 -0.0242558 89.491 0.245932 0.969282 0.0031735 38.8093 0.0227307 -0.00904049 0.999701 0
0.950459 -0.309887 -0.024436 89.923 0.310314 0.950498 0.0160873 38.9791 0.0182411 -0.0228732 0.999572 0
0.924164 -0.380745 -0.0309022 90.3951 0.381572 0.923924 0.0276934 39.2029 0.0180072 -0.0373846 0.999139 0
0.896785 -0.440891 -0.0372986 90.8048 0.442372 0.895143 0.0550152 39.4349 0.00913189 -0.0658367 0.997789 0
0.868479 -0.495041 0.0260449 91.1954 0.495724 0.86714 -0.0482284 39.654 0.00129046 0.0547965 0.998497 0
0.838986 -0.543354 0.0294717 91.5766 0.544143 0.838063 -0.0394802 39.8965 -0.00324744 0.0491602 0.998786 0
0.809982 -0.585703 0.0296842 91.9484 0.586423 0.809427 -0.0305992 40.1595 -0.00610512 0.0421923 0.999091 0
0.783039 -0.621388 0.0269459 92.3104 0.621912 0.782834 -0.0199396 40.4439 -0.0087039 0.0323715 0.999438 0
0.759088 -0.650631 0.0215304 92.6635 0.650928 0.759051 -0.0115998 40.7466 -0.00879547 0.0228201 0.999701 0
0.73745 -0.675227 0.0153543 93.013 0.675358 0.73747 -0.0053832 41.0606 -0.00768844 0.0143395 0.999868 0
0.72445 -0.689299 0.00615615 93.3553 0.689269 0.724476 0.00651419 41.3712 -0.00895021 -0.000475968 0.99996 0
0.710977 -0.703152 0.00939783 93.6998 0.70315 0.71103 0.00411553 41.7076 -0.00957598 0.00368203 0.999947 0
0.701149 -0.712946 0.00986606 94.0424 0.712944 0.701207 0.00437699 42.0583 -0.0100387 0.00396503 0.999942 0
0.693502 -0.720419 0.00710919 94.3851 0.720384 0.693539 0.00716159 42.4224 -0.0100898 0.000154769 0.999949 0
0.688283 -0.725436 0.00304619 94.7307 0.725371 0.688268 0.0111615 42.7986 -0.0101936 -0.00547268 0.999933 0
0.685659 -0.727915 -0.00326489 95.081 0.727878 0.685562 0.014076 43.1854 -0.00800785 -0.0120278 0.999896 0
0.688359 -0.725359 -0.00399487 95.4201 0.72536 0.68831 0.00912324 43.5892 -0.00386792 -0.00917779 0.99995 0
0.689378 -0.724387 -0.00459972 95.7957 0.724396 0.689336 0.0081457 43.9818 -0.00272989 -0.00894749 0.999956 0
0.691587 -0.722253 -0.00761509 96.1862 0.722291 0.691572 0.00491137 44.3886 0.00171913 -0.00889695 0.999959 0
0.695683 -0.718272 -0.0104606 96.5795 0.718314 0.695718 0.000396047 44.8037 0.00699319 -0.00778955 0.999945 0
0.698472 -0.715482 -0.0148789 96.9909 0.715576 0.698533 0.00148963 45.2264 0.00932763 -0.0116875 0.999888 0
0.701869 -0.712075 -0.0181045 97.4109 0.712271 0.701859 0.00801604 45.6603 0.00699879 -0.0185215 0.999804 0
0.705418 -0.708564 -0.0179467 97.843 0.708786 0.705288 0.0138557 46.0993 0.00283993 -0.0224945 0.999743 0
0.708411 -0.705657 -0.014232 98.2894 0.705796 0.708192 0.0177791 46.5401 -0.00246695 -0.0226397 0.999741 0
0.710941 -0.703184 -0.00973935 98.7464 0.703203 0.710661 0.021599 46.9871 -0.00826671 -0.0222044 0.999719 0
0.713209 -0.700915 -0.00712669 99.2109 0.700845 0.712889 0.0246075 47.4425 -0.0121672 -0.022545 0.999672 0
0.715111 -0.698966 -0.00797908 99.6746 0.698882 0.714712 0.0273937 47.8916 -0.0134445 -0.025166 0.999593 0
0.715873 -0.698184 -0.00800809 100.155 0.698168 0.71561 0.0215543 48.3605 -0.00931819 -0.0210211 0.999736 0
0.71463 -0.699405 -0.0116708 100.64 0.699498 0.714471 0.0152714 48.8403 -0.00234248 -0.0190771 0.999815 0
0.713808 -0.700132 -0.0171031 101.133 0.700333 0.713704 0.012644 49.3309 0.00335406 -0.0210033 0.999774 0
0.711707 -0.702247 -0.0179458 101.635 0.702465 0.711611 0.012404 49.8313 0.00405974 -0.0214343 0.999762 0
0.72147 -0.691023 -0.0443657 102.13 0.692157 0.721538 0.0173761 50.3518 0.0200042 -0.0432443 0.998864 0
0.716263 -0.697192 -0.0298536 102.673 0.697807 0.715937 0.02235 50.8666 0.00579104 -0.0368405 0.999304 0
0.710646 -0.703252 -0.0204605 103.212 0.703539 0.710174 0.026179 51.3935 -0.00387991 -0.0329988 0.999448 0
0.705129 -0.7089 -0.0159464 103.747 0.709025 0.704619 0.0282217 51.9334 -0.00877024 -0.0312064 0.999474 0
0.698731 -0.71528 -0.0122218 104.283 0.715308 0.698306 0.0265078 52.4829 -0.0104259 -0.0272642 0.999574 0
0.691399 -0.722443 -0.00661822 104.823 0.722367 0.691112 0.0234613 53.0418 -0.0123755 -0.0210019 0.999703 0
0.722828 -0.685351 -0.0883947 105.346 0.689448 0.723896 0.0252261 53.6494 0.0466999 -0.0791777 0.995766 0
0.703983 -0.708594 -0.0479845 105.926 0.710011 0.703795 0.0235809 54.2096 0.017062 -0.0506701 0.99857 0
0.683915 -0.729537 -0.00601997 106.496 0.729443 0.683631 0.0237058 54.7844 -0.0131788 -0.020604 0.999701 0
0.663032 -0.747815 0.0340765 107.061 0.747349 0.663867 0.0273842 55.3675 -0.0431006 0.00731039 0.999044 0
0.640076 -0.764703 0.0743703 107.628 0.765172 0.643209 0.0281773 55.9548 -0.0693829 0.0388704 0.996833 0
0.651172 -0.756566 0.0598548 108.195 0.756584 0.653333 0.0271317 56.5566 -0.0596321 0.0276178 0.997838 0
0.663019 -0.747503 0.0405645 108.762 0.747168 0.664129 0.0259396 57.1705 -0.04633 0.0131101 0.99884 0
0.674481 -0.738124 0.015741 109.332 0.737679 0.674636 0.026377 57.7916 -0.0300889 -0.006179 0.999528 0
0.684785 -0.72869 -0.00902621 109.915 0.728645 0.684432 0.0250999 58.3876 -0.0121122 -0.023765 0.999644 0
0.691963 -0.721646 -0.0203495 110.465 0.721929 0.691779 0.0161588 59.075 0.00241638 -0.0258722 0.999662 0
0.694734 -0.718589 -0.0312055 111.056 0.719249 0.693758 0.0371558 59.697 -0.00505065 -0.0482579 0.998822 0
0.696551 -0.7168 -0.0318585 111.655 0.717481 0.695453 0.0395847 60.3276 -0.00621825 -0.0504306 0.998708 0
0.698066 -0.715248 -0.0335205 112.257 0.716018 0.69698 0.03921 60.9557 -0.0046817 -0.0513724 0.998669 0
0.698396 -0.713559 -0.0554748 112.862 0.715464 0.698093 0.0278747 61.5948 0.0188364 -0.0591578 0.998071 0
0.70047 -0.711875 -0.0507407 113.483 0.713493 0.700148 0.0268414 62.2098 0.0164183 -0.0550047 0.998351 0
0.701519 -0.709597 -0.0658951 114.093 0.711922 0.701979 0.0197957 62.848 0.03221 -0.0607993 0.99763 0
0.702461 -0.710693 -0.0382801 114.703 0.711601 0.702318 0.0193194 63.4535 0.0131546 -0.0408113 0.99908 0
0.702584 -0.711064 -0.0276279 115.305 0.711599 0.701974 0.0293236 64.0617 -0.00145694 -0.0402623 0.999188 0
0.703478 -0.710443 -0.0197224 115.895 0.710626 0.702676 0.0354505 64.6949 -0.0113271 -0.0389539 0.999177 0
0.702419 -0.711695 -0.00991356 116.491 0.711455 0.701635 0.0392428 65.2925 -0.0209732 -0.0346179 0.999181 0
0.707456 -0.706439 -0.0212067 117.08 0.706728 0.706835 0.030332 65.9032 -0.00643809 -0.036446 0.999315 0
0.702859 -0.711222 -0.0123337 117.674 0.711244 0.702401 0.0276569 66.4844 -0.011007 -0.0282112 0.999541 0
0.701789 -0.712336 0.00837969 118.271 0.711843 0.701665 0.0307569 67.0833 -0.027789 -0.0156198 0.999492 0
0.695913 -0.717331 0.0337639 118.878 0.714964 0.69649 0.0610534 67.696 -0.0673118 -0.0183479 0.997563 0
0.691085 -0.718271 0.0805496 119.467 0.715265 0.695668 0.0666458 68.3001 -0.103905 0.0115564 0.99452 0
0.701893 -0.709627 -0.0614532 120.056 0.711537 0.702491 0.014904 68.9061 0.032594 -0.0541872 0.997999 0
0.69833 -0.715765 0.0041025 120.616 0.715545 0.698238 0.0214314 69.4969 -0.0182044 -0.0120307 0.999762 0
0.697235 -0.716816 -0.00619546 121.193 0.716821 0.697119 0.0138999 70.0985 -0.00564467 -0.0141325 0.999884 0
0.696145 -0.717857 -0.00795024 121.769 0.717902 0.696103 0.0076458 70.6993 4.55916e-05 -0.0110301 0.999939 0
0.695019 -0.718798 -0.0166605 122.346 0.718982 0.694708 0.0211143 71.3059 -0.00360273 -0.0266534 0.999638 0
0.692742 -0.721009 -0.0159415 122.914 0.721173 0.692436 0.0210214 71.9051 -0.00411818 -0.026059 0.999652 0
0.689442 -0.72415 -0.0166213 123.478 0.724336 0.68917 0.0195595 72.503 -0.00270914 -0.0255246 0.999671 0
0.686278 -0.727104 -0.0185063 124.038 0.727336 0.685984 0.0201892 73.103 -0.00198463 -0.0273157 0.999625 0
0.684678 -0.728543 -0.0210068 124.578 0.728841 0.684278 0.0235431 73.7121 -0.00277766 -0.03143 0.999502 0
0.6832 -0.729864 -0.0231467 125.132 0.730222 0.682687 0.0267225 74.3268 -0.00370185 -0.035159 0.999375 0
0.681557 -0.731433 -0.022064 125.686 0.731733 0.680934 0.0299356 74.9226 -0.00687177 -0.0365478 0.999308 0
0.685274 -0.728138 -0.0146643 126.236 0.728115 0.684539 0.0354172 75.5211 -0.0157503 -0.0349478 0.999265 0
0.682141 -0.73122 0.000258975 126.785 0.730687 0.681657 0.0379414 76.1155 -0.0279201 -0.0256922 0.99928 0
0.663596 -0.745997 -0.0559395 127.327 0.747122 0.664686 -0.00118483 76.7232 0.0380661 -0.0410074 0.998433 0
0.634908 -0.766537 -0.0965069 127.866 0.767898 0.639853 -0.0303268 77.3258 0.0849969 -0.0548528 0.99487 0
0.635991 -0.77067 0.0397869 128.395 0.770316 0.637092 0.0269607 77.9225 -0.0461257 0.0135018 0.998844 0
0.629353 -0.775787 0.0454894 128.926 0.775367 0.630786 0.0302466 78.5193 -0.052159 0.0162352 0.998507 0
0.717077 -0.696824 0.0154048 129.457 0.694725 0.716349 0.0648222 79.1229 -0.0562048 -0.0357804 0.997778 0
0.712248 -0.701701 0.0178537 129.982 0.699195 0.711488 0.0700795 79.7362 -0.0618776 -0.0374308 0.997382 0
0.639804 -0.768452 -0.0114846 130.499 0.768387 0.639312 0.0293488 80.3532 -0.0152109 -0.0276021 0.999503 0
0.646072 -0.763225 -0.00889437 130.999 0.763082 0.645601 0.0300846 80.9786 -0.0172191 -0.026224 0.999508 0
0.640133 -0.768172 -0.0119068 131.508 0.768212 0.639832 0.0215846 81.612 -0.00896231 -0.022964 0.999696 0
0.634122 -0.773142 -0.011864 132.022 0.773212 0.63392 0.0169761 82.2595 -0.00560411 -0.0199383 0.999785 0
0.628279 -0.777877 -0.0131316 132.534 0.777946 0.627978 0.021063 82.9162 -0.00813809 -0.0234491 0.999692 0
0.623066 -0.781982 -0.0170965 133.029 0.782111 0.622607 0.0257419 83.5703 -0.00948526 -0.0294103 0.999522 0
0.618101 -0.785266 -0.0361637 133.523 0.786095 0.617302 0.0315153 84.2208 -0.00242402 -0.0479078 0.998849 0
0.592315 -0.805587 -0.0138893 134.015 0.805282 0.591356 0.0426465 84.8729 -0.026142 -0.036445 0.998994 0
0.615166 -0.788167 -0.0190719 134.511 0.788226 0.615356 -0.00596978 85.535 0.0164412 -0.0113606 0.9998 0
0.603628 -0.797266 -0.000740958 134.989 0.797265 0.603625 0.0025083 86.2269 -0.00155252 -0.00210482 0.999997 0
0.597983 -0.800661 -0.0368579 135.482 0.801434 0.596667 0.0411219 86.887 -0.0109328 -0.0541294 0.998474 0
0.585726 -0.810065 -0.0268242 135.962 0.810165 0.584191 0.0485211 87.5588 -0.0236348 -0.0501521 0.998462 0
0.603406 -0.797408 -0.00634924 136.432 0.797269 0.6031 0.025155 88.2386 -0.0162296 -0.0202408 0.999663 0
0.531602 -0.846976 -0.00556024 136.9 0.845265 0.530086 0.0673519 88.9153 -0.054098 -0.0405042 0.997714 0
0.559981 -0.828154 -0.0241366 137.378 0.828377 0.559143 0.0339073 89.5836 -0.0145847 -0.0389816 0.999133 0
0.552228 -0.833499 -0.0180064 137.848 0.833517 0.551538 0.0324976 90.2583 -0.0171555 -0.0329547 0.99931 0
0.589727 -0.805857 -0.0530747 138.313 0.807548 0.587651 0.0503152 90.9393 -0.00935741 -0.0725326 0.997322 0
0.555786 -0.830632 -0.0339424 138.757 0.830948 0.553841 0.0527779 91.6411 -0.0250403 -0.0575376 0.998029 0
0.548538 -0.833269 -0.0690543 139.226 0.83535 0.549714 0.00233866 92.3269 0.0360114 -0.0589674 0.99761 0
0.560289 -0.827119 -0.0441648 139.685 0.828242 0.558838 0.0414184 93.0173 -0.00957695 -0.0597854 0.998165 0
0.542975 -0.839423 -0.0233874 140.108 0.839006 0.541114 0.0571314 93.7372 -0.0353022 -0.0506431 0.998093 0
0.537615 -0.842585 -0.0319508 140.546 0.843189 0.537289 0.0187706 94.4272 0.00135096 -0.0370319 0.999313 0
0.535826 -0.844133 -0.0181779 141.035 0.844212 0.535271 0.0281235 95.0754 -0.0140099 -0.0304154 0.999439 0
0.524084 -0.851489 -0.0174228 141.445 0.851465 0.523404 0.0324819 95.7951 -0.0185388 -0.0318581 0.99932 0
0.552229 -0.833447 -0.020229 141.911 0.833449 0.551318 0.0375735 96.4716 -0.020163 -0.037609 0.999089 0
0.528343 -0.848931 -0.0130023 142.365 0.848466 0.527372 0.0445361 97.1646 -0.0309511 -0.0345624 0.998923 0
0.521144 -0.852916 -0.0307236 142.808 0.853439 0.52109 0.0103732 97.8716 0.00716227 -0.0316266 0.999474 0
0.51571 -0.856643 -0.0143416 143.24 0.856513 0.515084 0.0327697 98.5806 -0.0206848 -0.0291835 0.99936 0
0.557415 -0.830164 -0.0107935 143.622 0.830065 0.556991 0.027448 99.333 -0.0167744 -0.0242592 0.999565 0
0.493944 -0.869438 0.00985012 144.058 0.869301 0.494042 0.0154707 100.04 -0.0183171 0.000921072 0.999832 0
0.514577 -0.857373 0.011012 144.491 0.857379 0.514654 0.00567763 100.755 -0.0105352 0.00651991 0.999923 0
0.450491 -0.892719 0.0105332 144.918 0.892775 0.4505 -0.00155986 101.477 -0.00335271 0.0101065 0.999943 0
0.497385 -0.866949 -0.0317594 145.3 0.867495 0.49736 0.00923151 102.254 0.00779259 -0.0321427 0.999453 0
0.531112 -0.841951 -0.0950651 145.7 0.846236 0.53272 0.00970279 103.04 0.0424738 -0.0856008 0.995424 0
0.547435 -0.82725 -0.126383 146.104 0.834544 0.550866 0.00913079 103.783 0.0620666 -0.110471 0.991939 0
0.523852 -0.847119 -0.0892698 146.522 0.851012 0.525013 0.0118264 104.523 0.0368495 -0.082165 0.995937 0
0.498797 -0.865582 -0.0443885 146.919 0.866556 0.499041 0.00619425 105.264 0.01679 -0.0415548 0.998995 0
0.542361 -0.827731 -0.143897 147.275 0.835275 0.549665 -0.0135792 106.009 0.0903351 -0.112829 0.989499 0
0.600402 -0.747939 -0.283028 147.697 0.772832 0.633643 -0.0350364 106.761 0.205544 -0.197697 0.958471 0
0.547255 -0.823363 -0.150284 148.12 0.83155 0.555271 -0.0141046 107.506 0.0950618 -0.11725 0.988542 0
0.471578 -0.881747 -0.0117222 148.504 0.881675 0.471211 0.0246819 108.252 -0.0162395 -0.0219746 0.999627 0
0.376815 -0.918409 0.120563 148.867 0.919257 0.386781 0.0732613 108.994 -0.113915 0.0832221 0.989999 0
0.463071 -0.886314 0.00347106 149.262 0.886016 0.463011 0.024447 109.76 -0.0232748 -0.00824527 0.999695 0
0.329822 -0.926952 0.178823 149.638 0.934198 0.347758 0.079608 110.5 -0.13598 0.140799 0.980655 0
0.262829 -0.929224 0.259736 150.024 0.94892 0.297654 0.104659 111.244 -0.174564 0.218961 0.959991 0
0.305845 -0.926407 0.219613 150.421 0.94116 0.329021 0.0772171 111.997 -0.143792 0.183074 0.972526 0
0.41004 -0.907598 0.0901776 150.84 0.909993 0.413767 0.0266235 112.771 -0.061476 0.0711443 0.99557 0
0.410433 -0.911204 0.0353992 151.244 0.911523 0.41106 0.0124374 113.547 -0.0258842 0.0271625 0.999296 0
0.484054 -0.87503 0.00365774 151.632 0.874993 0.484067 0.00813698 114.322 -0.0088907 -0.000738244 0.99996 0
0.481077 -0.876673 0.00305284 152.013 0.876666 0.481086 0.00365389 115.064 -0.00467194 0.000918516 0.999989 0
0.504172 -0.862034 -0.0520289 152.376 0.862839 0.505345 -0.0116371 115.816 0.0363241 -0.0390255 0.998578 0
0.493644 -0.868851 -0.0376086 152.775 0.869379 0.494127 -0.00423814 116.573 0.0222657 -0.030604 0.999284 0
0.535509 -0.835727 -0.121613 153.138 0.840457 0.541497 -0.0203223 117.305 0.0828372 -0.0913279 0.992369 0
0.568925 -0.797408 -0.201159 153.518 0.809537 0.586097 -0.0337662 118.047 0.144824 -0.143635 0.978976 0
0.5355 -0.834454 -0.130103 153.947 0.840291 0.541873 -0.0168495 118.816 0.0845593 -0.100301 0.991357 0
0.572897 -0.789591 -0.219852 154.294 0.803622 0.593875 -0.0387829 119.547 0.161187 -0.154459 0.974762 0
0.524275 -0.843222 -0.118794 154.697 0.847613 0.530146 -0.0223039 120.294 0.0817852 -0.0889977 0.992668 0
0.458416 -0.888699 -0.00825587 155.053 0.888737 0.458384 0.00556791 121.021 -0.00116383 -0.00988972 0.99995 0
0.543602 -0.818699 -0.185009 155.396 0.829629 0.557533 -0.0295321 121.741 0.127327 -0.137435 0.982293 0
0.454209 -0.89069 -0.0191164 155.73 0.890891 0.454037 0.0127843 122.432 -0.00270733 -0.0228374 0.999736 0
0.467852 -0.882655 -0.0451192 156.073 0.883542 0.468351 -0.000573719 123.131 0.021638 -0.0395963 0.998981 0
0.452425 -0.891654 -0.016279 156.409 0.891802 0.452355 0.00798781 123.804 0.000241528 -0.0181315 0.999836 0
0.52418 -0.837915 -0.152098 156.752 0.846428 0.532284 -0.0153081 124.481 0.0937862 -0.120716 0.988247 0
0.489961 -0.867836 -0.0824609 157.058 0.870834 0.491577 0.000799763 125.097 0.0398418 -0.0722016 0.996594 0
0.609473 -0.707958 -0.356846 157.399 0.745699 0.664748 -0.0452014 125.741 0.269213 -0.23855 0.933069 0
0.538634 -0.826848 -0.161853 157.693 0.835905 0.5485 -0.0202643 126.339 0.105532 -0.124379 0.986607 0
0.427103 -0.903603 0.0329193 157.957 0.903139 0.428083 0.0329247 126.923 -0.043843 0.0156685 0.998916 0
0.568417 -0.79794 -0.200484 158.303 0.807563 0.587702 -0.0494721 127.534 0.157301 -0.133783 0.978447 0
0.232921 -0.930973 0.281134 158.557 0.953291 0.27574 0.123305 128.103 -0.192314 0.239282 0.951714 0
0.273767 -0.93008 0.244953 158.826 0.946406 0.305881 0.103694 128.673 -0.17137 0.203437 0.963974 0
0.483832 -0.875046 -0.0141894 159.177 0.87455 0.482825 0.045186 129.289 -0.0326889 -0.0342718 0.998878 0
0.373281 -0.921218 -0.109632 159.474 0.893744 0.388779 -0.223768 129.836 0.248761 -0.0144544 0.968457 0
0.392827 -0.91178 -0.119768 159.829 0.892855 0.409337 -0.187761 130.438 0.220222 -0.0331783 0.974885 0
0.41239 -0.902431 -0.124709 160.176 0.890045 0.428305 -0.156127 131.024 0.194307 -0.0466112 0.979833 0
0.431505 -0.893579 -0.123772 160.516 0.885864 0.445648 -0.129005 131.597 0.170435 -0.0539786 0.983889 0
0.450798 -0.885624 -0.111584 160.852 0.881333 0.461425 -0.101678 132.158 0.141536 -0.0525062 0.98854 0
0.469555 -0.878692 -0.0861355 161.188 0.876151 0.475784 -0.0773894 132.708 0.108983 -0.0391291 0.993273 0
0.491236 -0.869783 -0.0465181 161.522 0.868178 0.493246 -0.0545484 133.252 0.0703902 -0.0135898 0.997427 0
0.504716 -0.863223 -0.01037 161.854 0.862389 0.504703 -0.0395072 133.793 0.0393373 0.0109969 0.999165 0
0.517111 -0.855895 -0.00635996 162.188 0.855619 0.517113 -0.0225934 134.336 0.0226264 0.00624161 0.999725 0
0.52862 -0.848734 0.0145368 162.528 0.848831 0.528663 -0.00101054 134.884 -0.0068274 0.0128735 0.999894 0
0.529653 -0.847959 0.0208245 162.876 0.847498 0.530055 0.0280822 135.441 -0.0348507 0.00277486 0.999389 0
0.547995 -0.835874 0.0318719 163.232 0.834224 0.548916 0.0525537 136.009 -0.0614233 -0.00221082 0.998109 0
0.556763 -0.829546 0.0432184 163.592 0.824095 0.558141 0.0966694 136.595 -0.104314 -0.0182059 0.994378 0
0.545721 -0.837896 0.0108933 163.968 0.83793 0.545773 0.00239196 137.169 -0.00794951 0.00782251 0.999938 0
0.384611 -0.907556 -0.168573 164.498 0.872776 0.416999 -0.25372 137.467 0.30056 -0.049543 0.952475 0
0.586545 -0.794102 0.159271 164.928 0.712074 0.599315 0.365749 137.855 -0.385895 -0.101116 0.916985 0
0.543154 -0.839071 0.030708 165.04 0.834851 0.543597 0.0867558 138.708 -0.0894871 -0.0214852 0.995756 0
0.53268 -0.845513 0.0368789 165.383 0.841912 0.533844 0.0787095 139.298 -0.0862375 -0.0108782 0.996215 0
0.522696 -0.852336 0.0176877 165.733 0.851792 0.522994 0.030452 139.909 -0.0352059 -0.000850909 0.99938 0
0.491947 -0.869487 0.0444897 165.983 0.870186 0.492679 0.00657572 140.708 -0.0276367 0.0354794 0.998988 0
0.484962 -0.874456 0.0118126 166.338 0.873946 0.485087 0.0301537 141.299 -0.0320982 -0.00429985 0.999475 0
0.523777 -0.851464 -0.0258295 166.687 0.8514 0.522266 0.0485379 141.895 -0.0278384 -0.0474142 0.998487 0
0.518338 -0.85472 -0.0279127 167.033 0.854914 0.517097 0.0416227 142.494 -0.0211422 -0.0454377 0.998743 0
0.527909 -0.847784 -0.0507481 167.373 0.849071 0.528213 0.00832377 143.122 0.019749 -0.047483 0.998677 0
0.5187 -0.854368 -0.0317164 167.744 0.854885 0.518779 0.00634864 143.724 0.0110297 -0.0304069 0.999477 0
0.538011 -0.834481 -0.119103 168.088 0.837624 0.545096 -0.0354428 144.338 0.0944987 -0.0806946 0.992249 0
0.537844 -0.824109 -0.177675 168.449 0.831795 0.553062 -0.0473184 144.941 0.137261 -0.122339 0.982951 0
0.564351 -0.822719 -0.0681294 168.819 0.825526 0.562022 0.0513708 145.544 -0.00397359 -0.0852337 0.996353 0
0.532614 -0.846143 -0.0190831 169.165 0.84541 0.530815 0.0593168 146.146 -0.0400609 -0.047726 0.998057 0
0.497966 -0.861895 0.0957424 169.498 0.866891 0.497676 -0.0286057 146.749 -0.0229936 0.0972429 0.994995 0
0.530649 -0.847561 -0.00724939 169.84 0.846835 0.530517 -0.0377212 147.349 0.035817 0.0138777 0.999262 0
0.488063 -0.872192 0.0328061 170.178 0.872549 0.48849 0.00603396 147.955 -0.0212882 0.02568 0.999444 0
0.428682 -0.896225 0.114074 170.5 0.899734 0.434948 0.0360483 148.555 -0.0819236 0.0871829 0.992818 0
0.516712 -0.856037 -0.0144469 170.843 0.856083 0.516818 -0.00464163 149.164 0.0114398 -0.00996935 0.999885 0
0.430948 -0.895448 0.111609 171.171 0.89934 0.436338 0.0282148 149.752 -0.073964 0.0882152 0.993352 0
