0.0206091 -0.999327 0.0303298 0.0675573 0.999763 0.0208128 0.00641667 -0.066335 -0.0070436 0.0301904 0.999519 0
0.0246662 -0.998592 0.0469624 0.107207 0.999351 0.0233968 -0.0273926 -0.0969855 0.0262553 0.0476076 0.998521 0
0.0275927 -0.998105 0.0550013 0.0948862 0.998362 0.0247578 -0.0515721 -0.114633 0.0501127 0.0563342 0.997154 0
0.0282934 -0.998116 0.0544321 0.0711693 0.997883 0.0250134 -0.0600248 -0.107313 0.0585502 0.0560152 0.996712 0
0.027614 -0.998472 0.0478714 0.0850164 0.998453 0.0252386 -0.0495341 -0.0908212 0.0482503 0.0491652 0.997625 0
0.0261697 -0.998787 0.0417201 0.0877017 0.999157 0.0248133 -0.0327042 -0.0866684 0.0316293 0.0425408 0.998594 0
0.0250166 -0.998987 0.0374113 0.0924815 0.9996 0.0245033 -0.014118 -0.0881174 0.013187 0.0377495 0.9992 0
0.0226984 -0.999069 0.0366864 0.0633591 0.999734 0.0228314 0.0032109 -0.105029 -0.00404551 0.0366037 0.999322 0
0.0204906 -0.999084 0.0375688 0.0400321 0.999663 0.0210738 0.0151949 -0.100118 -0.0159727 0.0372448 0.999179 0
0.0189327 -0.999044 0.0394078 -9.20892e-05 0.999679 0.0195782 0.0160584 -0.0795773 -0.0168146 0.0390912 0.999094 0
0.0178249 -0.998999 0.041024 -0.0298116 0.999771 0.0182957 0.011129 -0.068012 -0.0118685 0.0408162 0.999096 0
0.017464 -0.99896 0.0421153 -0.041635 0.999831 0.0176895 0.00498516 -0.0538701 -0.00572496 0.0420212 0.9991 0
0.0172898 -0.998945 0.0425454 -0.046257 0.999849 0.0172145 -0.00213419 -0.0571016 0.00139955 0.0425759 0.999092 0
0.0166924 -0.998967 0.0422568 -0.062764 0.999814 0.0162683 -0.0103592 -0.0708313 0.00966102 0.0424219 0.999053 0
0.0154796 -0.999019 0.0414957 -0.0857692 0.999774 0.01486 -0.0151976 -0.0879757 0.0145661 0.0417216 0.999023 0
0.0131264 -0.999073 0.0410032 -0.120031 0.999767 0.0124115 -0.0176393 -0.0994363 0.0171141 0.0412252 0.999003 0
0.00964675 -0.999133 0.0405025 -0.155851 0.999777 0.00887673 -0.0191483 -0.113231 0.0187722 0.0406782 0.998996 0
0.00562926 -0.999148 0.040893 -0.195979 0.999815 0.00487093 -0.0186199 -0.126452 0.0184048 0.0409902 0.99899 0
0.000109509 -0.999136 0.0415574 -0.241056 0.999861 -0.000584358 -0.0166823 -0.132423 0.0166922 0.0415534 0.998997 0
-0.00551226 -0.999085 0.042413 -0.273016 0.999884 -0.00611026 -0.0139821 -0.132117 0.0142284 0.042331 0.999002 0
-0.0114938 -0.999024 0.0426505 -0.308414 0.999866 -0.0119814 -0.0111956 -0.12746 0.0116957 0.0425161 0.999027 0
-0.0181473 -0.998925 0.0426549 -0.345152 0.999791 -0.018531 -0.00861643 -0.136605 0.0093976 0.0424896 0.999053 0
-0.0256901 -0.998788 0.0419933 -0.379699 0.999641 -0.0259891 -0.00658885 -0.166661 0.00767222 0.041809 0.999096 0
-0.0341338 -0.998551 0.0416048 -0.41367 0.999393 -0.0343932 -0.00553461 -0.186482 0.00695751 0.0413906 0.999119 0
-0.0434972 -0.998213 0.0409863 -0.461818 0.999028 -0.0437543 -0.00539525 -0.195503 0.00717895 0.0407118 0.999145 0
-0.0540406 -0.997708 0.0407289 -0.511227 0.998506 -0.0543229 -0.00585715 -0.20042 0.00805625 0.0403515 0.999153 0
-0.0655585 -0.997013 0.0408337 -0.57083 0.997815 -0.0658372 -0.00551556 -0.21145 0.00818747 0.0403828 0.999151 0
-0.0773498 -0.996169 0.0407879 -0.619083 0.996971 -0.0776135 -0.00491905 -0.218731 0.0080659 0.0402839 0.999156 0
-0.0897298 -0.995131 0.0407848 -0.665386 0.995929 -0.0900062 -0.00498875 -0.215076 0.00863536 0.0401711 0.999155 0
-0.102579 -0.993887 0.040829 -0.722584 0.99468 -0.102879 -0.00530334 -0.216768 0.00947139 0.0400678 0.999152 0
-0.114633 -0.992551 0.0412626 -0.770954 0.993362 -0.11493 -0.00488511 -0.209413 0.00959101 0.0404286 0.999136 0
-0.125629 -0.991191 0.0419304 -0.820304 0.992034 -0.125907 -0.00403441 -0.19945 0.00927819 0.0410895 0.999112 0
-0.135415 -0.989856 0.0429895 -0.860853 0.990756 -0.135638 -0.00228401 -0.195752 0.00809184 0.0422828 0.999073 0
-0.143875 -0.988636 0.0435719 -0.910785 0.989567 -0.14407 -0.00134921 -0.190797 0.00761128 0.0429232 0.999049 0
-0.15075 -0.987621 0.0433522 -0.96032 0.988552 -0.15088 0.000278041 -0.184554 0.00626637 0.0428978 0.99906 0
-0.154542 -0.987101 0.0418089 -0.999128 0.987976 -0.154599 0.00189174 -0.182771 0.00459626 0.0415985 0.999124 0
-0.153905 -0.987296 0.0394862 -1.01575 0.98808 -0.153914 0.00282446 -0.17841 0.00328893 0.0394502 0.999216 0
-0.151824 -0.987672 0.0381136 -0.994591 0.988401 -0.15185 0.00222543 -0.172327 0.00358959 0.0380094 0.999271 0
-0.149031 -0.988059 0.039116 -0.973045 0.988824 -0.149077 0.00174528 -0.196953 0.00410689 0.038939 0.999233 0
-0.146772 -0.988337 0.0405871 -0.966009 0.989143 -0.146951 -0.00144648 -0.222376 0.00739393 0.0399341 0.999175 0
-0.145181 -0.988514 0.0419739 -0.96432 0.989345 -0.145508 -0.00481955 -0.242465 0.0108717 0.040827 0.999107 0
-0.145112 -0.988477 0.0430858 -0.964975 0.989295 -0.145636 -0.00928068 -0.234863 0.0154486 0.0412778 0.999028 0
-0.145712 -0.988342 0.0441462 -0.961225 0.98912 -0.146449 -0.0139473 -0.218063 0.0202499 0.0416336 0.998928 0
-0.146174 -0.988276 0.0440728 -0.95535 0.989005 -0.147 -0.0161119 -0.20921 0.0224018 0.0412331 0.998898 0
-0.146833 -0.988216 0.0432411 -0.956029 0.988853 -0.147738 -0.0185217 -0.194269 0.0246918 0.0400395 0.998893 0
-0.146903 -0.988234 0.0425726 -0.956452 0.988873 -0.147746 -0.0173517 -0.187012 0.0234374 0.0395499 0.998943 0
-0.147172 -0.988203 0.0423563 -0.954744 0.988859 -0.147965 -0.0162292 -0.192175 0.022305 0.0394959 0.998971 0
-0.147202 -0.988195 0.0424513 -0.957065 0.988904 -0.147904 -0.0138905 -0.207165 0.0200052 0.0399355 0.999002 0
-0.147092 -0.988217 0.0423141 -0.960719 0.988941 -0.147751 -0.012863 -0.217242 0.0189634 0.0399541 0.999022 0
-0.14715 -0.988219 0.0420635 -0.965371 0.988935 -0.147799 -0.0127572 -0.217409 0.0188239 0.0397209 0.999034 0
-0.146939 -0.988234 0.0424456 -0.968027 0.988947 -0.147634 -0.0137252 -0.208686 0.0198301 0.0399596 0.999005 0
-0.146829 -0.988258 0.0422754 -0.970981 0.988938 -0.147571 -0.0149698 -0.191553 0.0210326 0.0396098 0.998994 0
-0.146745 -0.988262 0.042475 -0.969088 0.988937 -0.147514 -0.0155664 -0.187559 0.0216494 0.0397208 0.998976 0
-0.147285 -0.988197 0.0421107 -0.963668 0.988867 -0.148031 -0.01516 -0.191562 0.0212148 0.0394091 0.998998 0
-0.147759 -0.988142 0.0417431 -0.966673 0.988835 -0.148424 -0.0132872 -0.197219 0.0193253 0.0393137 0.99904 0
-0.148138 -0.988096 0.0414982 -0.973379 0.988825 -0.148697 -0.0107024 -0.191699 0.0167457 0.039449 0.999081 0
-0.148111 -0.988093 0.0416623 -0.978736 0.98881 -0.148714 -0.0117506 -0.182697 0.0178065 0.0394557 0.999063 0
-0.148271 -0.988053 0.0420427 -0.975414 0.988746 -0.148963 -0.0138366 -0.194397 0.0199342 0.039518 0.99902 0
-0.14799 -0.988048 0.0431392 -0.965964 0.988767 -0.14874 -0.0147056 -0.208247 0.0209463 0.0404783 0.998961 0
-0.147929 -0.988033 0.0436752 -0.964605 0.988755 -0.148727 -0.0156184 -0.2171 0.0219271 0.0408736 0.998924 0
-0.148422 -0.987958 0.0437062 -0.970635 0.988686 -0.149212 -0.0153876 -0.22477 0.0217238 0.0409278 0.998926 0
-0.149351 -0.987813 0.0438227 -0.985958 0.988571 -0.150093 -0.0141465 -0.236776 0.0205516 0.041209 0.998939 0
-0.150733 -0.987654 0.0426435 -1.00977 0.988384 -0.151411 -0.0131188 -0.249606 0.0194135 0.0401707 0.999004 0
-0.152779 -0.987372 0.0418981 -1.02791 0.988117 -0.153343 -0.0105598 -0.253056 0.0168512 0.0397869 0.999066 0
-0.155235 -0.986993 0.0417935 -1.04028 0.987758 -0.155736 -0.0089809 -0.253869 0.0153728 0.0398877 0.999086 0
-0.15842 -0.986456 0.0425207 -1.05828 0.987281 -0.158844 -0.00675807 -0.249464 0.0134207 0.0409092 0.999073 0
-0.161765 -0.985882 0.0432294 -1.08382 0.986774 -0.162064 -0.00348962 -0.251486 0.0104463 0.0420931 0.999059 0
-0.16566 -0.98521 0.0437972 -1.11648 0.986159 -0.165801 0.000440743 -0.257675 0.00682737 0.043264 0.99904 0
-0.170528 -0.984397 0.0433996 -1.14348 0.985347 -0.170518 0.00395409 -0.263752 0.00350804 0.043438 0.99905 0
-0.176198 -0.983401 0.0433142 -1.17609 0.984353 -0.176102 0.00604996 -0.275841 0.00167817 0.0437024 0.999043 0
-0.182304 -0.982296 0.0431322 -1.21149 0.98324 -0.182213 0.00605537 -0.290147 0.00191112 0.0435133 0.999051 0
-0.188701 -0.981095 0.0429569 -1.23037 0.982025 -0.188709 0.00391848 -0.327867 0.00426194 0.0429242 0.999069 0
-0.195818 -0.979695 0.0430385 -1.25213 0.980608 -0.195977 0.000532005 -0.342091 0.00791337 0.0423081 0.999073 0
-0.203911 -0.978032 0.04328 -1.2854 0.97891 -0.204259 -0.0037331 -0.365408 0.0124914 0.041606 0.999056 0
-0.214418 -0.97577 0.0435548 -1.32853 0.976611 -0.214908 -0.0068304 -0.400266 0.0160252 0.0410715 0.999028 0
-0.227957 -0.972675 0.0440303 -1.38449 0.973471 -0.228595 -0.00996591 -0.436957 0.0197587 0.0405904 0.998981 0
-0.244499 -0.968624 0.0445908 -1.4465 0.969396 -0.245227 -0.0115791 -0.473666 0.0221507 0.0403951 0.998938 0
-0.26382 -0.963514 0.0451542 -1.52869 0.964295 -0.264577 -0.0115892 -0.505654 0.0231131 0.0404845 0.998913 0
-0.285356 -0.957323 0.0458671 -1.62432 0.95811 -0.286156 -0.0118048 -0.537213 0.0244262 0.0405772 0.998878 0
-0.308293 -0.950172 0.0461269 -1.72332 0.950932 -0.309146 -0.0124921 -0.568393 0.0261296 0.0400123 0.998857 0
-0.330956 -0.942508 0.046345 -1.81922 0.943226 -0.331875 -0.0135746 -0.585904 0.0281749 0.0392212 0.998833 0
-0.35177 -0.934938 0.0463491 -1.93664 0.93573 -0.352571 -0.010158 -0.587352 0.0258384 0.0397969 0.998874 0
-0.36603 -0.929432 0.0466762 -2.10839 0.930484 -0.366324 0.00238771 -0.632196 0.0148794 0.0443054 0.998907 0
-0.378698 -0.92432 0.0471177 -2.28634 0.925505 -0.378493 0.0135421 -0.689261 0.00531643 0.048736 0.998798 0
-0.38838 -0.920288 0.0472422 -2.45972 0.921499 -0.387926 0.0188064 -0.759241 0.00101914 0.0508377 0.998707 0
-0.394816 -0.917566 0.0468417 -2.62732 0.91876 -0.394353 0.0191367 -0.828935 0.000912961 0.0505917 0.998719 0
-0.397178 -0.916562 0.0465256 -2.78904 0.917741 -0.396718 0.0191331 -0.887502 0.000920899 0.0502977 0.998734 0
-0.395367 -0.917347 0.0464674 -2.962 0.918522 -0.394922 0.0187973 -0.937317 0.00110739 0.0501131 0.998743 0
-0.388061 -0.920473 0.0462369 -3.14555 0.921633 -0.387634 0.0182221 -0.976485 0.00115007 0.0496847 0.998764 0
-0.375924 -0.925523 0.0457029 -3.35611 0.92665 -0.375474 0.0183923 -1.02671 0.000137772 0.0492647 0.998786 0
-0.361917 -0.931095 0.0455935 -3.56679 0.93221 -0.361453 0.0183417 -1.07818 -0.000598006 0.0491409 0.998792 0
-0.345792 -0.937191 0.04583 -3.76698 0.93831 -0.345287 0.0187679 -1.12199 -0.00176463 0.0494925 0.998773 0
-0.327655 -0.943689 0.0457542 -3.97629 0.944789 -0.327062 0.0201257 -1.17087 -0.004028 0.0498223 0.99875 0
-0.307933 -0.950317 0.0455472 -4.19228 0.951391 -0.307285 0.0207861 -1.20655 -0.00575748 0.0497339 0.998746 0
-0.286649 -0.95694 0.045808 -4.41785 0.958009 -0.285957 0.0211327 -1.27029 -0.00712354 0.0499422 0.998727 0
-0.26436 -0.963334 0.04584 -4.63229 0.964417 -0.263877 0.0164028 -1.34378 -0.00370523 0.0485451 0.998814 0
-0.242293 -0.969129 0.0456534 -4.86014 0.970201 -0.242114 0.00950054 -1.39718 0.00184606 0.0465949 0.998912 0
-0.221807 -0.974042 0.0452056 -5.10775 0.975033 -0.222058 -0.000539437 -1.44794 0.0105637 0.0439573 0.998978 0
-0.205793 -0.977521 0.045849 -5.36906 0.978378 -0.206509 -0.011421 -1.49397 0.0206326 0.0425073 0.998883 0
-0.193144 -0.980028 0.0473475 -5.62476 0.980653 -0.194384 -0.0231247 -1.52598 0.0318665 0.041965 0.998611 0
-0.183641 -0.981756 0.0493071 -5.90193 0.982194 -0.185283 -0.031067 -1.53624 0.039636 0.042724 0.9983 0
-0.174954 -0.983211 0.0518356 -6.18257 0.983622 -0.17686 -0.0347685 -1.55451 0.0433524 0.0449038 0.99805 0
-0.167086 -0.98452 0.0529352 -6.47506 0.984894 -0.169142 -0.0370649 -1.57927 0.0454447 0.0459426 0.99791 0
-0.159115 -0.985884 0.0521182 -6.77895 0.986165 -0.161203 -0.0386423 -1.6109 0.0464984 0.0452486 0.997893 0
-0.150817 -0.987267 0.050584 -7.08991 0.987614 -0.152715 -0.0360103 -1.64465 0.0432767 0.0445265 0.99807 0
-0.142368 -0.988635 0.0482939 -7.39919 0.988955 -0.144108 -0.0346656 -1.68541 0.0412311 0.0428252 0.998231 0
-0.133731 -0.989969 0.0455692 -7.71268 0.990203 -0.135344 -0.0343555 -1.7298 0.0401785 0.0405283 0.99837 0
-0.125126 -0.991217 0.0428067 -8.03134 0.99131 -0.12667 -0.0354931 -1.75647 0.0406037 0.0379936 0.998453 0
-0.116503 -0.992369 0.0403855 -8.3503 0.992316 -0.11801 -0.0371883 -1.77229 0.0416704 0.0357426 0.998492 0
-0.109322 -0.993263 0.038433 -8.6861 0.99298 -0.110884 -0.041186 -1.78921 0.0451701 0.0336606 0.998412 0
-0.103572 -0.993922 0.0373141 -9.0348 0.993309 -0.105289 -0.0474486 -1.81111 0.051089 0.0321501 0.998176 0
-0.0997604 -0.9943 0.0376289 -9.37652 0.993533 -0.101602 -0.0506853 -1.8384 0.0542195 0.0323292 0.998006 0
-0.0965623 -0.994578 0.0386048 -9.73574 0.993874 -0.0984436 -0.0502269 -1.85543 0.053755 0.0335182 0.997991 0
-0.0939411 -0.994801 0.0393243 -10.1284 0.994404 -0.0956744 -0.044796 -1.86179 0.0483254 0.0348961 0.998222 0
-0.0917499 -0.995026 0.0388107 -10.5112 0.994864 -0.093269 -0.0393244 -1.89363 0.0427486 0.0350033 0.998473 0
-0.0890379 -0.995349 0.0367729 -10.8716 0.995172 -0.0904311 -0.0381408 -1.91931 0.0412888 0.0331994 0.998596 0
-0.0848774 -0.99578 0.0349158 -11.2759 0.995233 -0.0864158 -0.0452003 -1.92801 0.0480268 0.0309128 0.998368 0
-0.0801882 -0.996225 0.0332439 -11.6805 0.995317 -0.081832 -0.0514503 -1.9464 0.0539766 0.0289625 0.998122 0
-0.0758654 -0.996615 0.0316541 -12.0991 0.995511 -0.0775066 -0.0543155 -1.95859 0.0565851 0.0273913 0.998022 0
-0.0716806 -0.996962 0.0304749 -12.5175 0.995799 -0.0732755 -0.0549119 -1.97951 0.0569781 0.0264108 0.998026 0
-0.0670757 -0.997299 0.0299125 -12.9451 0.996154 -0.0686325 -0.0544727 -1.99928 0.0563785 0.0261437 0.998067 0
-0.0625794 -0.997581 0.0302812 -13.3763 0.996566 -0.0641064 -0.0524001 -1.99964 0.0542146 0.0268981 0.998167 0
-0.0586056 -0.997766 0.0320847 -13.8171 0.996997 -0.0601295 -0.0487941 -2.00656 0.0506143 0.0291287 0.998293 0
-0.053982 -0.997954 0.0342649 -14.2565 0.997409 -0.0555232 -0.045743 -1.99945 0.0475519 0.0317068 0.998365 0
-0.0485753 -0.998166 0.0361197 -14.6766 0.997776 -0.0501456 -0.0439214 -2.00923 0.0456521 0.0339059 0.998382 0
-0.0435535 -0.9984 0.0360543 -15.1387 0.998049 -0.0450974 -0.0431786 -2.02211 0.0447355 0.0341033 0.998417 0
-0.0390541 -0.998629 0.0348508 -15.6024 0.99825 -0.0405414 -0.0430423 -2.03015 0.0443962 0.0331089 0.998465 0
-0.0343511 -0.998867 0.0329248 -16.0543 0.998489 -0.0357144 -0.0417538 -2.01903 0.0428824 0.0314408 0.998585 0
-0.0293441 -0.999101 0.0306007 -16.5189 0.998756 -0.0305412 -0.0394135 -1.98922 0.0403126 0.0294061 0.998754 0
-0.0244766 -0.999277 0.0290821 -16.9721 0.998972 -0.0255586 -0.0374325 -1.96577 0.0381487 0.028136 0.998876 0
-0.0196897 -0.999359 0.0298862 -17.4182 0.999071 -0.0208122 -0.0377285 -1.94786 0.0383264 0.0291155 0.998841 0
-0.0147726 -0.999447 0.0297843 -17.8982 0.999037 -0.0159842 -0.0408631 -1.95033 0.0413166 0.029152 0.998721 0
-0.0116402 -0.999485 0.0298889 -18.3788 0.99884 -0.0130191 -0.046361 -1.95852 0.0467263 0.0293146 0.998478 0
-0.00972055 -0.999497 0.0301932 -18.8814 0.998685 -0.0112236 -0.0500171 -1.9589 0.0503308 0.0296674 0.998292 0
-0.00844905 -0.999475 0.0312621 -19.3904 0.998815 -0.00993346 -0.047635 -1.9346 0.0479206 0.0308226 0.998375 0
-0.00682734 -0.999512 0.0304928 -19.8936 0.998866 -0.00825309 -0.0468803 -1.91277 0.0471091 0.0301382 0.998435 0
-0.00557283 -0.999572 0.0287342 -20.4076 0.998843 -0.00693689 -0.0475915 -1.89121 0.0477704 0.0284357 0.998454 0
-0.00386842 -0.999635 0.0267586 -20.9074 0.998754 -0.00519385 -0.0496415 -1.87254 0.0497623 0.0265332 0.998409 0
-0.00161925 -0.999681 0.0252213 -21.4113 0.998514 -0.00299005 -0.0544095 -1.84913 0.0544676 0.0250957 0.9982 0
0.000308102 -0.999724 0.0234746 -21.9051 0.998026 -0.001167 -0.062797 -1.8253 0.0628071 0.0234476 0.99775 0
0.00229618 -0.999745 0.0224725 -22.4081 0.99763 0.000744704 -0.0688038 -1.79011 0.0687696 0.0225772 0.997377 0
0.00368666 -0.999737 0.022616 -22.9055 0.997594 0.00211117 -0.0692948 -1.75813 0.0692289 0.022817 0.99734 0
0.00550773 -0.999704 0.0237034 -23.3963 0.997698 0.00389131 -0.0677055 -1.74384 0.0675932 0.0240218 0.997424 0
0.00769541 -0.999658 0.0250097 -23.8943 0.997765 0.00601578 -0.0665532 -1.73501 0.0663799 0.0254659 0.997469 0
0.0092727 -0.9996 0.0267087 -24.3789 0.997826 0.00750668 -0.0654801 -1.72703 0.0652534 0.0272578 0.997496 0
0.0106674 -0.999536 0.0285244 -24.8485 0.997805 0.00877596 -0.0656298 -1.70923 0.065349 0.0291619 0.997436 0
0.0122993 -0.999478 0.0298817 -25.3155 0.997922 0.0103791 -0.0635842 -1.68081 0.0632409 0.0306016 0.997529 0
0.0138432 -0.999467 0.0295513 -25.7958 0.998109 0.0120423 -0.0602755 -1.6451 0.0598875 0.0303298 0.997744 0
0.0152628 -0.999497 0.0277909 -26.2682 0.998319 0.0136787 -0.0563263 -1.60943 0.0559179 0.0286039 0.998026 0
0.0169319 -0.999549 0.0247871 -26.7277 0.998435 0.0155812 -0.0537065 -1.58101 0.0532961 0.0256576 0.998249 0
0.0190522 -0.999584 0.0216591 -27.1821 0.998322 0.0178345 -0.0550874 -1.56102 0.0546782 0.0226723 0.998247 0
0.0206581 -0.999597 0.0194854 -27.653 0.998026 0.0194618 -0.0597054 -1.55847 0.0593021 0.0206804 0.998026 0
0.0209406 -0.999593 0.0193536 -28.0776 0.997785 0.0196723 -0.0635449 -1.52009 0.0631384 0.0206414 0.997791 0
0.0204368 -0.999588 0.0201736 -28.5207 0.997742 0.0190996 -0.0643843 -1.48897 0.0639725 0.0214439 0.997721 0
0.0197397 -0.999564 0.0219704 -28.9732 0.997878 0.0183331 -0.062482 -1.44475 0.062052 0.0231571 0.997804 0
0.0197274 -0.999519 0.0239137 -29.4495 0.99805 0.0182703 -0.0596922 -1.41722 0.0592266 0.0250446 0.99793 0
0.0192947 -0.999499 0.025097 -29.9192 0.99803 0.0177554 -0.0601735 -1.41278 0.0596977 0.0262086 0.997872 0
0.0191604 -0.99949 0.0255338 -30.3629 0.998007 0.0175837 -0.060602 -1.38458 0.0601222 0.0266441 0.997835 0
0.0190934 -0.9995 0.0252042 -30.7969 0.997968 0.0175192 -0.0612667 -1.33947 0.0607946 0.0263227 0.997803 0
0.0184835 -0.999531 0.0244144 -31.2225 0.998113 0.017016 -0.0590049 -1.30345 0.0585618 0.0254589 0.997959 0
0.0178863 -0.999567 0.0233692 -31.6605 0.998187 0.0165085 -0.057873 -1.26596 0.0574622 0.024362 0.99805 0
0.0176964 -0.99958 0.0229284 -32.0896 0.998134 0.016321 -0.0588449 -1.24341 0.058446 0.0239269 0.998004 0
0.0165213 -0.999605 0.0227177 -32.5287 0.997886 0.0150559 -0.0632257 -1.24532 0.0628587 0.0237143 0.997741 0
0.0153044 -0.999604 0.023626 -32.9411 0.997667 0.0136939 -0.0668802 -1.22204 0.0665302 0.0245944 0.997481 0
0.0136927 -0.999608 0.024432 -33.3557 0.997442 0.0119404 -0.07048 -1.19622 0.0701606 0.0253346 0.997214 0
0.0118692 -0.999629 0.0244944 -33.7814 0.997489 0.010126 -0.0700988 -1.17707 0.0698248 0.0252649 0.997239 0
0.0094271 -0.999703 0.0224621 -34.2241 0.997652 0.00787928 -0.0680256 -1.1638 0.0678285 0.0230507 0.997431 0
0.00747488 -0.99978 0.0195985 -34.6568 0.997614 0.00611079 -0.0687608 -1.15881 0.068626 0.0200657 0.997441 0
0.00563913 -0.999843 0.016792 -35.0706 0.997644 0.00447717 -0.0684485 -1.1468 0.0683626 0.0171384 0.997513 0
0.00423878 -0.999895 0.0138663 -35.4817 0.997678 0.00328596 -0.0680294 -1.13947 0.0679767 0.0141225 0.997587 0
0.0025983 -0.99993 0.0115257 -35.8948 0.997645 0.00180205 -0.068565 -1.13427 0.0685395 0.0116767 0.99758 0
0.000732336 -0.99995 0.00993834 -36.3101 0.997519 3.08863e-05 -0.0703941 -1.10947 0.0703903 0.00996522 0.99747 0
0.000676614 -0.99992 0.0126283 -36.7193 0.997116 -0.000283861 -0.0758963 -1.08341 0.0758938 0.0126432 0.997036 0
-0.00037047 -0.999878 0.0156237 -37.1438 0.996732 -0.00163133 -0.080767 -1.06907 0.0807826 0.0155427 0.996611 0
-0.00188948 -0.999805 0.0196513 -37.5749 0.996719 -0.00347306 -0.0808635 -1.048 0.080916 0.019434 0.996531 0
-0.00366306 -0.999719 0.0234148 -38.0052 0.996913 -0.00548718 -0.0783248 -1.01769 0.0784312 0.0230557 0.996653 0
-0.00476645 -0.999652 0.0259375 -38.4361 0.997177 -0.00669518 -0.0747891 -0.995412 0.0749368 0.0255078 0.996862 0
-0.00571734 -0.999624 0.0268211 -38.8567 0.997339 -0.00764954 -0.0724976 -0.989569 0.0726755 0.0263352 0.997008 0
-0.00670719 -0.999643 0.0258777 -39.2554 0.997366 -0.00855634 -0.0720256 -0.985261 0.0722213 0.0253265 0.997067 0
-0.00764443 -0.999705 0.0230693 -39.6424 0.997371 -0.00928498 -0.0718686 -0.974374 0.0720616 0.0224593 0.997147 0
-0.00819677 -0.999778 0.019395 -40.0258 0.997394 -0.00956449 -0.071512 -0.95498 0.0716817 0.0187583 0.997251 0
-0.00888864 -0.999833 0.0159627 -40.417 0.997473 -0.00999064 -0.0703396 -0.931836 0.0704873 0.0152972 0.997395 0
-0.00849439 -0.999862 0.0142669 -40.833 0.997461 -0.00948108 -0.0705784 -0.904232 0.0707039 0.0136312 0.997404 0
-0.00735506 -0.999863 0.0148252 -41.2183 0.997318 -0.00841449 -0.0727071 -0.904681 0.072822 0.0142507 0.997243 0
-0.00756877 -0.999847 0.0158018 -41.6114 0.997153 -0.00873211 -0.0748931 -0.900468 0.0750196 0.01519 0.997066 0
-0.00740951 -0.99984 0.0162683 -42.0238 0.996995 -0.00864105 -0.0769869 -0.890342 0.0771152 0.015649 0.996899 0
-0.0068813 -0.999834 0.0168559 -42.4345 0.997029 -0.00815345 -0.0765985 -0.870924 0.0767232 0.0162787 0.99692 0
-0.00679284 -0.999818 0.0178038 -42.8582 0.997185 -0.00810232 -0.0745391 -0.849159 0.0746698 0.0172473 0.997059 0
-0.00594427 -0.999796 0.0192873 -43.2523 0.997507 -0.00728462 -0.0701861 -0.846328 0.0703123 0.018822 0.997347 0
-0.00504134 -0.999769 0.0208791 -43.6418 0.997737 -0.00642881 -0.0669267 -0.829852 0.0670455 0.0204944 0.997539 0
-0.0033927 -0.999746 0.0222983 -44.0491 0.997777 -0.0048683 -0.0664565 -0.822625 0.0665481 0.0220233 0.99754 0
-0.000230619 -0.999716 0.0238235 -44.4374 0.997586 -0.00188427 -0.069415 -0.807264 0.0694402 0.0237499 0.997303 0
0.00249491 -0.99968 0.0251676 -44.8403 0.99731 0.000643683 -0.0732966 -0.793962 0.0732569 0.0252828 0.996993 0
0.00443333 -0.999645 0.0262835 -45.2461 0.99724 0.00247181 -0.0741977 -0.739344 0.0741064 0.0265399 0.996897 0
0.00646949 -0.999599 0.0275857 -45.6285 0.997367 0.00445751 -0.0723819 -0.70841 0.0722299 0.0279814 0.996995 0
0.00909711 -0.999558 0.0282873 -46.0366 0.997543 0.0071066 -0.0696889 -0.711806 0.0694572 0.0288518 0.997168 0
0.00978553 -0.999552 0.0282816 -46.4743 0.997355 0.00771904 -0.0722754 -0.698845 0.0720247 0.0289141 0.996984 0
0.010817 -0.999547 0.0280917 -46.9046 0.997161 0.0086892 -0.0747923 -0.692751 0.0745144 0.0288209 0.996803 0
0.0116311 -0.999542 0.0279284 -47.3219 0.99717 0.00951964 -0.0745778 -0.676271 0.0742778 0.0287168 0.996824 0
0.0116621 -0.999569 0.0269371 -47.7315 0.997231 0.00964789 -0.0737321 -0.646272 0.0734404 0.0277223 0.996914 0
0.0110168 -0.999629 0.0248929 -48.152 0.997242 0.00915639 -0.0736495 -0.616243 0.0733943 0.0256356 0.996974 0
0.0109783 -0.999692 0.0222748 -48.5798 0.997032 0.00924594 -0.0764342 -0.579069 0.0762046 0.0230478 0.996826 0
0.0113586 -0.99973 0.0202451 -49.0245 0.996568 0.00965777 -0.0822128 -0.562227 0.0819951 0.0211094 0.996409 0
0.0114031 -0.999758 0.0188117 -49.4772 0.996133 0.0097188 -0.0873139 -0.537636 0.0871099 0.0197346 0.996003 0
0.0113228 -0.999778 0.0177983 -49.9354 0.995754 0.00964754 -0.0915441 -0.501229 0.091352 0.0187593 0.995642 0
0.0115142 -0.999774 0.0178676 -50.4019 0.995507 0.00978193 -0.0941768 -0.481871 0.0939808 0.0188717 0.995395 0
0.0114011 -0.999761 0.0186338 -50.8705 0.995575 0.00961104 -0.0934791 -0.462439 0.0932777 0.0196171 0.995447 0
0.011183 -0.999744 0.0196785 -51.3438 0.995809 0.00934822 -0.090975 -0.438918 0.0907678 0.0206134 0.995659 0
0.0112318 -0.999724 0.0206472 -51.8132 0.996188 0.00940096 -0.0867229 -0.417478 0.0865048 0.0215425 0.996019 0
0.0109216 -0.999725 0.0207591 -52.3137 0.99662 0.00919262 -0.0816292 -0.388184 0.0814159 0.0215804 0.996447 0
0.0108508 -0.999728 0.020649 -52.8266 0.996796 0.00917774 -0.0794571 -0.362363 0.0792459 0.021445 0.996624 0
0.0108233 -0.999732 0.0204773 -53.3014 0.996811 0.00916791 -0.0792744 -0.349559 0.0790654 0.02127 0.996643 0
0.0101753 -0.999739 0.0204715 -53.7736 0.996738 0.00850132 -0.0802564 -0.334061 0.0800614 0.0212213 0.996564 0
0.00933838 -0.999755 0.02009 -54.23 0.996471 0.00762779 -0.0835964 -0.303176 0.0834226 0.0207998 0.996297 0
0.00846654 -0.999773 0.0195627 -54.7338 0.996227 0.00674344 -0.0865267 -0.272121 0.0863751 0.0202215 0.996058 0
0.00754343 -0.999787 0.0191924 -55.2179 0.996243 0.00585815 -0.0863979 -0.248484 0.0862671 0.019772 0.996076 0
0.00733082 -0.99979 0.0191436 -55.706 0.996438 0.00569515 -0.0841384 -0.228979 0.0840117 0.0196922 0.99627 0
0.00638593 -0.999798 0.019062 -56.1817 0.996676 0.00481537 -0.0813304 -0.200419 0.0812221 0.019518 0.996505 0
0.00541885 -0.999798 0.0193795 -56.6542 0.99696 0.00389489 -0.0778243 -0.182395 0.0777331 0.0197423 0.996779 0
0.00447468 -0.999791 0.0199498 -57.1298 0.997014 0.00292255 -0.0771621 -0.162144 0.0770877 0.0202355 0.996819 0
0.00433328 -0.999784 0.020349 -57.6052 0.996704 0.00266974 -0.0810757 -0.146517 0.0810038 0.0206332 0.9965 0
0.00402828 -0.999775 0.0208096 -58.0949 0.996184 0.0021977 -0.0872525 -0.132815 0.0871872 0.0210817 0.995969 0
0.00345866 -0.999777 0.0208082 -58.583 0.995779 0.00153488 -0.0917671 -0.108668 0.0917147 0.0210378 0.995563 0
0.00274582 -0.999788 0.0204034 -59.0709 0.995561 0.000813598 -0.0941101 -0.0509995 0.0940736 0.0205713 0.995353 0
0.00230493 -0.999791 0.0203002 -59.5322 0.995661 0.000406015 -0.0930527 -0.0183662 0.0930251 0.0204266 0.995454 0
0.00263131 -0.999791 0.0202956 -60.0013 0.9958 0.000762345 -0.0915508 0.0170299 0.0915161 0.0204512 0.995594 0
0.00284936 -0.999786 0.0204704 -60.4755 0.99592 0.000990661 -0.0902401 0.0460119 0.0902006 0.020644 0.99571 0
0.00428279 -0.999775 0.0207635 -60.9565 0.99594 0.00239736 -0.0899919 0.0675245 0.0899219 0.0210646 0.995726 0
0.00573846 -0.999777 0.0203476 -61.4477 0.995988 0.00389718 -0.0894035 0.0820477 0.0893042 0.020779 0.995788 0
0.00620386 -0.999784 0.0198439 -61.9227 0.99599 0.00440665 -0.0893602 0.105168 0.0892534 0.0203187 0.995802 0
0.00725734 -0.99978 0.0196905 -62.3888 0.996095 0.00549509 -0.0881191 0.132477 0.0879915 0.0202531 0.995915 0
0.00789632 -0.999769 0.0200123 -62.846 0.996057 0.00609538 -0.0885045 0.158235 0.088362 0.0206323 0.995875 0
0.00853524 -0.999757 0.0203335 -63.3018 0.995992 0.00668908 -0.089192 0.175782 0.0890343 0.0210132 0.995807 0
0.00912322 -0.99975 0.0204299 -63.7664 0.995799 0.00722189 -0.0912762 0.189592 0.0911058 0.0211768 0.995616 0
0.0098521 -0.999744 0.0203598 -64.2103 0.99561 0.00791214 -0.0932585 0.21521 0.0930735 0.0211893 0.995434 0
0.0104664 -0.999739 0.0202907 -64.6418 0.995367 0.00847682 -0.0957716 0.235746 0.0955747 0.0211991 0.995196 0
0.0106987 -0.999751 0.0195823 -65.0699 0.995166 0.0087337 -0.097815 0.267177 0.0976196 0.0205341 0.995012 0
0.0114342 -0.999749 0.0192814 -65.507 0.995119 0.00948682 -0.0982239 0.279377 0.0980163 0.0203104 0.994978 0
0.011975 -0.999737 0.0195656 -65.9437 0.995083 0.00999073 -0.0985408 0.287493 0.0983194 0.0206494 0.994941 0
0.0125268 -0.99972 0.020097 -66.3703 0.994971 0.0104648 -0.0996109 0.312148 0.0993726 0.0212437 0.994824 0
0.0135766 -0.999693 0.0207271 -66.7995 0.994917 0.0114374 -0.100049 0.340418 0.0997814 0.0219801 0.994767 0
0.01449 -0.999678 0.0208395 -67.2458 0.994971 0.0123497 -0.0993982 0.364259 0.0991088 0.0221749 0.99483 0
0.0152208 -0.999666 0.020903 -67.6963 0.99506 0.0130929 -0.0984078 0.390508 0.0981013 0.0222976 0.994927 0
0.0161563 -0.999647 0.0210723 -68.1408 0.99511 0.0140218 -0.0977767 0.406591 0.0974467 0.0225489 0.994985 0
0.0166444 -0.999666 0.019777 -68.557 0.994909 0.0145925 -0.0997127 0.421175 0.0993908 0.021336 0.99482 0
0.0168178 -0.999691 0.0182903 -68.9744 0.99482 0.0148962 -0.10055 0.454766 0.100247 0.0198866 0.994764 0
0.0174739 -0.999695 0.0174493 -69.3782 0.994987 0.0156675 -0.0987731 0.508399 0.0984696 0.0190877 0.994957 0
0.0187264 -0.999663 0.0179855 -69.8148 0.995331 0.0169356 -0.0950251 0.53643 0.0946885 0.019681 0.995312 0
0.0194173 -0.999637 0.0186907 -70.2698 0.995722 0.0176454 -0.0907013 0.553543 0.0903386 0.0203719 0.995703 0
0.0213272 -0.999586 0.0193098 -70.7216 0.995754 0.0195076 -0.0899632 0.567516 0.0895493 0.0211465 0.995758 0
0.0233712 -0.999529 0.0198725 -71.1692 0.995666 0.0214819 -0.0904816 0.59438 0.0900121 0.021901 0.9957 0
0.0257881 -0.999466 0.0200436 -71.6152 0.995527 0.0238532 -0.0914169 0.633334 0.09089 0.0223114 0.995611 0
0.0282694 -0.999409 0.0195466 -72.0687 0.995362 0.0263453 -0.0925238 0.686142 0.0919542 0.0220716 0.995519 0
0.0317189 -0.999316 0.0190124 -72.5337 0.995072 0.0297848 -0.0945781 0.733077 0.0939472 0.0219186 0.995336 0
0.0354503 -0.999187 0.01922 -72.9766 0.995007 0.0334935 -0.0940176 0.766923 0.0932974 0.022457 0.995385 0
0.0393765 -0.999022 0.0201043 -73.4291 0.99489 0.0373256 -0.0938163 0.80083 0.0929741 0.0236957 0.995387 0
0.0428721 -0.998846 0.021674 -73.8968 0.994861 0.0406892 -0.0927173 0.831982 0.0917283 0.0255376 0.995457 0
0.0459943 -0.998677 0.0229931 -74.3959 0.994944 0.0437407 -0.0904106 0.881795 0.0892853 0.0270353 0.995639 0
0.0491335 -0.998509 0.0237701 -74.9036 0.994982 0.0468554 -0.0884063 0.913897 0.0871608 0.0279945 0.995801 0
0.0503666 -0.998451 0.0236189 -75.413 0.99512 0.0481614 -0.0861177 0.953069 0.0848468 0.0278411 0.996005 0
0.0501095 -0.998464 0.0236214 -75.8824 0.995268 0.0479497 -0.0845113 1.00204 0.0832489 0.0277444 0.996143 0
0.0501549 -0.998449 0.0241829 -76.3486 0.995454 0.048012 -0.0822623 1.05885 0.0809736 0.0281988 0.996317 0
0.0511487 -0.998385 0.0247037 -76.8225 0.995545 0.04901 -0.0805511 1.11794 0.0792104 0.0287137 0.996444 0
0.0522194 -0.998327 0.0248112 -77.3076 0.995528 0.0500823 -0.0800977 1.15341 0.0787211 0.0288829 0.996478 0
0.0527404 -0.998318 0.0240577 -77.784 0.995493 0.0506591 -0.0801739 1.18486 0.0788203 0.0281777 0.996491 0
0.0527678 -0.998393 0.0206792 -78.3234 0.9954 0.0509288 -0.0811467 1.24481 0.0799632 0.0248661 0.996488 0
0.0528798 -0.998451 0.0173051 -78.8413 0.9957 0.0513982 -0.0770729 1.31034 0.0760641 0.0213063 0.996875 0
0.0513294 -0.998573 0.0147314 -79.3385 0.99618 0.0501517 -0.0714881 1.35545 0.0706473 0.0183446 0.997333 0
0.0490976 -0.998708 0.0131021 -79.8565 0.996638 0.0481258 -0.0663138 1.38965 0.0655976 0.0163139 0.997713 0
0.0470393 -0.998823 0.0118649 -80.354 0.996925 0.0461981 -0.0632921 1.4315 0.0626695 0.0148056 0.997925 0
0.0447359 -0.998936 0.0112044 -80.8389 0.997032 0.0439416 -0.0632154 1.47638 0.0626558 0.0139991 0.997937 0
0.0422839 -0.999038 0.0116035 -81.3575 0.99705 0.0414494 -0.0645938 1.53652 0.0640508 0.0143006 0.997844 0
0.0393662 -0.999136 0.0133571 -81.8735 0.997177 0.0384267 -0.0645028 1.59396 0.0639338 0.0158586 0.997828 0
0.0361983 -0.999214 0.016184 -82.383 0.997323 0.0350909 -0.0641462 1.65171 0.0635278 0.0184627 0.997809 0
0.0328178 -0.999275 0.019324 -82.8964 0.997459 0.0315226 -0.0638929 1.67709 0.0632374 0.0213717 0.99777 0
0.0296761 -0.999317 0.021995 -83.4182 0.997545 0.028213 -0.0640841 1.69873 0.0634198 0.0238428 0.997702 0
0.0267236 -0.999351 0.0241426 -83.9379 0.997543 0.025095 -0.0654083 1.7331 0.06476 0.0258312 0.997567 0
0.0235332 -0.9994 0.0254244 -84.4609 0.997517 0.0217851 -0.066973 1.77636 0.0663789 0.0269374 0.997431 0
0.0208891 -0.999446 0.0259189 -84.9991 0.997541 0.0191005 -0.0674303 1.8247 0.0668979 0.0272637 0.997387 0
0.0191589 -0.999487 0.025669 -85.5334 0.997498 0.017361 -0.0685226 1.86368 0.0680418 0.0269176 0.997319 0
0.0170133 -0.999547 0.0248266 -86.0801 0.997566 0.0152899 -0.0680316 1.88117 0.0676212 0.0259236 0.997374 0
0.0156712 -0.999623 0.022547 -86.6048 0.997693 0.0141434 -0.0663919 1.89918 0.066048 0.0235355 0.997539 0
0.0155326 -0.999671 0.0204023 -87.1225 0.997734 0.01416 -0.0657786 1.90535 0.065468 0.0213778 0.997626 0
0.0158712 -0.9997 0.0186347 -87.6456 0.99768 0.0145998 -0.0664859 1.92206 0.0661939 0.0196467 0.997613 0
0.0171383 -0.999686 0.0182809 -88.1558 0.997583 0.0158652 -0.0676498 1.97187 0.0673385 0.0193961 0.997542 0
0.0188149 -0.999631 0.0196164 -88.6659 0.997495 0.0174292 -0.0685625 2.02887 0.0681953 0.0208572 0.997454 0
0.0218143 -0.999494 0.023146 -89.2036 0.997499 0.0202023 -0.0677318 2.06029 0.0672299 0.0245657 0.997435 0
0.0249361 -0.99934 0.0263984 -89.7375 0.9975 0.0231265 -0.0667681 2.10362 0.0661136 0.0279974 0.997419 0
0.0282654 -0.999176 0.0291179 -90.2706 0.997492 0.0263031 -0.0657017 2.13832 0.0648817 0.0309019 0.997414 0
0.0314286 -0.999085 0.0289971 -90.8055 0.997386 0.02946 -0.0659838 2.17564 0.0650692 0.0309951 0.997399 0
0.0337286 -0.99908 0.0264981 -91.3607 0.997417 0.0319664 -0.0643243 2.21279 0.063418 0.0285992 0.997577 0
0.036099 -0.999089 0.0227761 -91.9049 0.997538 0.0346532 -0.0609622 2.26834 0.0601174 0.0249207 0.99788 0
0.0387023 -0.999072 0.0189177 -92.4436 0.997729 0.0375919 -0.0558919 2.32136 0.0551289 0.0210379 0.998258 0
0.0402178 -0.999053 0.0165866 -92.9786 0.99787 0.0393056 -0.0520706 2.34803 0.0513693 0.0186454 0.998506 0
0.0418506 -0.998985 0.0166314 -93.5097 0.997745 0.0409127 -0.0532129 2.37235 0.0524785 0.0188209 0.998445 0
0.0434523 -0.998905 0.0173304 -94.0775 0.997433 0.0423871 -0.0577062 2.42426 0.0569085 0.0197934 0.998183 0
0.0444843 -0.99887 0.0167357 -94.6363 0.997158 0.043376 -0.0615998 2.47155 0.0608043 0.0194284 0.997961 0
0.0456582 -0.998849 0.0146756 -95.1734 0.997113 0.0446768 -0.0613896 2.54088 0.0606633 0.0174362 0.998006 0
0.0467118 -0.998824 0.0129639 -95.7094 0.997174 0.0458622 -0.0595074 2.60122 0.0588429 0.015707 0.998144 0
0.0478404 -0.998787 0.0116795 -96.2476 0.997347 0.0471226 -0.0554892 2.64107 0.0548716 0.0143031 0.998391 0
0.048909 -0.998747 0.0105775 -96.7941 0.997454 0.0482899 -0.0524711 2.66886 0.0518945 0.0131169 0.998567 0
0.049386 -0.998741 0.00875614 -97.3741 0.997427 0.0488612 -0.0524534 2.73136 0.0519596 0.0113241 0.998585 0
0.0492321 -0.998751 0.00853379 -97.9235 0.997431 0.0487184 -0.0525148 2.78208 0.0520335 0.0110973 0.998584 0
0.0492306 -0.998739 0.00980436 -98.4633 0.997441 0.0486522 -0.052395 2.84286 0.051852 0.0123587 0.998578 0
0.0495606 -0.998681 0.0133779 -98.9999 0.997463 0.0488059 -0.051822 2.90137 0.0511008 0.0159123 0.998567 0
0.0491074 -0.99864 0.0175161 -99.5491 0.997501 0.0481444 -0.0517105 2.97054 0.0507969 0.0200117 0.998509 0
0.0480477 -0.998627 0.0208696 -100.099 0.997635 0.0469507 -0.0502078 3.03373 0.0491591 0.0232326 0.998521 0
0.0469015 -0.998674 0.0212184 -100.668 0.997729 0.0458082 -0.0493689 3.07916 0.0483315 0.0234857 0.998555 0
0.0456645 -0.998769 0.0194013 -101.255 0.99784 0.0446867 -0.0481501 3.13113 0.0472238 0.0215582 0.998652 0
0.0441931 -0.9989 0.0156529 -101.85 0.997898 0.0433944 -0.048138 3.18646 0.0474059 0.0177473 0.998718 0
0.0431944 -0.998999 0.0116253 -102.384 0.997955 0.0425948 -0.0476512 3.23567 0.0471083 0.0136598 0.998796 0
0.0419766 -0.999078 0.00894386 -102.922 0.998125 0.041534 -0.0449631 3.27665 0.0445502 0.0108145 0.998949 0
0.0409647 -0.999129 0.00796354 -103.473 0.998273 0.0405911 -0.04247 3.3272 0.0421098 0.00968957 0.999066 0
0.0401187 -0.999157 0.00875389 -104.036 0.998351 0.0397231 -0.0414497 3.36971 0.041067 0.0104024 0.999102 0
0.0393615 -0.999175 0.00999855 -104.616 0.99841 0.0389234 -0.0407684 3.41262 0.0403456 0.0115873 0.999119 0
0.0382756 -0.999215 0.0102248 -105.236 0.998445 0.037827 -0.040958 3.4629 0.0405391 0.0117766 0.999109 0
0.0372531 -0.999247 0.0108817 -105.851 0.998489 0.0367801 -0.0408319 3.51436 0.040401 0.0123864 0.999107 0
0.0367146 -0.999257 0.0116917 -106.429 0.998506 0.0362081 -0.0409301 3.56555 0.0404763 0.013177 0.999094 0
0.0360807 -0.999272 0.0124082 -106.998 0.998537 0.0355484 -0.0407342 3.60463 0.0402635 0.0138597 0.999093 0
0.0352625 -0.999297 0.0127136 -107.574 0.998568 0.0347189 -0.0407035 3.64711 0.0402335 0.0141307 0.99909 0
0.0338245 -0.999351 0.0123942 -108.183 0.998648 0.0333057 -0.0399096 3.69539 0.039471 0.0137274 0.999126 0
0.0328151 -0.999396 0.011444 -108.777 0.998709 0.032344 -0.039172 3.73863 0.0387782 0.0127146 0.999167 0
0.0322232 -0.99943 0.0100795 -109.363 0.998723 0.0318046 -0.0392515 3.78978 0.0389085 0.0113314 0.999179 0
0.031372 -0.999464 0.00935061 -109.958 0.998761 0.0309857 -0.0389283 3.82905 0.0386177 0.0105603 0.999198 0
0.0297698 -0.999506 0.0100933 -110.538 0.998859 0.0293702 -0.0376667 3.87361 0.0373516 0.0112031 0.999239 0
0.0290073 -0.999501 0.0124978 -111.11 0.998954 0.0285448 -0.035719 3.91893 0.0353444 0.0135209 0.999284 0
0.0285607 -0.99948 0.0149916 -111.688 0.998998 0.0280234 -0.0349024 3.9644 0.0344642 0.0159734 0.999278 0
0.0275614 -0.999486 0.0163856 -112.29 0.998972 0.0269495 -0.0364604 3.99182 0.0360001 0.0173736 0.999201 0
0.0259648 -0.999514 0.0172288 -112.898 0.998994 0.0253134 -0.0370074 4.04082 0.0365533 0.0181723 0.999166 0
0.0251265 -0.999533 0.0173976 -113.512 0.99904 0.024482 -0.0363153 4.0834 0.0358724 0.0182934 0.999189 0
0.024594 -0.999515 0.019129 -114.091 0.999186 0.0239648 -0.0324496 4.13207 0.0319754 0.0199115 0.99929 0
0.0240508 -0.999499 0.0205771 -114.674 0.999279 0.0234305 -0.0298737 4.1633 0.0293767 0.0212807 0.999342 0
0.0231505 -0.99951 0.0210898 -115.272 0.999332 0.0225395 -0.0287617 4.19557 0.0282722 0.0217415 0.999364 0
0.0220065 -0.99955 0.0204006 -115.839 0.999347 0.021408 -0.0291062 4.24488 0.0286563 0.0210278 0.999368 0
0.0214249 -0.99958 0.0194954 -116.42 0.999342 0.0208405 -0.0297002 4.28942 0.0292815 0.0201189 0.999369 0
0.0207488 -0.999616 0.0183914 -117.018 0.999334 0.0201835 -0.0304081 4.32282 0.0300252 0.0190101 0.999368 0
0.0204244 -0.99964 0.0173868 -117.62 0.999332 0.0198848 -0.0306614 4.34686 0.0303047 0.0180014 0.999379 0
0.0199562 -0.999674 0.0159512 -118.213 0.999363 0.0194731 -0.0298903 4.36829 0.0295699 0.0165375 0.999426 0
0.0191582 -0.999717 0.0141069 -118.799 0.999444 0.0187642 -0.0275486 4.40466 0.0272761 0.0146269 0.999521 0
0.018906 -0.999755 0.0115288 -119.39 0.999561 0.0186365 -0.0230498 4.42888 0.0228293 0.0119595 0.999668 0
0.0192586 -0.99977 0.00939104 -119.971 0.999627 0.019072 -0.0195606 4.45215 0.019377 0.00976423 0.999765 0
0.0189913 -0.999785 0.00829015 -120.53 0.999672 0.0188451 -0.0173657 4.47997 0.0172058 0.00861721 0.999815 0
0.0183104 -0.999797 0.00843954 -121.108 0.999711 0.0181759 -0.0157505 4.51517 0.0155939 0.00872549 0.99984 0
0.0182132 -0.999789 0.00953405 -121.683 0.99974 0.0180799 -0.0138761 4.56232 0.0137008 0.00978429 0.999858 0
0.01835 -0.999765 0.0115127 -122.266 0.999766 0.0182157 -0.0116601 4.60476 0.0114477 0.011724 0.999866 0
0.0185106 -0.999737 0.0135628 -122.859 0.99978 0.0183743 -0.010105 4.62631 0.00985318 0.0137468 0.999857 0
0.018251 -0.999702 0.0162344 -123.453 0.999804 0.0181226 -0.00801991 4.67073 0.00772331 0.0163776 0.999836 0
0.0175214 -0.999663 0.0191486 -124.041 0.999826 0.0173968 -0.00665788 4.71557 0.00632253 0.0192619 0.999794 0
0.017193 -0.999613 0.0218444 -124.637 0.999836 0.0170625 -0.00614001 4.75198 0.00576493 0.0219464 0.999743 0
0.0175219 -0.999601 0.0221666 -125.217 0.999826 0.0173769 -0.00671615 4.78108 0.00632828 0.0222804 0.999732 0
0.0177421 -0.999641 0.0200924 -125.816 0.99983 0.0176379 -0.00535352 4.81366 0.00499722 0.020184 0.999784 0
0.0173265 -0.99973 0.0155065 -126.413 0.999848 0.0172928 -0.00230864 4.8534 0.00203986 0.0155441 0.999877 0
0.0174641 -0.999792 0.0105784 -126.99 0.999847 0.0174733 0.000784747 4.87735 -0.000969421 0.0105631 0.999944 0
0.0175057 -0.999823 0.00693962 -127.558 0.999837 0.0175356 0.00427268 4.93793 -0.0043936 0.0068637 0.999967 0
0.0184169 -0.999808 0.00665366 -128.122 0.999792 0.0184741 0.00864098 4.97361 -0.00876225 0.00649314 0.999941 0
0.0197082 -0.999758 0.00981617 -128.675 0.99973 0.0198262 0.0120727 4.99064 -0.0122644 0.00957559 0.999879 0
0.0204112 -0.999672 0.015451 -129.227 0.999715 0.0205983 0.0120462 5.02132 -0.0123605 0.0152007 0.999808 0
0.0202431 -0.999567 0.0213475 -129.79 0.999742 0.0204569 0.00984691 5.06807 -0.0102794 0.0211427 0.999724 0
0.0199481 -0.999476 0.0255066 -130.383 0.999752 0.0201924 0.00935759 5.11028 -0.00986772 0.0253137 0.999631 0
0.0208097 -0.999443 0.0260778 -130.972 0.999721 0.0210935 0.0106565 5.15354 -0.0112006 0.0258488 0.999603 0
0.0222067 -0.999486 0.0231052 -131.546 0.99966 0.0225148 0.0131641 5.18349 -0.0136776 0.022805 0.999646 0
0.0231513 -0.999571 0.0179271 -132.093 0.999665 0.0233538 0.011172 5.21602 -0.0115859 0.0176624 0.999777 0
0.0233004 -0.999631 0.0139773 -132.626 0.999668 0.02345 0.0106374 5.24448 -0.0109613 0.0137248 0.999846 0
0.0224072 -0.99967 0.0125848 -133.167 0.999678 0.0225541 0.0116549 5.27477 -0.0119349 0.0123196 0.999853 0
0.0216853 -0.999666 0.0140785 -133.726 0.999656 0.0218886 0.0144509 5.31306 -0.0147542 0.0137602 0.999796 0
0.0219574 -0.9996 0.0178244 -134.276 0.99963 0.0222376 0.0156814 5.32837 -0.0160715 0.0174735 0.999718 0
