0.0206091 -0.999327 0.0303298 0.0675573 0.999763 0.0208129 0.00641667 -0.066335 -0.00704361 0.0301904 0.999519 0
0.0118105 -0.999693 -0.0217773 -0.00960525 0.999871 0.0120432 -0.0105847 0.00542531 0.0108437 -0.0216495 0.999707 0
0.0114002 -0.999659 -0.0235056 -0.00566367 0.999669 0.0119362 -0.0227907 0.00478816 0.0230635 -0.023238 0.999464 0
0.0109154 -0.999696 -0.0220849 -0.00574959 0.999665 0.0114281 -0.0232214 0.00322608 0.0234667 -0.0218241 0.999486 0
0.0101388 -0.999707 -0.0219683 -0.00867386 0.999672 0.0106499 -0.0232766 0.00269806 0.0235037 -0.0217252 0.999488 0
0.00953382 -0.999713 -0.0219951 -0.00789429 0.99967 0.0100533 -0.0236296 0.00349621 0.023844 -0.0217626 0.999479 0
0.0111444 -0.999604 -0.0258519 0.00597012 0.999756 0.0116318 -0.0187806 -0.00482282 0.0190739 -0.0256363 0.999489 0
0.0126991 -0.999501 -0.0289272 0.0123549 0.999788 0.0131617 -0.0158556 -0.00531025 0.0162284 -0.0287197 0.999456 0
0.0146097 -0.999404 -0.0312881 0.00720819 0.999786 0.0150584 -0.0141544 -0.00296578 0.0146171 -0.0310746 0.99941 0
0.0164626 -0.999339 -0.0323999 -0.00139874 0.999775 0.0168858 -0.01283 0.00321753 0.0133686 -0.0321814 0.999393 0
0.017758 -0.999318 -0.0323622 -0.0135367 0.999758 0.018167 -0.0123875 0.0130894 0.012967 -0.0321344 0.999399 0
0.0190451 -0.999323 -0.0314717 -0.0264263 0.999726 0.0194615 -0.0129795 0.0216311 0.0135832 -0.0312159 0.99942 0
0.0050537 -0.999652 -0.0258915 -0.0474666 0.999807 0.00554317 -0.0188677 0.0265431 0.0190047 -0.0257911 0.999487 0
0.00880226 -0.999686 -0.0234578 -0.0446754 0.999756 0.00927314 -0.0200405 0.0305422 0.0202518 -0.0232757 0.999524 0
0.0122456 -0.999703 -0.0210942 -0.0370598 0.999654 0.0127305 -0.0230086 0.0285409 0.0232703 -0.0208052 0.999513 0
0.0146455 -0.999738 -0.0176114 -0.0221848 0.999525 0.0151154 -0.0268514 0.0191175 0.0271105 -0.0172097 0.999484 0
0.0159534 -0.999789 -0.0129061 0.00109343 0.999364 0.0163558 -0.0317001 0.00308846 0.0319046 -0.0123922 0.999414 0
0.0162509 -0.999843 -0.00710993 0.0353568 0.999161 0.0165064 -0.0374834 -0.0208159 0.0375949 -0.00649482 0.999272 0
0.0151034 -0.999886 -0.000387404 0.0813066 0.998895 0.0151056 -0.0445123 -0.0523934 0.0445131 0.000285309 0.999009 0
0.0124611 -0.999898 0.00700379 0.140624 0.998564 0.0120789 -0.0521995 -0.0900149 0.0521096 0.0076442 0.998612 0
0.0083335 -0.999843 0.0156227 0.216459 0.998085 0.00735928 -0.0614116 -0.132889 0.061287 0.0161046 0.99799 0
0.00219745 -0.999693 0.0246735 0.308687 0.997475 0.000439645 -0.0710232 -0.178396 0.0709905 0.0247672 0.997169 0
-0.00222719 -0.999694 0.0246387 0.2801 0.99774 -0.00387612 -0.067081 -0.141617 0.0671559 0.0244336 0.997443 0
-0.00800432 -0.999701 0.0230829 0.247079 0.997872 -0.00947919 -0.0645098 -0.105612 0.0647094 0.0225175 0.99765 0
-0.0148918 -0.999652 0.0217595 0.219613 0.997904 -0.0162292 -0.062637 -0.066487 0.0629683 0.0207811 0.997799 0
-0.0229937 -0.999524 0.0205539 0.195517 0.997864 -0.0242031 -0.060672 -0.0194668 0.0611406 0.0191149 0.997946 0
-0.031929 -0.999296 0.0196944 0.175158 0.997761 -0.0330261 -0.0581549 0.0324111 0.0587644 0.0177935 0.998113 0
-0.0413165 -0.998972 0.0186718 0.157666 0.997539 -0.0423024 -0.055923 0.0863826 0.0566554 0.0163153 0.99826 0
-0.0919833 -0.995341 0.0289023 0.251527 0.993529 -0.0936806 -0.0642182 0.157975 0.0666266 0.0228082 0.997517 0
-0.104601 -0.994042 0.0306533 0.266167 0.992437 -0.106324 -0.0613504 0.215955 0.0642441 0.0240042 0.997645 0
-0.116602 -0.99268 0.0314757 0.278913 0.99114 -0.118334 -0.060313 0.272365 0.0635961 0.0241642 0.997683 0
-0.127136 -0.991347 0.0326678 0.290696 0.989875 -0.128905 -0.0594186 0.324334 0.0631155 0.0247828 0.997698 0
-0.137059 -0.989996 0.0335041 0.293111 0.988577 -0.138847 -0.0586219 0.37249 0.0626874 0.0250868 0.997718 0
-0.14489 -0.988879 0.0335476 0.284312 0.98742 -0.146679 -0.0590555 0.411847 0.0633195 0.024569 0.997691 0
-0.148085 -0.988484 0.0311521 0.275082 0.986748 -0.14979 -0.0623765 0.442002 0.0663245 0.0215022 0.997566 0
-0.149899 -0.988305 0.0279766 0.271371 0.986448 -0.151407 -0.0632166 0.466884 0.0667131 0.0181214 0.997608 0
-0.149968 -0.988306 0.0275962 0.274161 0.986419 -0.151456 -0.063543 0.480044 0.0669795 0.017692 0.997597 0
-0.147735 -0.988609 0.0287429 0.270125 0.986771 -0.149298 -0.0631969 0.47759 0.0667683 0.0190262 0.997587 0
-0.146748 -0.988729 0.0296588 0.25779 0.98676 -0.148417 -0.0653957 0.465118 0.0690605 0.0196694 0.997419 0
-0.145776 -0.988843 0.0306544 0.242947 0.986639 -0.14759 -0.0689926 0.452315 0.0727471 0.0201873 0.997146 0
-0.14488 -0.988949 0.0314598 0.236174 0.986444 -0.146843 -0.07325 0.446279 0.0770601 0.0204209 0.996817 0
-0.1451 -0.988904 0.0318471 0.237069 0.986232 -0.147139 -0.0754756 0.443661 0.0793241 0.020457 0.996639 0
-0.145215 -0.98888 0.0320751 0.247592 0.986064 -0.147309 -0.0773099 0.441724 0.0811751 0.0204015 0.996491 0
-0.145617 -0.988821 0.0320766 0.257342 0.985924 -0.14773 -0.0782963 0.439394 0.0821596 0.0202239 0.996414 0
-0.145908 -0.988774 0.0322018 0.261803 0.985874 -0.148032 -0.0783475 0.436635 0.0822349 0.0203154 0.996406 0
-0.145894 -0.988783 0.0320008 0.263755 0.985907 -0.147994 -0.0780032 0.438015 0.0818641 0.0201696 0.996439 0
-0.146414 -0.988717 0.031655 0.261151 0.985948 -0.148456 -0.0765921 0.440764 0.0804273 0.019996 0.99656 0
-0.146328 -0.988744 0.0312116 0.255838 0.986013 -0.148323 -0.0760102 0.44355 0.079784 0.0196526 0.996618 0
-0.146561 -0.988707 0.0312752 0.252355 0.986006 -0.148554 -0.0756505 0.447665 0.0794423 0.0197501 0.996644 0
-0.126111 -0.991442 0.0337348 0.250601 0.988466 -0.128462 -0.0801982 0.479799 0.0838455 0.0232318 0.996208 0
-0.110618 -0.993197 0.0363696 0.257011 0.990053 -0.113322 -0.0833885 0.490388 0.0869427 0.0267835 0.995853 0
-0.100301 -0.994229 0.0380635 0.266924 0.991001 -0.103237 -0.0851995 0.482662 0.0886374 0.0291753 0.995637 0
-0.094966 -0.994718 0.038943 0.27424 0.991448 -0.0980263 -0.0861437 0.463464 0.0895062 0.0304293 0.995521 0
-0.0948692 -0.994719 0.0391675 0.275047 0.991492 -0.0979377 -0.0857469 0.437591 0.08913 0.0306995 0.995547 0
-0.0992998 -0.994305 0.0386861 0.276001 0.99118 -0.102267 -0.0842857 0.411711 0.087762 0.0299753 0.99569 0
-0.108758 -0.993365 0.0373967 0.278269 0.990343 -0.111528 -0.0823502 0.390686 0.0859745 0.0280793 0.995902 0
-0.12308 -0.991769 0.0353023 0.2785 0.98891 -0.125549 -0.0793385 0.378979 0.0831177 0.0251458 0.996222 0
-0.142771 -0.989193 0.0333804 0.272754 0.986458 -0.144965 -0.0767231 0.380293 0.0807329 0.0219746 0.996494 0
-0.166594 -0.985557 0.0303835 0.258564 0.983003 -0.168416 -0.0730862 0.39658 0.0771477 0.0176913 0.996863 0
-0.195334 -0.980403 0.0255775 0.242208 0.978117 -0.196651 -0.0679421 0.438674 0.0716405 0.0117464 0.997361 0
-0.229574 -0.973079 0.0203385 0.223116 0.971102 -0.230408 -0.0622272 0.513603 0.0652381 0.005465 0.997855 0
-0.282097 -0.959332 0.0101712 0.197189 0.957926 -0.282236 -0.0521614 0.61048 0.0529108 -0.00497125 0.998587 0
-0.329872 -0.944022 0.00252221 0.16837 0.942932 -0.329618 -0.0472462 0.764271 0.0454328 -0.0132069 0.99888 0
-0.379575 -0.92514 -0.00625948 0.135325 0.924453 -0.379011 -0.0416835 0.957694 0.0361907 -0.0216086 0.999111 0
-0.430328 -0.902539 -0.0155523 0.096972 0.902313 -0.429606 -0.0356398 1.18615 0.025485 -0.0293699 0.999244 0
-0.431185 -0.902125 -0.0158141 0.0977125 0.901809 -0.430345 -0.0392877 1.18863 0.0286369 -0.0312015 0.999103 0
-0.427319 -0.903914 -0.0183672 0.0885192 0.90374 -0.426487 -0.0369225 1.19548 0.0255414 -0.0323769 0.999149 0
-0.419957 -0.907306 -0.0207612 0.0850275 0.90723 -0.419101 -0.0358942 1.20144 0.023866 -0.0339092 0.99914 0
-0.409407 -0.912077 -0.0224145 0.0844094 0.912029 -0.408484 -0.036668 1.20444 0.024288 -0.0354548 0.999076 0
-0.395763 -0.918069 -0.0228339 0.0870906 0.917968 -0.394755 -0.0387646 1.20119 0.0265748 -0.0363024 0.998987 0
-0.379084 -0.925091 -0.0223938 0.0905965 0.924887 -0.378003 -0.0412062 1.19137 0.0296546 -0.0363323 0.9989 0
-0.360248 -0.932628 -0.0206715 0.0912863 0.932285 -0.359163 -0.0429773 1.17558 0.0326574 -0.0347542 0.998862 0
-0.341634 -0.93972 -0.0145625 0.105685 0.939029 -0.340661 -0.0466265 1.14278 0.038855 -0.0296038 0.998806 0
-0.321151 -0.946991 -0.00838257 0.11263 0.946018 -0.320388 -0.0489988 1.10314 0.0437157 -0.0236661 0.998764 0
-0.300437 -0.9538 -0.00176521 0.112537 0.952577 -0.299957 -0.0512142 1.06141 0.0483186 -0.0170681 0.998686 0
-0.279296 -0.960191 0.00508536 0.103717 0.958743 -0.279159 -0.0536774 1.02335 0.0529602 -0.0101163 0.998545 0
-0.258977 -0.965814 0.0115775 0.0842783 0.964158 -0.259212 -0.0566525 0.997279 0.0577168 -0.00350919 0.998327 0
-0.297453 -0.954692 0.00925508 0.0640371 0.953448 -0.297541 -0.0490419 1.17287 0.0495737 -0.00576344 0.998754 0
-0.305462 -0.952155 0.00971954 0.0141669 0.950753 -0.305544 -0.0520669 1.22967 0.0525455 -0.00666357 0.998596 0
-0.318368 -0.947872 0.0134217 -0.0379188 0.946349 -0.318619 -0.0539068 1.29726 0.0553731 -0.00446055 0.998456 0
-0.334766 -0.942125 0.018233 -0.0980962 0.940416 -0.335257 -0.0567527 1.38491 0.0595809 -0.00185228 0.998222 0
-0.353527 -0.934985 0.0286549 -0.154237 0.933041 -0.354646 -0.0605008 1.47798 0.0667297 0.00534759 0.997757 0
-0.364059 -0.930994 0.0266595 -0.15041 0.929623 -0.36498 -0.0508948 1.58022 0.057113 0.0062546 0.998348 0
-0.371218 -0.928307 0.0210725 -0.158368 0.927398 -0.371791 -0.0412821 1.69786 0.0461571 0.00421798 0.998925 0
-0.373881 -0.927344 0.0157146 -0.163002 0.926645 -0.374209 -0.0360113 1.80671 0.0392754 0.00109789 0.999228 0
-0.37503 -0.926995 0.00567282 -0.189041 0.926439 -0.375006 -0.0328997 1.9679 0.0326252 -0.00708283 0.999443 0
-0.372453 -0.928038 -0.00494137 -0.183874 0.927669 -0.372141 -0.0306712 2.09077 0.0266251 -0.0160075 0.999517 0
-0.363681 -0.931407 -0.0147354 -0.144238 0.93129 -0.36319 -0.0281303 2.17781 0.020849 -0.0239534 0.999496 0
-0.355882 -0.934473 -0.0103603 -0.17936 0.934109 -0.355367 -0.0339797 2.25877 0.0280714 -0.0217705 0.999369 0
-0.346256 -0.93813 -0.00434309 -0.23638 0.937561 -0.345876 -0.03672 2.40162 0.0329459 -0.0167864 0.999316 0
-0.330145 -0.943928 0.0018602 -0.322561 0.943091 -0.329934 -0.0415125 2.62062 0.0397986 -0.0119508 0.999136 0
-0.306696 -0.951779 0.00737994 -0.445061 0.950634 -0.306694 -0.0472641 2.93938 0.0472484 -0.00748011 0.998855 0
-0.281181 -0.959611 0.00915464 -0.618808 0.958508 -0.281298 -0.0461835 3.48343 0.0468934 -0.0042111 0.998891 0
-0.303136 -0.952861 0.0127999 -0.658172 0.951829 -0.303403 -0.0443564 3.55775 0.046149 -0.00126266 0.998934 0
-0.282635 -0.959199 0.00732748 -0.647337 0.957992 -0.282651 -0.0485768 3.61116 0.0486659 -0.00670985 0.998793 0
-0.262592 -0.964901 0.00340774 -0.629407 0.963485 -0.262395 -0.0533418 3.62619 0.0523637 -0.0107238 0.998571 0
-0.243582 -0.969876 -0.00282691 -0.594601 0.968216 -0.242992 -0.0592649 3.60009 0.0567927 -0.0171729 0.998238 0
-0.232028 -0.972705 0.00271297 -0.662345 0.970457 -0.23168 -0.0673568 3.92332 0.0661468 -0.0129958 0.997725 0
-0.219357 -0.975599 0.00947614 -0.747638 0.972864 -0.219455 -0.0733177 4.26357 0.0736082 -0.00686378 0.997264 0
-0.203764 -0.97891 0.0147027 -0.860772 0.976011 -0.204291 -0.0752866 4.66487 0.0767024 -0.000990723 0.997054 0
-0.186219 -0.982297 0.0203855 -1.00184 0.979272 -0.187248 -0.0772347 5.16791 0.0796846 0.00558036 0.996805 0
-0.177615 -0.98397 0.0160192 -0.989625 0.981564 -0.178302 -0.0688516 5.17061 0.0706041 0.00349479 0.997498 0
-0.169895 -0.985432 0.00773427 -0.975731 0.983591 -0.17005 -0.0602627 5.12457 0.0607 -0.00263094 0.998153 0
-0.161878 -0.986802 -0.00414 -0.97325 0.985941 -0.161558 -0.0426437 5.08806 0.041412 -0.0109849 0.999082 0
-0.155988 -0.98775 -0.00425313 -1.00842 0.986604 -0.155596 -0.0490201 5.38077 0.0477579 -0.0118427 0.998789 0
-0.14785 -0.98901 0.000482966 -1.05972 0.987577 -0.147662 -0.0537327 5.76325 0.0532135 -0.0074674 0.998555 0
-0.137044 -0.990562 0.00248844 -1.13133 0.988962 -0.136964 -0.0565303 6.28753 0.0563376 -0.00528614 0.998398 0
-0.124342 -0.992225 0.00530996 -1.22002 0.990456 -0.124438 -0.0592577 7.00464 0.0594577 -0.00210894 0.998229 0
-0.117936 -0.993021 0.00032279 -1.21465 0.99195 -0.117824 -0.0464062 7.2159 0.0461204 -0.00515276 0.998923 0
-0.111595 -0.993729 -0.00701369 -1.199 0.993221 -0.111301 -0.0335397 7.3591 0.0325488 -0.010709 0.999413 0
-0.107453 -0.994195 -0.00547154 -1.21004 0.993647 -0.107205 -0.0342504 7.91248 0.033465 -0.00911708 0.999398 0
-0.10403 -0.994573 -0.00141195 -1.22651 0.993995 -0.103921 -0.0342658 8.66905 0.0339331 -0.00496813 0.999412 0
-0.099656 -0.995018 -0.00266434 -1.25662 0.994688 -0.0995528 -0.02618 9.7043 0.0257843 -0.00525918 0.999654 0
-0.0989125 -0.995087 -0.00435006 -1.26179 0.994818 -0.0987804 -0.0240908 9.75074 0.0235428 -0.0067104 0.9997 0
-0.0979692 -0.995178 -0.00471905 -1.26175 0.994746 -0.0977827 -0.0303292 9.93283 0.0297215 -0.00766558 0.999529 0
-0.0948651 -0.995483 -0.00386216 -1.26841 0.994907 -0.0946761 -0.034585 10.1895 0.0340631 -0.0071234 0.999394 0
-0.0902271 -0.995918 -0.00260945 -1.27886 0.995225 -0.0900658 -0.0376262 10.5709 0.0372376 -0.0059919 0.999288 0
-0.0856795 -0.996316 -0.00366428 -1.30816 0.99567 -0.0854897 -0.0365137 11.1477 0.0360659 -0.00677689 0.999326 0
-0.0800968 -0.996777 -0.00443406 -1.3409 0.996083 -0.0798722 -0.0379451 11.9463 0.0374687 -0.00745597 0.99927 0
-0.0763155 -0.99707 -0.00513861 -1.28838 0.996769 -0.0761609 -0.0255229 12.5574 0.0250568 -0.0070698 0.999661 0
-0.0729881 -0.997315 -0.0060435 -1.29646 0.99684 -0.0727603 -0.0318622 12.8057 0.0313369 -0.00834997 0.999474 0
-0.0679417 -0.997683 -0.00341117 -1.31148 0.997007 -0.0677684 -0.0372068 13.1602 0.0368895 -0.00592885 0.999302 0
-0.0634055 -0.997986 -0.00170284 -1.34109 0.997359 -0.0633049 -0.0355908 13.7009 0.0354114 -0.00395499 0.999365 0
-0.055241 -0.998473 0.000520618 -1.36555 0.997412 -0.0552064 -0.0460624 14.4935 0.0460208 -0.00202526 0.998938 0
-0.0521664 -0.998631 0.00388891 -1.38335 0.996969 -0.0523038 -0.0576012 14.5922 0.0577258 0.000872278 0.998332 0
-0.0478683 -0.998848 0.00343936 -1.40399 0.996559 -0.0479913 -0.0675808 14.8135 0.0676679 0.000192554 0.997708 0
-0.0426525 -0.999068 0.00664607 -1.42552 0.996215 -0.0430331 -0.0755207 15.2425 0.0757363 0.00339977 0.997122 0
-0.036022 -0.999313 0.00869438 -1.45448 0.996076 -0.0366064 -0.0805812 15.793 0.0808441 0.00575756 0.99671 0
-0.0316139 -0.999462 0.00871344 -1.40899 0.997228 -0.0321283 -0.067112 16.3051 0.0673558 0.00656761 0.997707 0
-0.0271819 -0.999601 0.00768228 -1.35588 0.998109 -0.0275636 -0.0549377 16.8278 0.0551275 0.00617444 0.99846 0
-0.0223154 -0.999735 0.0056894 -1.37531 0.997911 -0.0226191 -0.0605106 17.0335 0.0606232 0.0043272 0.998151 0
-0.0184846 -0.999799 0.00778148 -1.38319 0.997621 -0.0189603 -0.0662844 17.486 0.0664186 0.00653772 0.99777 0
-0.0151446 -0.999828 0.0106891 -1.39033 0.997405 -0.0158587 -0.0702324 18.0836 0.0703899 0.00959773 0.997473 0
-0.0148957 -0.999821 0.0116357 -1.3421 0.998404 -0.0155065 -0.0542999 18.6679 0.0544707 0.0108083 0.998457 0
-0.00925958 -0.999942 0.00544114 -1.27573 0.999337 -0.00944537 -0.0351754 19.2917 0.0352248 0.00511182 0.999366 0
-0.00909174 -0.999955 0.00251808 -1.27276 0.999249 -0.0091801 -0.0376376 19.6767 0.0376591 0.00217399 0.999288 0
-0.00916769 -0.999954 0.00282134 -1.26726 0.999173 -0.00927225 -0.0395994 20.1662 0.0396237 0.00245597 0.999212 0
-0.0080596 -0.999965 0.00232297 -1.2596 0.999061 -0.00815119 -0.0425622 20.811 0.0425796 0.00197776 0.999091 0
-0.00975646 -0.999952 0.00048965 -1.195 0.999674 -0.0097653 -0.0236056 21.4001 0.0236092 0.000259183 0.999721 0
-0.0105996 -0.99994 -0.00259168 -1.18669 0.999664 -0.0105353 -0.0236832 21.7057 0.0236545 -0.00284184 0.999716 0
-0.00909245 -0.999954 -0.00302756 -1.16422 0.999695 -0.00902049 -0.0229903 22.2779 0.0229619 -0.00323567 0.999731 0
-0.0083698 -0.999963 -0.00191379 -1.13575 0.999682 -0.00832189 -0.0237993 22.9917 0.0237825 -0.00211238 0.999715 0
-0.00902483 -0.999958 -0.00179282 -1.12974 0.999641 -0.00897673 -0.0252369 23.1187 0.0252198 -0.00201994 0.99968 0
-0.00839292 -0.999964 -0.00103762 -1.11678 0.999618 -0.00836267 -0.0263458 23.3456 0.0263362 -0.00125834 0.999652 0
-0.0083642 -0.999965 0.000851522 -1.09484 0.999574 -0.00838475 -0.0279615 23.718 0.0279676 0.000617284 0.999609 0
-0.00776107 -0.999968 0.00211873 -1.05773 0.999595 -0.00781614 -0.0273534 24.378 0.0273691 0.00190558 0.999624 0
-0.00678608 -0.999977 -0.00028001 -1.01304 0.999638 -0.00677649 -0.026031 25.2168 0.0260285 -0.000456558 0.999661 0
-0.00659381 -0.999978 -0.00103343 -0.986103 0.999707 -0.00656797 -0.0232779 25.5128 0.0232706 -0.00118662 0.999729 0
-0.00642411 -0.999979 0.000918792 -0.94763 0.999722 -0.00644331 -0.0226947 25.9418 0.0227001 0.000772743 0.999742 0
-0.00569796 -0.999984 0.000569477 -0.900084 0.999673 -0.00571038 -0.0249282 26.5519 0.024931 0.000427251 0.999689 0
0.0104237 -0.999938 -0.00397338 -0.910633 0.999696 0.0105098 -0.0222827 27.2172 0.0223231 -0.00373991 0.999744 0
0.0104 -0.999935 -0.00475039 -0.893853 0.999605 0.0105204 -0.026072 27.4651 0.0261202 -0.00447736 0.999649 0
0.0101163 -0.99994 -0.00422793 -0.876532 0.999628 0.0102201 -0.0253049 27.7819 0.0253466 -0.00397036 0.999671 0
0.00969626 -0.99994 -0.0050183 -0.848772 0.999676 0.00981151 -0.0234745 28.2192 0.0235224 -0.00478906 0.999712 0
0.0101594 -0.999933 -0.00560439 -0.811735 0.999603 0.010303 -0.026222 28.8065 0.026278 -0.00533577 0.99964 0
0.0102811 -0.999934 -0.00504641 -0.756862 0.999421 0.0104393 -0.0323954 29.6901 0.032446 -0.00471043 0.999462 0
0.00962409 -0.999938 -0.00561342 -0.748599 0.9994 0.00980538 -0.0332156 29.8509 0.0332686 -0.00529038 0.999432 0
0.00994366 -0.999939 -0.00477037 -0.737182 0.999465 0.0100874 -0.0311258 30.0745 0.0311721 -0.00445831 0.999504 0
0.0100873 -0.999937 -0.00495465 -0.720072 0.999538 0.0102251 -0.0286109 30.4067 0.0286598 -0.00466376 0.999578 0
0.00932098 -0.999946 -0.00461664 -0.694785 0.999643 0.00943359 -0.0250007 30.8949 0.0250429 -0.00438196 0.999677 0
0.00956312 -0.99995 -0.00285381 -0.648678 0.999645 0.00963111 -0.0248458 31.6645 0.024872 -0.00261519 0.999687 0
0.00892914 -0.99996 -0.000388524 -0.643962 0.999726 0.00893545 -0.0216194 31.7478 0.021622 -0.000195375 0.999766 0
0.00747518 -0.999972 0.000372764 -0.633409 0.999711 0.00746471 -0.0228631 31.8907 0.0228597 0.000543563 0.999739 0
0.00639736 -0.999973 0.00355652 -0.617078 0.99982 0.00633268 -0.0179092 32.1441 0.0178862 0.00367045 0.999833 0
0.00429738 -0.999989 0.00203512 -0.594626 0.999896 0.00426896 -0.0137729 32.5527 0.013764 0.0020941 0.999903 0
0.00203912 -0.999997 0.00138329 -0.556865 0.999939 0.00202399 -0.010847 33.2416 0.0108442 0.00140532 0.99994 0
-0.000703922 -0.999999 -0.00141466 -0.512964 0.999959 -0.000691137 -0.00901793 34.1058 0.00901694 -0.00142095 0.999958 0
-0.00260358 -0.999993 -0.00283891 -0.503335 0.999971 -0.00258322 -0.00715315 34.3471 0.00714576 -0.00285746 0.99997 0
-0.00318286 -0.999976 -0.00612837 -0.492896 0.999974 -0.00314267 -0.00655636 34.7036 0.00653694 -0.00614908 0.99996 0
-0.00489582 -0.999952 -0.00853398 -0.474951 0.999975 -0.00485197 -0.00515119 35.2238 0.00510953 -0.00855898 0.99995 0
-0.00807495 -0.999936 -0.00794697 -0.449808 0.999949 -0.00812227 0.00594038 35.9917 -0.00600455 -0.0078986 0.999951 0
-0.00833763 -0.999909 -0.0106093 -0.440215 0.999964 -0.00832108 -0.00160281 36.1837 0.00151439 -0.0106223 0.999942 0
-0.00927288 -0.999915 -0.00917704 -0.429296 0.999923 -0.0091968 -0.00829736 36.4418 0.00821225 -0.00925328 0.999923 0
-0.010183 -0.999919 -0.00765389 -0.410097 0.999855 -0.0100772 -0.0137344 36.8151 0.0136562 -0.00779264 0.999876 0
-0.0122187 -0.999901 -0.00694638 -0.386411 0.999835 -0.012124 -0.0135228 37.3499 0.0134372 -0.00711047 0.999884 0
-0.0139954 -0.99989 -0.00487148 -0.355737 0.999754 -0.0139092 -0.0172966 38.1571 0.017227 -0.00511235 0.999839 0
-0.0142635 -0.999895 -0.00271446 -0.350086 0.999666 -0.0142017 -0.0215803 38.3085 0.0215395 -0.00302137 0.999763 0
-0.0147488 -0.999891 -0.000745974 -0.343121 0.99957 -0.0147252 -0.0253436 38.5254 0.0253298 -0.00111944 0.999678 0
-0.0153013 -0.999882 -0.00134255 -0.337614 0.999498 -0.0152582 -0.02776 38.8493 0.0277363 -0.00176664 0.999614 0
-0.0154133 -0.999881 -0.000618367 -0.324525 0.999466 -0.0153891 -0.0288264 39.3223 0.0288135 -0.00106235 0.999584 0
-0.0168251 -0.999858 0.000969321 -0.300606 0.999502 -0.016845 -0.0266922 40.081 0.0267048 0.000519737 0.999643 0
-0.0163734 -0.999866 0.000542587 -0.299788 0.99954 -0.0163819 -0.0255189 40.1978 0.0255243 0.000124507 0.999674 0
-0.0151112 -0.999886 0.000174243 -0.295716 0.99951 -0.0151103 -0.0274159 40.3728 0.0274154 -0.000240129 0.999624 0
-0.0151087 -0.999885 -0.000934742 -0.29422 0.999468 -0.0150753 -0.0289161 40.6581 0.0288987 -0.00137113 0.999581 0
-0.0153525 -0.999868 -0.00532983 -0.290306 0.999635 -0.01523 -0.0223158 41.1109 0.0222317 -0.00567049 0.999737 0
-0.0148575 -0.999846 -0.00935451 -0.268346 0.999529 -0.0146003 -0.0269852 41.8071 0.0268444 -0.00975104 0.999592 0
-0.0166747 -0.999819 -0.00914919 -0.206583 0.999861 -0.0166728 -0.000281217 42.3267 0.000128623 -0.00915261 0.999958 0
-0.0156564 -0.999757 -0.0155051 -0.19578 0.999877 -0.0156363 -0.00142134 42.5433 0.00117855 -0.0155254 0.999879 0
-0.0144177 -0.999754 -0.016867 -0.18446 0.999883 -0.0143298 -0.00532119 42.8718 0.00507818 -0.0169418 0.999844 0
-0.0124815 -0.999744 -0.0188892 -0.167565 0.999884 -0.0123139 -0.008964 43.3554 0.0087291 -0.0189989 0.999781 0
-0.00983633 -0.999791 -0.0179065 -0.138441 0.999949 -0.00979111 -0.00261176 44.0856 0.00243589 -0.0179312 0.999836 0
-0.00828853 -0.999798 -0.0183267 -0.133575 0.999926 -0.00812365 -0.00905266 44.2826 0.00890195 -0.0184004 0.999791 0
-0.00622103 -0.99984 -0.0167926 -0.124428 0.999893 -0.00599775 -0.0133137 44.5479 0.0132108 -0.0168736 0.99977 0
-0.00331643 -0.999894 -0.0141832 -0.11319 0.999836 -0.00306312 -0.0178447 44.9169 0.0177993 -0.0142401 0.99974 0
-0.000196621 -0.999919 -0.0127379 -0.0929065 0.999695 0.00011784 -0.0246816 45.5238 0.0246811 -0.0127389 0.999614 0
0.00240086 -0.999932 -0.0114137 -0.0652889 0.999542 0.0027438 -0.0301267 46.2735 0.030156 -0.0113361 0.999481 0
0.00334713 -0.999967 -0.00742414 -0.0604604 0.999315 0.00361844 -0.036837 46.4071 0.0368626 -0.00729575 0.999294 0
0.003996 -0.999983 -0.00425455 -0.058948 0.999163 0.00416585 -0.0406922 46.6377 0.0407092 -0.00408838 0.999163 0
0.00416845 -0.999987 -0.0029343 -0.055147 0.999 0.0042949 -0.0444963 47.0039 0.0445083 -0.00274588 0.999005 0
0.00491235 -0.999986 -0.00192891 -0.0392299 0.998817 0.0049999 -0.0483679 47.6512 0.0483769 -0.00168902 0.998828 0
0.00318897 -0.999992 -0.00236122 0.0206221 0.999743 0.00324117 -0.0224445 48.2206 0.022452 -0.00228904 0.999745 0
0.00344468 -0.999967 -0.00732797 0.0207273 0.999689 0.00362441 -0.0246564 48.3242 0.0246822 -0.00724076 0.999669 0
0.00369261 -0.999965 -0.00746279 0.0268463 0.999588 0.0039035 -0.0284435 48.5194 0.0284716 -0.00735468 0.999568 0
0.0034025 -0.999975 -0.00626768 0.0402322 0.999788 0.0035289 -0.0202676 48.8886 0.0202892 -0.00619739 0.999775 0
0.00433545 -0.999965 -0.00710781 0.0614654 0.999667 0.00451476 -0.0254083 49.459 0.0254395 -0.00699528 0.999652 0
0.00478668 -0.999975 -0.00525916 0.091106 0.999521 0.00494512 -0.0305378 50.2076 0.030563 -0.00511047 0.99952 0
0.00258337 -0.999995 -0.00198069 0.132365 0.999995 0.00258717 -0.00192337 50.7672 0.00192848 -0.00197571 0.999996 0
0.00279737 -0.999974 -0.00670637 0.151795 0.999979 0.00283606 -0.0057666 51.164 0.00578547 -0.0066901 0.999961 0
0.00323947 -0.999972 -0.00674921 0.174889 0.999963 0.00329272 -0.00789335 51.6704 0.00791536 -0.0067234 0.999946 0
0.00282193 -0.999979 -0.00585062 0.209567 0.99996 0.0028713 -0.00844575 52.3419 0.00846237 -0.00582655 0.999947 0
0.00304532 -0.99998 -0.00556977 0.216928 0.999946 0.00310047 -0.00992088 52.4695 0.00993794 -0.00553926 0.999935 0
0.00295605 -0.999979 -0.00584432 0.225548 0.999909 0.00303281 -0.0131704 52.7176 0.0131878 -0.00580485 0.999896 0
0.00208053 -0.999977 -0.00643344 0.245701 0.999984 0.00211466 -0.0053035 53.1885 0.00531698 -0.0064223 0.999965 0
0.00168601 -0.999955 -0.0093382 0.274756 0.999937 0.00178971 -0.0111075 53.8751 0.0111237 -0.00931889 0.999895 0
0.000566918 -0.999961 -0.00884908 0.322956 0.99987 0.000709507 -0.0161187 54.7613 0.0161243 -0.00883879 0.999831 0
0.000904796 -0.999956 -0.00938439 0.3254 0.999764 0.00110823 -0.021695 54.9385 0.0217044 -0.00936255 0.999721 0
0.00028288 -0.999952 -0.00981654 0.340294 0.99986 0.000447237 -0.0167447 55.2759 0.0167483 -0.00981042 0.999812 0
0.00975183 -0.999875 -0.0124486 0.387739 0.999669 0.0100446 -0.0236785 55.7764 0.0238005 -0.0122136 0.999642 0
0.00695451 -0.999928 -0.00976825 0.402937 0.99946 0.00726423 -0.032037 56.4761 0.0321057 -0.00954017 0.999439 0
0.00299482 -0.999979 -0.00565726 0.421923 0.999923 0.00306289 -0.0120615 57.0177 0.0120786 -0.0056207 0.999911 0
0.000463181 -0.999954 -0.00953632 0.426544 0.999774 0.000665721 -0.0212465 57.3189 0.0212519 -0.00952432 0.999729 0
-0.0028532 -0.999971 -0.00707345 0.446077 0.999834 -0.00272523 -0.0180356 57.8046 0.0180158 -0.00712373 0.999812 0
-0.00588824 -0.999959 -0.00687294 0.477784 0.999879 -0.00578862 -0.0144266 58.4838 0.0143862 -0.00695706 0.999872 0
-0.00827574 -0.99994 -0.00720204 0.488592 0.999634 -0.00808716 -0.0258308 58.6434 0.025771 -0.00741317 0.99964 0
-0.0103065 -0.999935 -0.0049425 0.505619 0.999219 -0.0101102 -0.0382071 58.8811 0.0381546 -0.00533242 0.999258 0
-0.0117143 -0.999929 -0.00222915 0.538414 0.998685 -0.0115884 -0.0499383 59.2429 0.049909 -0.00281121 0.99875 0
-0.0128175 -0.999917 -0.00112492 0.582773 0.99867 -0.0127453 -0.0499534 59.809 0.0499349 -0.0017637 0.998751 0
-0.00371742 -0.999989 -0.00275161 0.657756 0.99801 -0.00353682 -0.0629619 60.5882 0.0629515 -0.00298019 0.998012 0
-0.00874968 -0.999962 0.000574062 0.698007 0.998992 -0.00876647 -0.04403 61.1534 0.0440333 0.000188235 0.99903 0
-0.0121204 -0.999924 -0.00217123 0.728315 0.998427 -0.0119833 -0.0547766 61.445 0.0547465 -0.00283173 0.998496 0
-0.0153802 -0.999881 -0.00102828 0.772717 0.997739 -0.0152799 -0.0654458 61.8641 0.0654223 -0.00203252 0.997856 0
-0.0110503 -0.999938 -0.00164092 0.862975 0.997141 -0.0108967 -0.0747789 62.5183 0.0747564 -0.00246256 0.997199 0
-0.0101267 -0.999949 0.000520989 0.930577 0.998675 -0.01014 -0.0504531 63.0092 0.0504558 9.37754e-06 0.998726 0
0.0110022 -0.99992 -0.00626725 0.733169 0.998449 0.0113277 -0.0545107 63.4384 0.0545773 -0.00565779 0.998493 0
0.00580199 -0.999967 -0.00566097 0.731834 0.997985 0.00614802 -0.0631554 63.6912 0.0631881 -0.00528313 0.997988 0
0.000602894 -0.999993 -0.00360569 0.743465 0.997486 0.000856872 -0.0708568 64.0663 0.0708594 -0.00355391 0.99748 0
-0.00421215 -0.999985 -0.00354094 0.775059 0.99765 -0.00396012 -0.0683959 64.6392 0.0683808 -0.00382072 0.997652 0
-0.0107626 -0.999934 -0.00390026 0.821231 0.999371 -0.0106246 -0.033827 65.1136 0.0337833 -0.00426187 0.99942 0
-0.0177661 -0.999806 -0.00845754 0.873151 0.999788 -0.0176765 -0.0105569 65.6291 0.0104053 -0.0086433 0.999909 0
-0.0226427 -0.999695 -0.00983269 0.925864 0.999541 -0.0224391 -0.0203495 65.8912 0.0201227 -0.0102889 0.999745 0
-0.0272322 -0.999587 -0.00917255 0.992308 0.999208 -0.0269532 -0.0292819 66.2741 0.0290226 -0.0099627 0.999529 0
-0.0322402 -0.999459 -0.00650989 1.08895 0.999156 -0.0320631 -0.0256892 66.86 0.0254666 -0.00733262 0.999649 0
-0.0381324 -0.999265 -0.00394524 1.18822 0.999266 -0.0381176 -0.00376014 67.3822 0.00360699 -0.00408573 0.999985 0
-0.0153592 -0.999809 -0.0120558 1.09236 0.9998 -0.0152026 -0.0129764 67.921 0.0127906 -0.0122527 0.999843 0
-0.0190392 -0.999748 -0.0119211 1.15837 0.999535 -0.0187485 -0.0240332 68.1969 0.0238036 -0.0123731 0.99964 0
-0.0219341 -0.999719 -0.00901301 1.24949 0.999306 -0.0216516 -0.0303236 68.6952 0.0301199 -0.00967187 0.999499 0
-0.0236578 -0.999709 -0.00472508 1.3596 0.999035 -0.0234663 -0.0371242 69.3154 0.0370025 -0.00559879 0.999299 0
-0.00498717 -0.99997 -0.00598851 1.24139 0.999072 -0.00472636 -0.0428025 69.5783 0.0427729 -0.00619642 0.999066 0
0.0162017 -0.999838 -0.0078183 1.09489 0.998549 0.0165815 -0.0512443 69.9653 0.0513656 -0.00697671 0.998656 0
0.0180504 -0.999811 -0.0071971 1.11475 0.998438 0.0184054 -0.0527558 70.2163 0.0528783 -0.00623359 0.998582 0
0.0209421 -0.999749 -0.00797801 1.14245 0.997619 0.0214206 -0.0655506 70.6452 0.065705 -0.00658625 0.997817 0
0.0240516 -0.999685 -0.00715853 1.18446 0.996762 0.0245297 -0.0765807 71.2231 0.0767322 -0.00529346 0.997038 0
0.0272565 -0.999609 -0.00630561 1.22151 0.998188 0.0275553 -0.0534984 71.7076 0.0536512 -0.004836 0.998548 0
0.0303925 -0.999495 -0.00932304 1.25877 0.999147 0.03064 -0.0276696 72.2093 0.0279412 -0.00847414 0.999574 0
0.033314 -0.999349 -0.0138602 1.29073 0.998761 0.0338009 -0.036519 72.5836 0.0369637 -0.0126264 0.999237 0
0.0370894 -0.999236 -0.0123513 1.33463 0.998404 0.0375795 -0.0421482 73.0692 0.0425802 -0.0107683 0.999035 0
0.0411968 -0.999092 -0.0108384 1.39103 0.997915 0.0416829 -0.0492863 73.7143 0.0496933 -0.00878538 0.998726 0
0.0448995 -0.998933 -0.0107796 1.43441 0.998698 0.0451453 -0.0237551 74.3617 0.0242164 -0.00969899 0.99966 0
0.0461741 -0.998829 -0.0144625 1.46506 0.998521 0.0465664 -0.0280761 74.7173 0.0287167 -0.0131447 0.999501 0
0.0469488 -0.998839 -0.0107988 1.51335 0.998407 0.0472617 -0.0308265 75.1991 0.0313011 -0.00933429 0.999466 0
0.0476677 -0.998837 -0.0071783 1.57122 0.998375 0.0478677 -0.0309107 75.8568 0.0312184 -0.0056932 0.999496 0
0.0485658 -0.998816 -0.00285399 1.59182 0.998279 0.0486334 -0.0327736 76.0622 0.0328736 -0.00125741 0.999459 0
0.049901 -0.998754 0.000817144 1.61754 0.998041 0.0498344 -0.0378317 76.3263 0.0377438 0.00270338 0.999284 0
0.0504796 -0.998718 0.00365731 1.66064 0.997728 0.0502652 -0.0448601 76.7203 0.0446188 0.00591352 0.998987 0
0.0508487 -0.99869 0.00577453 1.71645 0.997589 0.0505175 -0.0475817 77.2966 0.0472276 0.00818008 0.998851 0
0.0509295 -0.998676 0.00729502 1.75646 0.9985 0.0507708 -0.0205008 77.8689 0.0201033 0.00832817 0.999763 0
0.0498201 -0.998754 0.00291311 1.77968 0.998577 0.0497552 -0.0192186 78.1658 0.0190497 0.00386643 0.999811 0
0.0476844 -0.99886 0.0023849 1.8159 0.998626 0.047621 -0.0218817 78.5945 0.0217432 0.00342503 0.999758 0
0.0458318 -0.998944 0.00335288 1.87529 0.9986 0.0457268 -0.0265942 79.2147 0.0264128 0.00456704 0.999641 0
0.0427384 -0.99908 0.00360517 1.95869 0.99867 0.0426162 -0.0290186 80.1795 0.0288382 0.00484058 0.999572 0
0.0400081 -0.999197 0.00210678 1.99195 0.998813 0.039934 -0.0278743 80.5831 0.0277678 0.00321948 0.999609 0
0.0375537 -0.999293 0.00199877 2.01418 0.998991 0.0374929 -0.0247168 81.1137 0.0246243 0.00292496 0.999692 0
0.0342476 -0.999411 0.00230013 2.10261 0.999149 0.0341855 -0.0230876 81.8999 0.0229953 0.00308886 0.999731 0
0.0322635 -0.999478 0.00156131 2.12373 0.999216 0.0322191 -0.02299 82.1212 0.0229277 0.00230182 0.999734 0
0.0296427 -0.99956 -0.000772371 2.15781 0.999237 0.0296528 -0.0254081 82.5926 0.0254198 -1.86176e-05 0.999677 0
0.0263689 -0.999652 -0.000901168 2.20698 0.99934 0.0263832 -0.0249528 83.2089 0.0249679 -0.000242596 0.999688 0
0.0227956 -0.99974 -0.00108473 2.26812 0.999492 0.0228141 -0.0222526 84.0243 0.0222715 -0.00057692 0.999752 0
0.0208951 -0.99978 -0.00203566 2.28937 0.999538 0.0209349 -0.0220342 84.3595 0.0220719 -0.00157431 0.999755 0
0.0190325 -0.999813 -0.00330676 2.31414 0.999609 0.0190961 -0.0204128 84.7786 0.0204722 -0.00291697 0.999786 0
0.0168802 -0.999852 -0.00318991 2.34786 0.999677 0.0169377 -0.0189564 85.3406 0.0190076 -0.00286889 0.999815 0
0.014498 -0.999884 -0.00460137 2.39111 0.999734 0.0145781 -0.0178663 86.103 0.0179313 -0.00434112 0.99983 0
0.0139517 -0.999866 -0.00851288 2.40425 0.999643 0.0141417 -0.0226826 86.3766 0.0228 -0.00819338 0.999706 0
0.0143864 -0.999843 -0.0103627 2.41873 0.999542 0.0146567 -0.0264948 86.7277 0.0266425 -0.00997678 0.999595 0
0.014974 -0.999819 -0.011722 2.45066 0.999487 0.0152987 -0.02812 87.232 0.0282943 -0.0112949 0.999536 0
0.0168664 -0.999796 -0.0111029 2.48649 0.999517 0.0171497 -0.0259279 87.9309 0.026113 -0.0106602 0.999602 0
0.0186226 -0.99979 -0.00849952 2.50838 0.999537 0.018821 -0.0238894 88.0711 0.0240444 -0.00805071 0.999678 0
0.0212423 -0.99974 -0.00826054 2.54169 0.999482 0.0214352 -0.0240121 88.449 0.0241829 -0.00774619 0.999678 0
0.0241689 -0.999695 -0.00515518 2.5838 0.999327 0.0243018 -0.0274882 88.9498 0.0276051 -0.00448734 0.999609 0
0.0280336 -0.9996 -0.0038493 2.64272 0.999237 0.0281278 -0.0270922 89.6505 0.0271896 -0.00308687 0.999626 0
0.0323797 -0.999467 -0.00415488 2.72559 0.999079 0.0324837 -0.0280496 90.6964 0.0281696 -0.00324282 0.999598 0
0.0344154 -0.999402 -0.00341229 2.75496 0.999157 0.034483 -0.0222702 91.1291 0.0223746 -0.00264297 0.999746 0
0.0365924 -0.99933 0.000902988 2.80899 0.999135 0.0365673 -0.0198105 91.7147 0.0197642 0.00162712 0.999803 0
0.0393518 -0.999219 0.00345772 2.87268 0.999081 0.0392871 -0.0171066 92.4994 0.0169574 0.00412772 0.999848 0
0.0396682 -0.999185 0.00752446 2.88722 0.999059 0.0395287 -0.0178578 92.6864 0.0175458 0.00822577 0.999812 0
0.0420019 -0.999085 0.00801996 2.93103 0.998931 0.0418374 -0.0196789 93.1308 0.0193254 0.00883794 0.999774 0
0.0432822 -0.999046 0.00582838 2.97912 0.998868 0.0431579 -0.0199878 93.7027 0.0197172 0.0066869 0.999783 0
0.0450652 -0.998971 0.00506249 3.04293 0.998811 0.0449626 -0.0188219 94.4698 0.018575 0.00590468 0.99981 0
0.0455064 -0.998942 0.00664485 3.06658 0.998895 0.045424 -0.0120749 94.6706 0.0117602 0.00718699 0.999905 0
0.0466523 -0.998893 0.00599155 3.09527 0.998821 0.0465666 -0.013719 95.0255 0.0134248 0.00662451 0.999888 0
0.0477316 -0.998848 0.00484422 3.129 0.998706 0.0476385 -0.0177992 95.4989 0.0175479 0.00568753 0.99983 0
0.0487171 -0.99881 0.00246187 3.18074 0.99861 0.0486574 -0.0202608 96.1617 0.0201169 0.0034455 0.999792 0
0.0496012 -0.998765 0.00275175 3.2667 0.998637 0.0495497 -0.01639 97.1209 0.0162334 0.00356096 0.999862 0
0.049264 -0.998786 0.000235699 3.30183 0.998557 0.0492477 -0.0213982 97.5395 0.0213606 0.00128952 0.999771 0
0.0498539 -0.998755 0.0018418 3.34872 0.998406 0.0497874 -0.0265983 98.0831 0.0264735 0.0031649 0.999645 0
0.0503178 -0.998727 0.00342994 3.40956 0.998247 0.0501859 -0.031364 98.8208 0.031152 0.0050021 0.999502 0
0.0495151 -0.998753 0.00644855 3.43667 0.998238 0.0492763 -0.0330503 99.0294 0.0326913 0.00807368 0.999433 0
0.0486839 -0.998785 0.0076738 3.46511 0.998213 0.0483866 -0.0350745 99.323 0.0346605 0.00936765 0.999355 0
0.0484606 -0.998808 0.00581471 3.50664 0.998073 0.0481974 -0.0390889 99.7632 0.038762 0.00769777 0.999219 0
0.0470159 -0.998872 0.00662471 3.58045 0.998236 0.0467431 -0.0366058 100.472 0.0362549 0.00833408 0.999308 0
0.0453653 -0.998948 0.0066655 3.67457 0.998165 0.0450599 -0.040442 101.466 0.0400991 0.00848793 0.99916 0
0.0448067 -0.998973 0.00670522 3.70955 0.998033 0.0444679 -0.0441974 101.819 0.0438538 0.00867237 0.999 0
0.0437327 -0.999016 0.00744341 3.75027 0.997945 0.0433341 -0.0472074 102.32 0.0468384 0.00949261 0.998857 0
0.0426595 -0.999054 0.00844465 3.85012 0.997994 0.0422155 -0.0471736 103.116 0.0467725 0.0104401 0.998851 0
0.0423254 -0.999028 0.0123232 3.86465 0.998476 0.0418584 -0.0359627 103.754 0.0354119 0.0138265 0.999277 0
0.0412139 -0.999108 0.00920072 3.90299 0.998349 0.0408104 -0.0404126 104.115 0.040001 0.0108511 0.999141 0
0.0396628 -0.999185 0.00754318 3.95404 0.998233 0.0392885 -0.0445823 104.638 0.0442496 0.00929811 0.998977 0
0.0388645 -0.999206 0.00879381 4.02589 0.998172 0.0384138 -0.0466488 105.388 0.046274 0.0105907 0.998873 0
0.0383343 -0.999187 0.0125207 4.04262 0.998604 0.0378503 -0.0368366 106.062 0.0363327 0.0139153 0.999243 0
0.0376352 -0.999228 0.0112569 4.07783 0.998448 0.0371382 -0.0415047 106.453 0.0410546 0.0128015 0.999075 0
0.036855 -0.999272 0.0099002 4.12766 0.998362 0.036384 -0.0441572 107.005 0.0437648 0.0115114 0.998976 0
0.0362169 -0.999308 0.00842154 4.20138 0.998508 0.0358406 -0.0412049 107.824 0.0408746 0.00990129 0.999115 0
0.0354576 -0.999362 0.00420749 4.2409 0.998282 0.0352221 -0.046823 108.239 0.0466449 0.0058605 0.998894 0
0.0344028 -0.999404 0.00271711 4.29409 0.997954 0.034206 -0.0540208 108.784 0.0538957 0.00457002 0.998536 0
0.0420023 -0.999117 0.000240268 4.38594 0.997531 0.0419221 -0.0563493 109.557 0.0562895 0.00260648 0.998411 0
0.0479851 -0.998834 0.00525381 4.40321 0.997948 0.047718 -0.0426887 110.105 0.0423883 0.00729145 0.999075 0
0.0432737 -0.99906 0.00239306 4.41312 0.998044 0.0431213 -0.0452523 110.495 0.0451066 0.00434662 0.998973 0
0.0384411 -0.999261 0.00077731 4.43783 0.997968 0.0383518 -0.0508853 111.017 0.0508178 0.00273182 0.998704 0
0.0326277 -0.999467 0.00105013 4.48948 0.998115 0.0325289 -0.0520404 111.747 0.0519785 0.00274611 0.998644 0
0.0270356 -0.999609 0.00716175 4.49229 0.999053 0.0267749 -0.0343004 112.321 0.0340952 0.0080823 0.999386 0
0.0222322 -0.999734 0.00608035 4.52202 0.999151 0.0220075 -0.034817 112.675 0.0346739 0.00684925 0.999375 0
0.0170299 -0.999813 0.00915244 4.55451 0.999144 0.0166719 -0.037866 113.151 0.0377063 0.00978946 0.999241 0
0.0119419 -0.999878 0.0100361 4.62596 0.999185 0.0115455 -0.0386695 113.847 0.0385489 0.0104897 0.999202 0
0.015485 -0.999833 0.00974115 4.74222 0.999015 0.0150656 -0.0417453 114.889 0.0415915 0.010378 0.999081 0
0.0175565 -0.999784 0.0111099 4.80279 0.998912 0.0170589 -0.043404 115.253 0.0432051 0.0118599 0.998996 0
0.00798799 -0.999857 0.014896 4.86318 0.999042 0.00733885 -0.0431346 115.807 0.0430191 0.0152263 0.998958 0
-0.00179265 -0.999866 0.0162927 4.95177 0.998998 -0.00251913 -0.0446785 116.572 0.0447136 0.0161963 0.998869 0
-0.0108102 -0.999741 0.0200232 4.9967 0.999429 -0.0114436 -0.0317955 117.18 0.0320164 0.0196681 0.999294 0
-0.0109725 -0.999817 0.0156592 5.08192 0.999372 -0.0114926 -0.0335146 117.552 0.0336884 0.0152816 0.999316 0
-0.0225336 -0.999644 0.0142537 5.16883 0.999106 -0.0230268 -0.035441 118.122 0.0357567 0.0134424 0.99927 0
-0.00737995 -0.999921 0.0101494 5.08265 0.999288 -0.00774996 -0.0369129 118.713 0.0369886 0.00986979 0.999267 0
0.0194987 -0.999793 0.00583008 5.007 0.999099 0.0192646 -0.0378111 119.592 0.037691 0.0065621 0.999268 0
0.0190143 -0.999805 0.00539 5.0526 0.998996 0.0187795 -0.0406851 119.97 0.040576 0.00615819 0.999157 0
0.00777886 -0.999944 0.00713719 5.09505 0.999133 0.0074803 -0.0409454 120.569 0.0408897 0.00744951 0.999136 0
-0.00319016 -0.999946 0.00989526 5.15762 0.999057 -0.00361551 -0.0432695 121.36 0.043303 0.00974789 0.999014 0
-0.00477334 -0.99987 0.0154239 5.23342 0.999368 -0.00531301 -0.0351398 122.007 0.0352172 0.0152464 0.999263 0
-0.0181485 -0.999693 0.0168769 5.29992 0.999058 -0.0187974 -0.0391162 122.43 0.0394215 0.0161511 0.999092 0
-0.0320512 -0.999269 0.0208148 5.38541 0.998715 -0.0328374 -0.0385949 122.99 0.0392502 0.019551 0.999038 0
-0.0455842 -0.998698 0.0229185 5.50229 0.998158 -0.0464548 -0.0390099 123.754 0.0400238 0.021098 0.998976 0
-0.0234839 -0.999452 0.0233302 5.45993 0.99885 -0.0244325 -0.0412427 124.054 0.0417901 0.0223349 0.998877 0
-0.00112332 -0.999836 0.0180846 5.39297 0.998997 -0.00193152 -0.0447346 124.502 0.0447622 0.0180162 0.998835 0
-0.0141664 -0.999706 0.0196862 5.45683 0.998782 -0.0150785 -0.0469864 125.041 0.0472694 0.0189966 0.998702 0
-0.0185234 -0.999606 0.0210804 5.55335 0.998662 -0.0195159 -0.0478929 125.788 0.0482854 0.020165 0.99863 0
-0.0240138 -0.99946 0.0224481 5.62267 0.998956 -0.0248623 -0.0383149 126.305 0.0388523 0.0215045 0.999014 0
-0.00717884 -0.999826 0.017219 5.57552 0.999307 -0.00780184 -0.0363907 126.936 0.0365187 0.0169458 0.999189 0
-0.024099 -0.999446 0.0229367 5.64021 0.998935 -0.0249772 -0.0388048 127.426 0.0393562 0.0219771 0.998984 0
-0.031933 -0.999181 0.0248491 5.74305 0.998581 -0.0329544 -0.0418399 128.118 0.0426245 0.0234777 0.998815 0
-0.0168254 -0.999589 0.0231997 5.70377 0.998924 -0.0178081 -0.0428236 128.533 0.0432191 0.0224542 0.998813 0
-0.0105234 -0.999676 0.0231805 5.65232 0.998999 -0.0115186 -0.0432268 129.227 0.0434798 0.0227024 0.998796 0
-0.0273183 -0.9993 0.0255768 5.71979 0.998805 -0.0283245 -0.0398394 129.731 0.0405359 0.0244579 0.998879 0
-0.0345465 -0.999134 0.0231728 5.8177 0.998667 -0.0354013 -0.0375517 130.45 0.0383396 0.0218447 0.999026 0
