0.477089 -0.878675 0.0177855 1.14376 0.878851 0.477053 -0.0065089 1.39347 -0.00276541 0.0187361 0.999821 0.781059
0.475912 -0.879361 0.0151992 1.51912 0.879492 0.475858 -0.00723855 2.08492 -0.000867346 0.0168125 0.999858 0.776163
0.474433 -0.880206 0.0122381 1.99325 0.880292 0.474386 -0.00670386 2.96609 9.52194e-05 0.0139536 0.999903 0.775168
0.473446 -0.880737 0.0122701 2.361 0.880822 0.473413 -0.00565913 3.65599 -0.000824629 0.0134871 0.999909 0.781411
0.471876 -0.881566 0.0131991 2.88727 0.881661 0.471866 -0.00409262 4.65282 -0.0026203 0.0135683 0.999905 0.796693
0.470933 -0.882064 0.0135679 3.28705 0.882162 0.470934 -0.00334233 5.43328 -0.00344145 0.0135431 0.999902 0.819187
0.469639 -0.882766 0.0127622 3.68262 0.882853 0.469639 -0.00318226 6.22513 -0.00318444 0.0127617 0.999913 0.84931
0.468779 -0.883221 0.0129309 4.02325 0.883311 0.468775 -0.00349911 6.92372 -0.00297118 0.0130623 0.99991 0.882803
0.467846 -0.883702 0.0137669 4.48023 0.883803 0.467849 -0.00324434 7.8569 -0.00357381 0.0136851 0.9999 0.927977
0.467529 -0.883871 0.013725 4.94468 0.883955 0.467571 -0.000136507 8.81648 -0.00629677 0.0121961 0.999906 0.978207
0.467812 -0.883709 0.0144914 5.25702 0.883774 0.467901 0.0033322 9.46922 -0.00972525 0.0112483 0.999889 1.01203
0.468758 -0.88318 0.0160871 5.71597 0.883222 0.468905 0.00685906 10.412 -0.0136011 0.0109932 0.999847 1.04617
0.469896 -0.88255 0.0174102 6.10271 0.882578 0.470083 0.008765 11.2073 -0.0159198 0.0112472 0.99981 1.06462
0.471226 -0.881857 0.0165636 6.5757 0.881889 0.471391 0.0078889 12.1694 -0.0147648 0.0108898 0.999832 1.07572
0.472181 -0.881378 0.0147787 6.96266 0.881418 0.4723 0.00582005 12.9443 -0.0121096 0.0102781 0.999874 1.08583
0.473328 -0.8808 0.0123138 7.46033 0.880861 0.473374 0.000974632 13.9251 -0.0066875 0.0103854 0.999924 1.10391
0.474186 -0.88032 0.0135579 7.89482 0.880408 0.474216 -0.00114161 14.7548 -0.00542439 0.0124778 0.999907 1.12515
0.474415 -0.880143 0.0167076 8.30369 0.880265 0.474483 8.33743e-05 15.5339 -0.00800084 0.0146675 0.99986 1.13881
0.473811 -0.880368 0.0213171 8.81369 0.880546 0.473956 0.0020038 16.5093 -0.0118674 0.0178213 0.999771 1.14808
0.473109 -0.880584 0.0272045 9.22131 0.880897 0.473307 0.000957604 17.2681 -0.0137193 0.0235113 0.999629 1.14451
0.47164 -0.881256 0.0307262 9.78692 0.881753 0.471658 -0.00709531 18.3265 -0.00823947 0.0304393 0.999503 1.13203
0.470377 -0.881972 0.0294989 10.2234 0.88246 0.470227 -0.0122844 19.1415 -0.00303662 0.0318099 0.999489 1.1194
0.469289 -0.882541 0.0298188 10.5973 0.883041 0.469119 -0.0129223 19.8438 -0.00258414 0.0323955 0.999472 1.11514
0.467704 -0.883399 0.0292887 11.1595 0.883885 0.467459 -0.0151678 20.9149 -0.000292057 0.0329819 0.999456 1.11981
0.467006 -0.883741 0.0301163 11.5243 0.884247 0.46687 -0.0118297 21.6039 -0.003606 0.0321548 0.999476 1.11998
0.465721 -0.884433 0.0297154 12.0639 0.88492 0.465625 -0.010491 22.6395 -0.00455761 0.0311816 0.999503 1.11895
0.46462 -0.885013 0.0296631 12.5401 0.885497 0.464536 -0.0100601 23.5611 -0.00487628 0.0309407 0.999509 1.11171
0.46415 -0.885192 0.0316233 12.9784 0.885726 0.464135 -0.00826093 24.41 -0.00736495 0.0318439 0.999466 1.10752
0.463648 -0.88555 0.0288239 13.4518 0.885971 0.463716 -0.00466854 25.3377 -0.00923189 0.0277017 0.999574 1.09925
0.46338 -0.885661 0.0297053 13.81 0.886047 0.463595 0.000397988 26.0385 -0.0141237 0.0261359 0.999559 1.08569
0.462999 -0.885857 0.0298266 14.3574 0.886259 0.463189 -0.000608827 27.0997 -0.013276 0.026716 0.999555 1.07001
0.463036 -0.885906 0.0277316 14.7957 0.886266 0.463174 -0.00158734 27.9585 -0.0114383 0.0253125 0.999614 1.0553
0.46259 -0.886121 0.0282893 15.1941 0.886468 0.46279 0.00058376 28.7363 -0.0136093 0.0248075 0.9996 1.04794
0.460425 -0.887151 0.0311684 16.1686 0.887569 0.460673 0.00090499 30.6403 -0.0151613 0.0272474 0.999514 1.03832
0.459707 -0.887529 0.031015 16.5702 0.887888 0.46004 0.00419915 31.4327 -0.017995 0.0256074 0.99951 1.03202
0.45916 -0.887974 0.025981 17.0889 0.888273 0.459316 5.52377e-05 32.4606 -0.0119825 0.0230528 0.999662 1.02273
0.458785 -0.888221 0.0240841 17.5154 0.888504 0.458862 -0.00255946 33.3009 -0.00877789 0.022573 0.999707 1.02575
0.458267 -0.888467 0.0248577 17.9477 0.888756 0.458379 -0.00132373 34.1473 -0.0102182 0.0226991 0.99969 1.03816
0.457981 -0.888514 0.0282281 18.4158 0.888871 0.458158 -0.000226882 35.0578 -0.0127314 0.0251951 0.999601 1.05338
0.45748 -0.888677 0.0310577 18.7967 0.889066 0.457771 0.0025958 35.8107 -0.0165241 0.0264248 0.999514 1.05641
0.457312 -0.888677 0.0334503 19.2793 0.889153 0.457608 0.0013603 36.765 -0.016516 0.0291204 0.999439 1.05386
0.45706 -0.888721 0.0356595 19.7414 0.88933 0.457256 -0.00291369 37.6586 -0.0137161 0.0330448 0.99936 1.05194
0.456339 -0.889046 0.0367568 20.1969 0.889724 0.456468 -0.00530104 38.5442 -0.0120654 0.0351225 0.99931 1.05462
0.455255 -0.889432 0.040656 20.5557 0.890207 0.455551 -0.00218863 39.2448 -0.0165743 0.0371886 0.999171 1.06397
0.454162 -0.889724 0.046129 21.056 0.89066 0.45467 0.000593034 40.2195 -0.0215011 0.0408159 0.998935 1.0753
0.453301 -0.89006 0.0480861 21.4394 0.890972 0.454032 0.00494572 40.976 -0.0262346 0.0406015 0.998831 1.07769
0.452622 -0.890588 0.0445582 21.9605 0.891431 0.453152 0.00202941 42.0121 -0.021999 0.038802 0.999005 1.06322
0.451726 -0.891167 0.0420183 22.2749 0.89195 0.452133 0.000210459 42.6477 -0.0191854 0.0373831 0.999117 1.04808
0.450925 -0.891828 0.0361796 22.7589 0.89251 0.450963 -0.00755962 43.6198 -0.0095738 0.0356995 0.999317 1.03746
0.450172 -0.892426 0.0303489 23.1757 0.89292 0.450137 -0.00835455 44.4662 -0.00620534 0.0308601 0.999504 1.04322
0.449421 -0.892889 0.0277305 23.5564 0.893286 0.449457 -0.00529377 45.2466 -0.0077369 0.0271504 0.999601 1.05476
0.447631 -0.893894 0.0240775 24.36 0.89419 0.44767 -0.00405137 46.873 -0.00715729 0.0233434 0.999702 1.06111
0.446294 -0.894564 0.0240037 24.6614 0.894841 0.446382 -0.00184202 47.4897 -0.009067 0.0223015 0.99971 1.05892
0.44443 -0.895483 0.0243111 25.0109 0.895731 0.444594 0.00149796 48.203 -0.01215 0.0211105 0.999703 1.06174
0.442825 -0.896282 0.0241671 25.4324 0.896512 0.443011 0.00270469 49.0696 -0.0131305 0.0204684 0.999704 1.06579
0.44159 -0.896889 0.0242745 25.808 0.89712 0.441778 0.00274538 49.8422 -0.0131862 0.0205648 0.999702 1.0696
0.440457 -0.897462 0.0236277 26.1421 0.897651 0.44068 0.00494489 50.5437 -0.0148501 0.0190314 0.999709 1.07481
0.439236 -0.898068 0.0233486 26.4725 0.898181 0.43953 0.00921261 51.2417 -0.018536 0.0169247 0.999685 1.0792
0.437733 -0.8988 0.0234092 26.8011 0.898833 0.438093 0.0131992 51.9331 -0.0221189 0.0152632 0.999639 1.07931
0.435908 -0.899744 0.0210987 27.1074 0.899699 0.436244 0.0152552 52.5824 -0.02293 0.0123326 0.999661 1.0721
0.43494 -0.900324 0.0156033 27.4586 0.900311 0.435118 0.0106336 53.3336 -0.016363 0.00942286 0.999822 1.05925
0.434434 -0.90063 0.0114919 27.7978 0.900678 0.434482 0.00202329 54.0574 -0.00681525 0.00947147 0.999932 1.05217
0.433483 -0.901106 0.0100495 28.0168 0.901146 0.433514 0.00108493 54.5328 -0.00533425 0.0085858 0.999949 1.05782
0.432844 -0.901425 0.00893924 28.3395 0.901448 0.432881 0.0025795 55.2285 -0.00619485 0.00694173 0.999957 1.06971
0.431872 -0.901892 0.00881685 28.6327 0.901882 0.431932 0.00665134 55.8637 -0.00980707 0.00507923 0.999939 1.086
0.43041 -0.902575 0.0102742 28.8697 0.902566 0.430489 0.00733128 56.3667 -0.01104 0.00611769 0.99992 1.09046
0.429828 -0.902806 0.0137533 29.1677 0.902884 0.429882 0.0010778 56.9923 -0.00688534 0.0119544 0.999905 1.09237
0.429927 -0.902708 0.0167678 29.4092 0.902858 0.429918 -0.00434924 57.496 -0.00328267 0.0170088 0.99985 1.09222
0.432734 -0.901374 0.0163493 29.7094 0.901521 0.432639 -0.00914289 58.1319 0.00116781 0.0186957 0.999825 1.09887
0.439543 -0.898113 0.0139516 30.1746 0.898217 0.439537 -0.00365612 59.1111 -0.00284862 0.0141386 0.999896 1.11443
0.442829 -0.896426 0.0179574 30.3959 0.896581 0.442878 -0.00139629 59.5372 -0.00670128 0.0167186 0.999838 1.12218
0.449984 -0.892693 0.0247799 30.6798 0.892964 0.450128 0.000262219 60.0884 -0.0113882 0.0220096 0.999693 1.13443
0.457947 -0.888612 0.0255376 30.9061 0.888881 0.458134 0.00168734 60.5394 -0.013199 0.0219272 0.999672 1.13354
0.470015 -0.882393 0.0216678 31.1526 0.882563 0.470183 0.00317079 61.015 -0.0129857 0.0176329 0.99976 1.12683
0.485529 -0.874053 0.0171219 31.3981 0.87412 0.485677 0.00569135 61.4705 -0.0132902 0.0122032 0.999837 1.1174
0.498189 -0.866896 0.0172774 31.5972 0.866948 0.498353 0.006717 61.7865 -0.0144332 0.0116323 0.999828 1.11058
0.522652 -0.852303 0.0203715 31.8931 0.852414 0.522843 0.00514187 62.2408 -0.0150335 0.0146775 0.999779 1.10488
0.541888 -0.840137 0.0229496 32.1094 0.84029 0.542117 0.0047657 62.545 -0.0164452 0.0167018 0.999725 1.10137
0.573417 -0.818895 0.0245475 32.4149 0.819068 0.573678 0.00464949 62.9631 -0.0178898 0.0174399 0.999688 1.10037
0.604248 -0.796409 0.0248264 32.6871 0.796586 0.604511 0.00413986 63.3044 -0.0183048 0.0172748 0.999683 1.09816
0.631808 -0.774724 0.0248999 32.9277 0.7749 0.632073 0.0037586 63.5802 -0.0186504 0.0169202 0.999683 1.09359
0.704165 -0.70964 0.0237217 33.5576 0.709797 0.704402 0.00245164 64.1964 -0.0184494 0.0151112 0.999716 1.08204
0.732507 -0.68036 0.0232933 33.8203 0.680522 0.732727 0.00132874 64.3877 -0.0179716 0.0148783 0.999728 1.07767
0.77304 -0.633972 0.0220953 34.188 0.634142 0.773216 -0.000943995 64.633 -0.0164859 0.0147413 0.999755 1.0704
0.809016 -0.587394 0.0214889 34.5304 0.587578 0.809162 -0.00292885 64.824 -0.0156676 0.0149959 0.999765 1.06075
0.883911 -0.467298 0.018269 35.3095 0.467499 0.883951 -0.00868252 65.1774 -0.0120916 0.0162153 0.999795 1.03485
0.906553 -0.421697 0.0182578 35.5994 0.421924 0.906565 -0.0109516 65.2525 -0.0119336 0.0176316 0.999773 1.0251
0.938429 -0.345001 0.018048 36.0631 0.345246 0.938424 -0.0128341 65.3621 -0.012509 0.0182749 0.999755 1.01477
0.956427 -0.291347 0.0190982 36.3947 0.291598 0.956467 -0.0119233 65.4193 -0.014793 0.0169728 0.999747 1.00362
0.972615 -0.231561 0.0199841 36.7691 0.231806 0.9727 -0.0109676 65.4685 -0.0168989 0.0152997 0.99974 0.991254
0.98419 -0.175954 0.0202436 37.13 0.17622 0.984275 -0.0122028 65.4952 -0.0177782 0.0155772 0.999721 0.978226
0.994508 -0.102964 0.0187726 37.5996 0.103288 0.994503 -0.0171976 65.5014 -0.0168987 0.0190421 0.999676 0.961775
0.998155 -0.0580033 0.0179445 37.9101 0.0583242 0.998137 -0.0179124 65.4969 -0.0168721 0.0189259 0.999679 0.953376
0.999854 0.00642391 0.0158521 38.3511 -0.00620911 0.999889 -0.0135589 65.472 -0.0159374 0.0134585 0.999782 0.946562
0.998549 0.0518414 0.0145473 38.6819 -0.0516993 0.998613 -0.00998007 65.444 -0.0150445 0.00921351 0.999844 0.941165
0.993822 0.110389 0.0115153 39.1111 -0.110266 0.993843 -0.0108465 65.3734 -0.0126417 0.00950979 0.999875 0.917797
0.989016 0.147405 0.0108546 39.4255 -0.147191 0.988936 -0.0184778 65.3047 -0.0134582 0.0166771 0.99977 0.886445
0.980518 0.196148 0.0105188 39.8683 -0.195783 0.980229 -0.0286342 65.1925 -0.0159274 0.026017 0.999535 0.849253
0.974304 0.225026 0.00978109 40.1668 -0.224676 0.974021 -0.0283333 65.1279 -0.0159027 0.0254076 0.999551 0.832231
0.963716 0.266858 0.00618068 40.6093 -0.266723 0.963623 -0.0170358 65.0157 -0.010502 0.0147692 0.999836 0.833395
0.955977 0.293402 0.00485459 40.931 -0.293358 0.955968 -0.00815586 64.9299 -0.00703378 0.00637268 0.999955 0.849066
0.948129 0.317866 0.00348383 41.2741 -0.317851 0.948131 -0.00415912 64.8222 -0.00462517 0.00283605 0.999985 0.860971
0.938206 0.346076 -8.81404e-06 41.7029 -0.34607 0.938192 -0.00555528 64.669 -0.00191428 0.00521505 0.999985 0.863893
0.93111 0.364692 -0.00583365 42.0494 -0.364732 0.931071 -0.00883789 64.5438 0.00220843 0.0103568 0.999944 0.854575
0.921754 0.387408 -0.0168813 42.5064 -0.387593 0.921782 -0.0094208 64.363 0.0119112 0.0152268 0.999813 0.842711
0.915319 0.402227 -0.0201347 42.8558 -0.402434 0.915419 -0.00743808 64.2183 0.0154399 0.0149111 0.99977 0.8558
0.899846 0.436031 -0.012389 43.7876 -0.436118 0.899873 -0.0053777 63.7828 0.00880366 0.0102422 0.999909 0.892606
0.895294 0.445349 -0.0105909 44.1287 -0.445429 0.895291 -0.00690559 63.6167 0.00640652 0.0109 0.99992 0.897767
0.88839 0.458966 -0.0106202 44.6462 -0.459065 0.888342 -0.0103436 63.3491 0.00468704 0.0140646 0.99989 0.895667
0.883455 0.468355 -0.0122494 45.088 -0.468492 0.883371 -0.013076 63.1122 0.00469653 0.0172908 0.999839 0.890877
0.879242 0.476172 -0.0139369 45.5453 -0.476348 0.879129 -0.0149683 62.8622 0.0051249 0.0197995 0.999791 0.885063
0.87629 0.481556 -0.0148369 45.9866 -0.481758 0.87615 -0.0164363 62.618 0.00508437 0.0215508 0.999755 0.876357
0.872922 0.487576 -0.0166245 46.5472 -0.487823 0.872767 -0.0175212 62.3049 0.00596645 0.0234045 0.999708 0.866037
0.869998 0.492734 -0.0177891 47.0397 -0.493007 0.869851 -0.0174167 62.0301 0.00689204 0.0239227 0.99969 0.853384
0.867087 0.497799 -0.0188789 47.5972 -0.498104 0.866922 -0.0183775 61.717 0.00721829 0.0253385 0.999653 0.839253
0.865642 0.500296 -0.0191793 48.0722 -0.50062 0.865436 -0.020003 61.4509 0.00659108 0.026917 0.999616 0.821991
0.862113 0.506332 -0.0197004 49.2908 -0.506683 0.861844 -0.022276 60.7566 0.00569961 0.0291863 0.999558 0.7943
0.861457 0.507427 -0.0202456 49.8047 -0.507808 0.861113 -0.0248105 60.465 0.00484425 0.0316541 0.999487 0.775074
0.861169 0.507825 -0.0223903 50.4991 -0.508295 0.860713 -0.0284344 60.0637 0.0048319 0.0358677 0.999345 0.753998
0.861849 0.506613 -0.0236441 51.0925 -0.507142 0.86131 -0.0308554 59.7241 0.00473314 0.0385837 0.999244 0.735985
0.863251 0.504187 -0.0243519 51.6531 -0.504755 0.862641 -0.0327511 59.4077 0.00449427 0.0405642 0.999167 0.72016
0.865387 0.500454 -0.0255201 52.4036 -0.50108 0.86472 -0.0343293 58.9858 0.00488748 0.0424957 0.999085 0.704195
0.867205 0.497314 -0.0251746 52.9899 -0.497935 0.86647 -0.0359154 58.6616 0.00395188 0.0436813 0.999038 0.693402
0.869188 0.493895 -0.0240734 53.6547 -0.494475 0.868392 -0.0372879 58.297 0.0024889 0.0443139 0.999015 0.682607
0.871395 0.490103 -0.0216877 54.4545 -0.490582 0.870613 -0.0369202 57.869 0.000786886 0.0428116 0.999083 0.663552
0.873209 0.486968 -0.0191889 55.0649 -0.487345 0.87246 -0.0361668 57.5536 -0.000870474 0.0409328 0.999162 0.645612
0.875449 0.482971 -0.0181037 55.8995 -0.48331 0.874785 -0.0341047 57.1239 -0.000634715 0.0386066 0.999254 0.623746
0.877115 0.479897 -0.0191717 56.5824 -0.480276 0.876567 -0.0310595 56.7744 0.00189992 0.0364505 0.999334 0.60743
0.878113 0.477974 -0.0214009 57.2725 -0.478403 0.877787 -0.0249024 56.4204 0.00688278 0.0321054 0.999461 0.591313
0.878447 0.477294 -0.0228188 57.9271 -0.477729 0.878269 -0.0204516 56.0854 0.0102796 0.0288668 0.99953 0.583174
0.87858 0.477048 -0.0228573 58.7592 -0.477436 0.878517 -0.0162258 55.6697 0.01234 0.0251685 0.999607 0.58464
0.878625 0.477069 -0.0205797 59.4135 -0.477386 0.878567 -0.014906 55.347 0.0109695 0.0229212 0.999677 0.593548
0.87872 0.476952 -0.0191658 60.2502 -0.477233 0.878658 -0.0144668 54.9235 0.00994017 0.0218588 0.999712 0.595961
0.878877 0.476707 -0.0180358 60.9387 -0.476957 0.87882 -0.013701 54.5727 0.00931889 0.0206438 0.999743 0.596734
0.879093 0.476372 -0.0163106 62.4038 -0.476557 0.879085 -0.0101912 53.8247 0.00948362 0.016732 0.999815 0.591899
0.878823 0.476899 -0.0153979 63.0396 -0.477048 0.878841 -0.00798126 53.4996 0.00972603 0.0143596 0.99985 0.591055
0.877869 0.478678 -0.0146142 63.9381 -0.47878 0.877925 -0.00430633 53.0414 0.0107688 0.0107774 0.999884 0.591804
0.876447 0.48133 -0.01271 64.6203 -0.481392 0.876503 -0.00218771 52.694 0.0100873 0.00803589 0.999917 0.597927
0.874472 0.484974 -0.0099616 65.311 -0.485008 0.874509 -0.00119847 52.3396 0.00813029 0.00587949 0.99995 0.605808
0.872132 0.48922 -0.00702184 65.9104 -0.489237 0.87215 -0.000940714 52.0254 0.00566388 0.00425577 0.999975 0.612753
0.868416 0.49581 -0.00506985 66.7229 -0.495817 0.868427 -9.78606e-05 51.5926 0.00435428 0.0025987 0.999987 0.621734
0.86482 0.50206 -0.00466026 67.3569 -0.502064 0.864831 0.000372139 51.2465 0.00421717 0.00201791 0.999989 0.623112
0.859177 0.511642 -0.00608002 68.2153 -0.511646 0.859196 0.000904955 50.7684 0.00568694 0.0023333 0.999981 0.620428
0.85523 0.518215 -0.0058286 68.7541 -0.518222 0.855246 0.000312328 50.4583 0.00514674 0.0027534 0.999983 0.61997
0.848496 0.529178 -0.00504128 69.6092 -0.529184 0.848507 1.68751e-05 49.955 0.0042865 0.00265345 0.999987 0.620351
0.843566 0.537006 -0.00462372 70.194 -0.537014 0.843573 -0.000783537 49.5932 0.00347969 0.00314397 0.999989 0.623304
0.837444 0.5465 -0.00509225 70.892 -0.546513 0.83745 -0.00142069 49.148 0.0034881 0.00397273 0.999986 0.624548
0.831755 0.555114 -0.00567601 71.5197 -0.555128 0.831764 -0.00131412 48.7345 0.00399162 0.00424395 0.999983 0.620527
0.826075 0.563525 -0.00633556 72.1442 -0.563541 0.826088 -0.000894535 48.3143 0.00472964 0.0043093 0.99998 0.615953
0.820343 0.571825 -0.00728411 72.768 -0.571843 0.820363 -0.000530196 47.8879 0.00567244 0.00460032 0.999973 0.61065
0.813893 0.580947 -0.00882022 73.4794 -0.580972 0.813924 -0.000308237 47.3932 0.00699992 0.00537517 0.999961 0.605878
0.809704 0.586766 -0.00919608 73.9533 -0.586796 0.809734 -0.00079674 47.0496 0.00697889 0.00604135 0.999957 0.60718
0.8031 0.595762 -0.00994929 74.6646 -0.595796 0.803135 -0.000676819 46.5304 0.00758741 0.00647131 0.99995 0.612272
0.798649 0.601713 -0.0100957 75.1651 -0.601757 0.798678 -0.00172757 46.1553 0.00702374 0.0074549 0.999948 0.616573
0.79283 0.609353 -0.0104883 75.8675 -0.609412 0.792847 -0.00343638 45.6216 0.00622161 0.00911613 0.999939 0.614972
0.788907 0.614415 -0.0109551 76.4628 -0.614493 0.788898 -0.00612916 45.1612 0.00487662 0.0115672 0.999921 0.608905
0.786401 0.61761 -0.0114833 76.9928 -0.617708 0.786349 -0.00957886 44.7374 0.00311385 0.0146261 0.999888 0.604077
0.784528 0.619982 -0.0117213 77.518 -0.620091 0.784437 -0.0121037 44.317 0.00169052 0.016764 0.999858 0.597801
0.783144 0.621731 -0.0116797 78.0401 -0.621841 0.783025 -0.0136578 43.9017 0.000654025 0.0179589 0.999839 0.588724
0.782173 0.622956 -0.0113981 78.5597 -0.623061 0.782046 -0.0141044 43.4918 0.000127379 0.0181338 0.999836 0.579349
0.782052 0.623086 -0.0126173 79.1064 -0.623213 0.781921 -0.0143432 43.0601 0.000928696 0.0190804 0.999818 0.566417
0.782774 0.622159 -0.0135021 79.528 -0.622304 0.782634 -0.0148786 42.7236 0.00131035 0.0200491 0.999798 0.559721
0.785393 0.618819 -0.0148666 80.0835 -0.618993 0.785253 -0.0150141 42.2818 0.00238298 0.0209943 0.999777 0.552625
0.788583 0.614742 -0.01511 80.5133 -0.614922 0.788448 -0.0148745 41.9442 0.00276945 0.0210212 0.999775 0.55231
0.795118 0.606261 -0.0153438 81.043 -0.606443 0.795006 -0.0138396 41.5415 0.00380798 0.0203093 0.999787 0.558609
0.802123 0.596966 -0.0151847 81.4763 -0.597145 0.80202 -0.013493 41.2281 0.0041236 0.0198905 0.999794 0.571933
0.811715 0.583851 -0.0153837 81.9369 -0.584027 0.811647 -0.011886 40.9097 0.00554645 0.0186326 0.999811 0.586781
0.823579 0.566947 -0.0169822 82.3828 -0.567136 0.823568 -0.00958271 40.6202 0.00855313 0.0175234 0.99981 0.600205
0.835887 0.548586 -0.0186061 82.7929 -0.548773 0.835945 -0.0067086 40.3708 0.0118734 0.0158181 0.999804 0.613173
0.849392 0.5274 -0.019535 83.2122 -0.52757 0.8495 -0.00445543 40.1292 0.0142452 0.0140905 0.999799 0.627314
0.864182 0.50281 -0.0192513 83.6493 -0.502961 0.864302 -0.00365073 39.8929 0.0148033 0.0128376 0.999808 0.643609
0.882078 0.470797 -0.0169623 84.1372 -0.470921 0.882167 -0.00398823 39.6509 0.013086 0.0115058 0.999848 0.660149
0.895931 0.443977 -0.0138607 84.5309 -0.444074 0.895978 -0.00476711 39.4893 0.0103024 0.0104262 0.999893 0.672207
0.916465 0.400028 -0.00830651 85.0658 -0.400076 0.916467 -0.00527255 39.2933 0.00550348 0.00815535 0.999952 0.683819
0.935187 0.354145 -0.00243806 85.5678 -0.354153 0.935179 -0.00406572 39.1535 0.000840165 0.00466566 0.999989 0.692281
0.948482 0.316825 0.00173473 85.976 -0.316822 0.948483 -0.00210434 39.0744 -0.00231207 0.00144633 0.999996 0.69584
0.967492 0.252858 0.0047961 86.5663 -0.252862 0.967502 0.000203797 38.9829 -0.0045887 -0.00140992 0.999989 0.697036
0.977877 0.209116 0.00509796 86.9672 -0.209116 0.977891 -0.000491112 38.9609 -0.00508794 -0.000585819 0.999987 0.699222
0.991433 0.130605 0.00176543 87.5721 -0.130601 0.991433 -0.00209347 38.9423 -0.00202372 0.00184496 0.999996 0.705505
0.996618 0.0821631 -0.000970036 87.9546 -0.0821658 0.996614 -0.00321269 38.9688 0.000702789 0.00328153 0.999994 0.716136
0.999983 0.00147498 -0.00555814 88.5264 -0.00149257 0.999994 -0.00316219 39.0324 0.00555344 0.00317043 0.99998 0.729942
0.998502 -0.0541997 -0.00744157 88.9299 0.0541894 0.998529 -0.00156422 39.1178 0.00751541 0.00115862 0.999971 0.744459
0.990301 -0.138586 -0.00988483 89.4935 0.13858 0.99035 -0.00126405 39.2683 0.00996463 -0.000118054 0.99995 0.758693
0.9788 -0.204587 -0.00977686 89.9326 0.204574 0.978848 -0.00233967 39.4281 0.0100487 0.000289982 0.99995 0.771105
0.965819 -0.259127 -0.00678906 90.3156 0.259117 0.965843 -0.00242361 39.5962 0.00718519 0.000581611 0.999974 0.784541
0.943405 -0.331643 -0.000101315 90.811 0.331643 0.943405 -0.000451398 39.8424 0.000245288 0.000392249 1 0.799934
0.914921 -0.403575 0.00682874 91.2991 0.40357 0.914946 0.0021826 40.1279 -0.00712876 0.000758971 0.999974 0.808375
0.894953 -0.446017 0.0112977 91.6208 0.445992 0.895024 0.00478416 40.3462 -0.0122455 0.000757081 0.999925 0.807195
0.863204 -0.504564 0.0171302 92.0719 0.504481 0.863374 0.0092298 40.678 -0.0194468 0.000674653 0.999811 0.803806
0.832175 -0.554182 0.0191514 92.4724 0.554019 0.832395 0.0134479 41.0031 -0.0233941 -0.00058078 0.999726 0.799664
0.808557 -0.588124 0.0185814 92.7817 0.587862 0.808763 0.0178959 41.2694 -0.0255529 -0.00354656 0.999667 0.797697
0.775538 -0.63114 0.0142463 93.2153 0.630816 0.775629 0.021698 41.6659 -0.0247443 -0.00784084 0.999663 0.793448
0.754951 -0.655683 0.0113278 93.5066 0.655367 0.754976 0.0224957 41.9441 -0.0233023 -0.00955929 0.999683 0.781668
0.73789 -0.674812 0.0121175 93.8049 0.674545 0.737959 0.0201515 42.2358 -0.0225407 -0.00669582 0.999724 0.778639
0.720519 -0.693271 0.0150664 94.1922 0.693083 0.720676 0.0162053 42.6338 -0.0220927 -0.00123399 0.999755 0.786106
0.708428 -0.70564 0.014213 94.5442 0.705464 0.70857 0.0158159 42.992 -0.0212312 -0.00117773 0.999774 0.804697
0.70129 -0.712776 0.0119534 94.8143 0.712573 0.701382 0.017388 43.2771 -0.0207776 -0.00367629 0.999777 0.820744
0.693533 -0.720395 0.00661641 95.193 0.720158 0.693496 0.0208876 43.7008 -0.0196358 -0.00972138 0.99976 0.834726
0.690089 -0.723723 0.00116096 95.4956 0.723521 0.689932 0.022623 44.0399 -0.0171738 -0.0147719 0.999743 0.854037
0.687543 -0.726131 -0.004272 95.8916 0.726023 0.68731 0.0222677 44.4837 -0.0132331 -0.0184116 0.999743 0.881252
0.687561 -0.726106 -0.00549354 96.2031 0.726045 0.687351 0.0201934 44.8169 -0.0108865 -0.0178727 0.999781 0.911554
0.689771 -0.723989 -0.00753601 96.6369 0.724015 0.689658 0.0132014 45.2771 -0.00436039 -0.0145621 0.999884 0.941229
0.692294 -0.721549 -0.00979652 97.0081 0.721614 0.692261 0.00697495 45.6584 0.00174898 -0.011898 0.999928 0.970479
0.695113 -0.718789 -0.0126758 97.3906 0.718889 0.695092 0.00669902 46.0514 0.00399566 -0.0137691 0.999897 1.00223
0.698923 -0.715053 -0.0143174 97.8168 0.715194 0.698832 0.0114509 46.4921 0.00181743 -0.0182431 0.999832 1.03583
0.702267 -0.711802 -0.0125673 98.1873 0.711912 0.702116 0.0146543 46.8623 -0.00160723 -0.019238 0.999814 1.06623
0.705812 -0.708367 -0.00680885 98.6686 0.708363 0.705647 0.0168494 47.3393 -0.00713091 -0.0167157 0.999835 1.09666
0.708474 -0.705735 -0.00178613 99.0937 0.705631 0.708321 0.0191344 47.7596 -0.0122387 -0.0148166 0.999815 1.10602
0.711263 -0.702921 0.00269664 99.6063 0.702747 0.711163 0.0198551 48.2555 -0.0158743 -0.0122271 0.999799 1.10874
0.712692 -0.701458 0.00515109 100.101 0.701329 0.712673 0.0153219 48.7227 -0.0144187 -0.0073072 0.999869 1.10013
0.71299 -0.701158 0.00481866 100.516 0.701086 0.712992 0.0109908 49.1122 -0.011142 -0.00445807 0.999928 1.09391
0.712765 -0.701402 0.000181815 101.054 0.701395 0.712759 0.00429063 49.6272 -0.00313905 -0.00293069 0.999991 1.08555
0.711906 -0.702261 -0.00434246 101.515 0.702273 0.711904 0.00217753 50.0792 0.00156222 -0.00459979 0.999988 1.07881
0.710211 -0.703971 -0.00497169 102.028 0.703986 0.710211 0.00194475 50.5845 0.0021619 -0.00488119 0.999986 1.07387
0.708519 -0.705692 0.000397233 102.621 0.705681 0.708511 0.00508995 51.1699 -0.00387338 -0.00332601 0.999987 1.08381
0.707365 -0.706835 0.00439657 103.061 0.706788 0.707372 0.00875512 51.6 -0.00929844 -0.00308562 0.999952 1.08766
0.705662 -0.708532 0.00477956 103.645 0.708442 0.705657 0.0125481 52.1813 -0.0122635 -0.00546868 0.99991 1.09057
0.704363 -0.709839 0.00107034 104.118 0.709763 0.704309 0.0136567 52.6651 -0.0104479 -0.00885963 0.999906 1.08795
0.701616 -0.712535 -0.0053418 104.75 0.712546 0.701549 0.0103797 53.317 -0.0036484 -0.0110889 0.999932 1.08747
0.699009 -0.715071 -0.00771333 105.214 0.715113 0.698969 0.00751204 53.8021 1.97347e-05 -0.0107669 0.999942 1.08853
0.696118 -0.717893 -0.00701402 105.784 0.717927 0.696094 0.00581635 54.4037 0.0007069 -0.00908443 0.999959 1.09289
0.693221 -0.720716 -0.00366976 106.364 0.720725 0.693206 0.00464347 55.009 -0.000802718 -0.00586384 0.999982 1.1041
0.69175 -0.722136 -0.0007462 106.817 0.722129 0.691737 0.00539295 55.4839 -0.00337827 -0.00426943 0.999985 1.11273
0.690204 -0.723609 0.00305356 107.514 0.723589 0.690209 0.00560693 56.2106 -0.00616482 -0.00166041 0.99998 1.12557
0.689705 -0.724064 0.00616336 107.962 0.724047 0.689732 0.00505921 56.6803 -0.00791426 0.000973197 0.999968 1.13215
0.689267 -0.72445 0.00915271 108.59 0.724438 0.689321 0.00518412 57.3452 -0.0100648 0.00305732 0.999945 1.13425
0.689117 -0.724614 0.00719072 109.128 0.724583 0.689155 0.00669424 57.9235 -0.00980626 0.000597153 0.999952 1.13189
0.689441 -0.72434 0.00135244 109.715 0.724306 0.689424 0.00868797 58.5607 -0.00722545 -0.00501026 0.999961 1.12678
0.689879 -0.723907 -0.00503066 110.321 0.723912 0.689809 0.0107561 59.2201 -0.00431622 -0.0110622 0.99993 1.12466
0.691037 -0.722742 -0.0105698 110.866 0.722808 0.690872 0.0156382 59.8115 -0.00399997 -0.0184465 0.999822 1.1211
0.693303 -0.720519 -0.0135123 111.46 0.720623 0.693007 0.0210962 60.4535 -0.00583613 -0.0243633 0.999686 1.11882
0.695651 -0.718225 -0.01492 112.13 0.718353 0.695296 0.0230816 61.1659 -0.00620397 -0.0267746 0.999622 1.11726
0.697129 -0.716749 -0.0167843 112.644 0.716932 0.696784 0.0223594 61.7151 -0.00433106 -0.0276206 0.999609 1.12177
0.698721 -0.71527 -0.0133433 113.325 0.715388 0.698515 0.0172339 62.4211 -0.00300639 -0.0215873 0.999762 1.13211
0.69919 -0.714876 -0.00923499 113.832 0.714927 0.69906 0.0139162 62.9364 -0.00349251 -0.0163324 0.999861 1.1438
0.700256 -0.713869 -0.00560811 114.503 0.713886 0.700197 0.009557 63.6207 -0.00289567 -0.0106959 0.999939 1.1565
0.701062 -0.713075 -0.00596498 115.051 0.713089 0.700982 0.0113123 64.179 -0.00388519 -0.0121842 0.999918 1.16169
0.701996 -0.712156 -0.00600178 115.687 0.712142 0.701844 0.0163796 64.8312 -0.00745255 -0.0157726 0.999848 1.16246
0.702756 -0.711409 -0.00560862 116.272 0.711327 0.702496 0.0226694 65.4355 -0.0121872 -0.0199206 0.999727 1.16266
0.703724 -0.710429 -0.00796567 116.955 0.710386 0.703416 0.0236397 66.1378 -0.0111911 -0.0222945 0.999689 1.1559
0.704215 -0.709905 -0.0107146 117.456 0.709977 0.704051 0.0156302 66.6482 -0.00355231 -0.0186141 0.99982 1.1424
0.703613 -0.710457 -0.0134067 118.73 0.710494 0.703698 -0.00251948 67.9273 0.0112243 -0.00775266 0.999907 1.14451
0.70326 -0.710928 -0.00279299 119.299 0.710927 0.703233 0.00679306 68.5027 -0.00286525 -0.00676291 0.999973 1.15763
0.70236 -0.711775 0.00814992 119.84 0.711569 0.70237 0.0185956 69.0526 -0.0189602 -0.0072616 0.999794 1.15366
0.701637 -0.712449 0.0109898 120.504 0.712083 0.701659 0.0247622 69.7377 -0.0253529 -0.0095484 0.999633 1.14534
0.701221 -0.712943 0.000788432 121.041 0.712803 0.701105 0.0190633 70.304 -0.0141438 -0.0128056 0.999818 1.12128
0.700304 -0.713783 -0.0093908 121.633 0.713844 0.700218 0.0110338 70.9229 -0.00130017 -0.0144306 0.999895 1.1018
0.699274 -0.714778 -0.0104061 122.181 0.714846 0.699259 0.00562114 71.4932 0.00325868 -0.0113695 0.99993 1.1035
0.697699 -0.71634 -0.00855215 122.693 0.716388 0.697681 0.00540302 72.0217 0.00209628 -0.00989634 0.999949 1.11214
0.695309 -0.718664 -0.00825207 123.341 0.718708 0.695295 0.00493589 72.7051 0.00219038 -0.0093628 0.999954 1.12517
0.692261 -0.721588 -0.00927261 123.878 0.721637 0.692263 0.00343358 73.2758 0.00394146 -0.00906839 0.999951 1.13733
0.689449 -0.724235 -0.0119666 124.452 0.724319 0.689449 0.00479939 73.8965 0.00477448 -0.0119766 0.999917 1.14954
0.68771 -0.725816 -0.0156993 124.908 0.725971 0.687675 0.00837367 74.4079 0.00471826 -0.0171559 0.999842 1.15925
0.686156 -0.727221 -0.0184073 125.515 0.727444 0.68606 0.0121301 75.0827 0.00380729 -0.0217134 0.999757 1.16361
0.684904 -0.728449 -0.0163924 126.093 0.728633 0.684732 0.015351 75.715 4.19868e-05 -0.022458 0.999748 1.16753
0.683873 -0.729466 -0.0140477 126.565 0.729596 0.683671 0.0168495 76.2267 -0.00268713 -0.0217721 0.999759 1.16683
0.682321 -0.730931 -0.0132997 127.129 0.73105 0.68216 0.0149469 76.8408 -0.00185269 -0.0199213 0.9998 1.17334
0.679754 -0.733332 -0.0125869 127.677 0.733439 0.67968 0.010143 77.4374 0.00111684 -0.0161264 0.999869 1.18335
0.675282 -0.737478 -0.0109617 128.281 0.737545 0.675288 0.00368939 78.104 0.00468149 -0.0105761 0.999933 1.19014
0.67106 -0.741349 -0.00891788 128.75 0.741396 0.671056 0.00394879 78.6335 0.00305697 -0.00926156 0.999952 1.19439
0.665802 -0.746121 -0.0034019 129.35 0.746115 0.665755 0.00910175 79.3231 -0.00452617 -0.00859817 0.999953 1.18945
0.662411 -0.749137 0.00230847 129.807 0.749042 0.66237 0.0142241 79.8486 -0.0121849 -0.00769307 0.999896 1.19192
0.658637 -0.752452 0.00362234 130.413 0.752205 0.658531 0.0229217 80.5589 -0.0196329 -0.0123724 0.999731 1.18403
0.655953 -0.754801 0.000805706 130.868 0.754563 0.655773 0.0244099 81.1036 -0.0189529 -0.0154038 0.999702 1.16961
0.651691 -0.758474 -0.00393985 131.365 0.758378 0.651504 0.0201279 81.7039 -0.0126997 -0.0161051 0.99979 1.15271
0.645603 -0.763632 -0.00791535 131.952 0.763667 0.645522 0.0106623 82.4241 -0.00303254 -0.0129283 0.999912 1.13787
0.640834 -0.767643 -0.00751855 132.435 0.767679 0.640795 0.00713385 83.0332 -0.000658398 -0.0103435 0.999946 1.13417
0.6353 -0.772217 -0.00865469 132.919 0.772258 0.635207 0.0113744 83.6574 -0.00328596 -0.0139098 0.999898 1.12882
0.629888 -0.776588 -0.0123414 133.379 0.776672 0.629702 0.0159647 84.2593 -0.00462655 -0.0196412 0.999796 1.11757
0.621289 -0.783345 -0.0192404 133.965 0.783581 0.62111 0.0148962 85.0397 0.000281529 -0.0243312 0.999704 1.10723
0.607375 -0.794141 -0.0208611 134.945 0.794406 0.607285 0.0111516 86.3515 0.00381265 -0.0233454 0.99972 1.10581
0.602552 -0.797835 -0.0197613 135.329 0.798079 0.602355 0.0154248 86.8826 -0.000403139 -0.0250653 0.999686 1.10641
0.595739 -0.802968 -0.0183502 135.853 0.80314 0.595334 0.0233156 87.6242 -0.00779721 -0.0286278 0.99956 1.10849
0.588806 -0.808098 -0.0168894 136.352 0.80818 0.588289 0.0275908 88.3336 -0.0123602 -0.0298953 0.999477 1.10098
0.583385 -0.812048 -0.0154518 136.809 0.812055 0.582825 0.029699 88.9885 -0.0151114 -0.0298736 0.999439 1.09158
0.578733 -0.815373 -0.0153341 137.304 0.815373 0.578175 0.0296602 89.7039 -0.0153184 -0.0296684 0.999442 1.07607
0.575612 -0.81753 -0.0177795 137.704 0.817621 0.575061 0.0282799 90.2975 -0.0128954 -0.0308151 0.999442 1.06682
0.571366 -0.820265 -0.0265656 138.246 0.82067 0.570798 0.0262614 91.1137 -0.00637772 -0.0368065 0.999302 1.05373
0.569091 -0.821712 -0.0304133 138.624 0.822269 0.568564 0.0246792 91.6837 -0.00298727 -0.0390527 0.999233 1.04914
0.566411 -0.823556 -0.0305707 139.101 0.824112 0.565823 0.0261562 92.4018 -0.00424353 -0.0400089 0.99919 1.05094
0.564353 -0.825049 -0.0282788 139.555 0.825451 0.563478 0.0335152 93.0896 -0.0117172 -0.0422572 0.999038 1.05471
0.561934 -0.826829 -0.0241509 140.072 0.826882 0.560704 0.0433287 93.8813 -0.0222839 -0.0443178 0.998769 1.05557
0.559027 -0.828851 -0.0222387 140.469 0.828789 0.557791 0.0444754 94.4748 -0.024459 -0.0432942 0.998763 1.04612
0.554687 -0.831839 -0.0191261 140.957 0.831863 0.553911 0.0344495 95.2055 -0.0180622 -0.035019 0.999223 1.02286
0.549489 -0.835338 -0.0164902 141.396 0.835439 0.549101 0.0230274 95.8699 -0.0101808 -0.0264299 0.999599 1.01086
0.543849 -0.838978 -0.0185695 141.829 0.839152 0.543505 0.0206515 96.5554 -0.00723356 -0.0268139 0.999614 1.00282
0.537744 -0.84296 -0.0158194 142.268 0.843031 0.537346 0.0236173 97.2701 -0.011408 -0.0260363 0.999596 0.997114
0.530399 -0.847698 -0.00920784 142.756 0.847581 0.530048 0.0255902 98.0675 -0.0168122 -0.0213774 0.99963 1.00071
0.525458 -0.850814 -0.00309516 143.145 0.85058 0.52522 0.0256475 98.7023 -0.0201956 -0.0161094 0.999666 0.998088
0.518553 -0.85503 0.00505642 143.698 0.854759 0.518524 0.0228187 99.623 -0.0221326 -0.00751072 0.999727 0.988247
0.514896 -0.85723 0.00625322 143.992 0.857019 0.514913 0.0195547 100.116 -0.0199827 -0.00470952 0.999789 0.982627
0.509308 -0.860548 0.00786516 144.409 0.86049 0.509367 0.0101358 100.826 -0.0127286 0.00160563 0.999918 0.971913
0.502421 -0.864506 0.0142289 144.894 0.864619 0.5024 -0.00529266 101.632 -0.00257307 0.0149617 0.999885 0.962924
0.49671 -0.867737 0.017664 145.298 0.867906 0.496701 -0.00519335 102.326 -0.00426727 0.0179103 0.99983 0.965845
0.492166 -0.87032 0.0177751 145.678 0.870406 0.492312 0.00473006 103.003 -0.0128676 0.0131436 0.999831 0.964094
0.487544 -0.872942 0.0165172 146.104 0.872756 0.487795 0.0187573 103.788 -0.0244311 0.00527046 0.999688 0.966788
0.483727 -0.875066 0.0163641 146.5 0.874788 0.483991 0.0223237 104.526 -0.0274548 0.00351653 0.999617 0.96041
0.481058 -0.876588 0.0132477 146.949 0.876467 0.481221 0.0152012 105.374 -0.0197003 0.0042985 0.999797 0.937684
0.479076 -0.877768 0.0031864 147.286 0.877707 0.479081 0.0105912 106.025 -0.0108232 -0.00227729 0.999939 0.922364
0.477086 -0.878841 -0.00518778 147.692 0.878849 0.47705 0.00694558 106.817 -0.00362923 -0.00787292 0.999962 0.918776
0.475112 -0.879923 -0.00186759 148.075 0.879916 0.475097 0.00546898 107.539 -0.00392499 -0.0042417 0.999983 0.933738
0.473755 -0.880652 0.00276847 148.462 0.880611 0.47376 0.00869259 108.267 -0.00896674 -0.00168022 0.999958 0.94907
0.473882 -0.88057 0.00570309 148.923 0.880429 0.47391 0.0159657 109.131 -0.0167617 -0.0025447 0.999856 0.955526
0.473098 -0.880987 0.00639417 149.298 0.880809 0.473132 0.0179122 109.843 -0.0188057 -0.00284217 0.999819 0.953416
0.471849 -0.881661 0.00574689 149.653 0.881541 0.47188 0.0146248 110.504 -0.015606 -0.00183459 0.999877 0.943265
0.470104 -0.882588 0.00637443 150.076 0.882598 0.470124 0.00198168 111.293 -0.00474578 0.00469446 0.999978 0.934105
0.468078 -0.883607 0.01188 150.501 0.883677 0.467966 -0.0110473 112.07 0.00420205 0.0156691 0.999868 0.940819
0.466946 -0.884157 0.0151143 150.881 0.884275 0.466785 -0.0130624 112.779 0.00449403 0.0194646 0.9998 0.961681
0.465872 -0.884708 0.0159547 151.246 0.884851 0.465826 -0.00669235 113.483 -0.00151133 0.0172353 0.99985 0.979284
0.464281 -0.885541 0.0161358 151.682 0.885631 0.46438 0.00285795 114.329 -0.010024 0.0129635 0.999866 1.00451
0.463344 -0.886024 0.0165483 152.089 0.88612 0.463447 0.00285065 115.127 -0.010195 0.0133429 0.999859 1.0139
0.462884 -0.886303 0.0143416 152.458 0.886402 0.462914 -0.00140656 115.86 -0.00539226 0.0133635 0.999896 1.00295
0.462965 -0.886328 0.00922193 152.813 0.886375 0.46296 -0.00282996 116.58 -0.00176111 0.00948425 0.999953 1.00243
0.462567 -0.886562 0.00625663 153.158 0.886578 0.462579 0.000564369 117.268 -0.00339453 0.00528593 0.99998 1.00624
0.462085 -0.886822 0.00482112 153.549 0.88681 0.462106 0.00510388 118.044 -0.00675411 0.00191698 0.999975 1.01336
0.461529 -0.887119 0.00308913 153.919 0.88707 0.461537 0.00951545 118.779 -0.00986709 -0.00165139 0.99995 1.01404
0.461389 -0.887198 -0.000524759 154.369 0.887128 0.461345 0.0128571 119.676 -0.0111647 -0.00639764 0.999917 1.0144
0.461056 -0.88737 -0.00105746 154.684 0.887317 0.461014 0.0116306 120.311 -0.00983312 -0.00630065 0.999932 1.01668
0.460367 -0.887717 -0.00445587 155.06 0.887716 0.460328 0.00769541 121.072 -0.00478019 -0.00749827 0.99996 1.01707
0.459372 -0.888216 -0.00704412 155.361 0.88824 0.459333 0.0065281 121.69 -0.00256277 -0.0092557 0.999954 1.0145
0.457715 -0.889069 -0.00726765 155.753 0.88908 0.457637 0.0102791 122.467 -0.00581286 -0.0111664 0.999921 1.00667
0.457256 -0.88929 -0.0089911 156.118 0.88932 0.457165 0.0105242 123.192 -0.00524862 -0.0128082 0.999904 1.01069
0.457325 -0.889232 -0.0109728 156.479 0.889289 0.457225 0.0104684 123.904 -0.00429177 -0.0145455 0.999885 1.02943
0.457902 -0.888904 -0.0132373 156.833 0.888998 0.457799 0.0101536 124.606 -0.00296558 -0.0164173 0.999861 1.05654
0.458949 -0.888323 -0.0157144 157.184 0.888461 0.45885 0.00961504 125.302 -0.00133073 -0.0183744 0.99983 1.07014
0.460624 -0.887401 -0.0185915 157.514 0.887595 0.460543 0.00869634 125.975 0.000845066 -0.0205075 0.999789 1.08547
0.462819 -0.886187 -0.0217042 157.835 0.886446 0.462772 0.0074536 126.626 0.00343883 -0.0226893 0.999737 1.09416
0.465478 -0.884705 -0.0250353 158.148 0.885036 0.465483 0.00596759 127.257 0.00637395 -0.0249349 0.999669 1.10023
0.468571 -0.882962 -0.0286059 158.45 0.883373 0.46865 0.00430711 127.873 0.00960313 -0.0272879 0.999582 1.10553
0.472074 -0.880964 -0.0323705 158.747 0.881462 0.472249 0.0024934 128.475 0.0130904 -0.0297105 0.999473 1.10689
0.476024 -0.878682 -0.03631 159.04 0.87927 0.476324 0.000451839 129.05 0.0168983 -0.0321414 0.99934 1.10613
0.480339 -0.876151 -0.0404175 159.335 0.876833 0.480792 -0.00169421 129.615 0.0209168 -0.0346256 0.999181 1.11089
0.485035 -0.873349 -0.0447535 159.625 0.874132 0.485673 -0.00395632 130.17 0.0251908 -0.0372015 0.99899 1.1114
0.490092 -0.870276 -0.0492915 159.916 0.871165 0.49095 -0.00631427 130.722 0.0296948 -0.0398465 0.998765 1.11298
0.495504 -0.866924 -0.0540232 160.211 0.867924 0.496621 -0.00875373 131.275 0.0344179 -0.0425505 0.998501 1.11262
0.501879 -0.862891 -0.0594753 160.531 0.864015 0.503332 -0.011591 131.87 0.0399376 -0.0455703 0.998163 1.11375
0.506464 -0.860093 -0.0611092 160.784 0.861257 0.508021 -0.0122791 132.316 0.041606 -0.0464118 0.998056 1.11728
0.51394 -0.855939 -0.0568596 161.176 0.856985 0.515242 -0.0101514 133.005 0.0379854 -0.0435106 0.998331 1.14695
0.517791 -0.853999 -0.0507707 161.445 0.85485 0.518807 -0.00839439 133.435 0.033509 -0.0390549 0.998675 1.15696
0.523499 -0.850993 -0.0419585 161.827 0.851525 0.524245 -0.00850789 134.049 0.0292367 -0.0312748 0.999083 1.17303
0.527102 -0.848913 -0.0388471 162.147 0.849349 0.527763 -0.00853045 134.546 0.0277437 -0.0284983 0.999209 1.17172
0.529404 -0.84743 -0.039919 162.526 0.84795 0.530036 -0.00653639 135.145 0.0266976 -0.0303889 0.999182 1.16292
0.529972 -0.847063 -0.0401756 162.835 0.847632 0.530562 -0.00493977 135.631 0.0255 -0.0314362 0.99918 1.15392
0.529602 -0.847361 -0.0387584 163.268 0.847955 0.530065 -0.00201191 136.337 0.0222493 -0.0317998 0.999247 1.15444
0.529394 -0.84754 -0.0376559 163.516 0.848144 0.529765 0.000149005 136.73 0.0198225 -0.0320165 0.999291 1.14405
0.52925 -0.847368 -0.0431637 163.915 0.8482 0.529672 0.00191604 137.392 0.021239 -0.0376255 0.999066 1.13038
0.52859 -0.847371 -0.0505527 164.208 0.848479 0.529229 0.000887254 137.876 0.0260021 -0.0433619 0.998721 1.10945
0.526627 -0.848127 -0.0578292 164.606 0.849328 0.527824 -0.00663386 138.539 0.03615 -0.0456224 0.998304 1.09381
0.524545 -0.84942 -0.0577684 164.889 0.850399 0.525993 -0.0123948 138.994 0.0409141 -0.0426246 0.998253 1.09897
0.521011 -0.851842 -0.0539735 165.27 0.852589 0.522383 -0.0144375 139.637 0.0404933 -0.0384951 0.998438 1.11419
0.518503 -0.853403 -0.0534508 165.562 0.854447 0.519505 -0.00587369 140.156 0.0327806 -0.0426254 0.998553 1.12776
0.515276 -0.855759 -0.0465516 165.949 0.856851 0.515502 0.00794217 140.84 0.0172009 -0.0439802 0.998884 1.15103
0.512228 -0.858113 -0.0355768 166.29 0.858839 0.511989 0.0162122 141.42 0.00430308 -0.0388591 0.999236 1.16105
