0.472464 -0.881108 0.0206666 1.04805 0.881345 0.472412 -0.00764718 1.52994 -0.00302514 0.0218274 0.999757 1.05647
0.470843 -0.882024 0.0184421 1.47703 0.882215 0.47078 -0.00791475 2.37063 -0.00170118 0.0199965 0.999799 1.05295
0.469601 -0.882709 0.0173193 1.87409 0.882878 0.469541 -0.00764332 3.13612 -0.00138529 0.0188801 0.999821 1.04464
0.468814 -0.883102 0.0185571 2.29975 0.883294 0.468758 -0.00753081 3.90177 -0.00204833 0.0199219 0.999799 1.05865
0.467278 -0.883891 0.019703 2.72325 0.884105 0.467238 -0.00686249 4.7003 -0.00314032 0.0206263 0.999782 1.05533
0.466132 -0.884488 0.020074 3.14067 0.884706 0.46611 -0.00603435 5.51694 -0.0040194 0.0205724 0.99978 1.06829
0.464755 -0.885211 0.0201136 3.55826 0.885433 0.464716 -0.00686833 6.33958 -0.00326719 0.0210013 0.999774 1.06428
0.463308 -0.885966 0.020217 3.97665 0.886194 0.463248 -0.00788155 7.14233 -0.00238267 0.0215677 0.999765 1.06362
0.46222 -0.886525 0.0206201 4.41333 0.886761 0.462167 -0.00757826 7.95172 -0.00281163 0.021788 0.999759 1.07696
0.461972 -0.886659 0.0204499 4.84275 0.886879 0.461977 -0.00476416 8.77606 -0.00522322 0.0203375 0.99978 1.07964
0.46287 -0.886184 0.0207142 5.27471 0.886378 0.462963 -0.000345701 9.61958 -0.00928356 0.0185206 0.999785 1.07323
0.464285 -0.885412 0.0220518 5.69537 0.885592 0.464454 0.00297489 10.4514 -0.0128761 0.0181478 0.999752 1.06444
0.465946 -0.884486 0.0240509 6.11063 0.88469 0.466162 0.00399822 11.2925 -0.014748 0.0194147 0.999703 1.05227
0.46799 -0.883398 0.0243715 6.54206 0.883633 0.468175 0.00217698 12.1414 -0.0133333 0.0205167 0.999701 1.03344
0.469139 -0.882863 0.0214819 6.99296 0.883087 0.469204 -0.00224142 12.9919 -0.00810053 0.0200219 0.999767 1.07072
0.469985 -0.882492 0.0179381 7.45075 0.882669 0.469959 -0.0058704 13.8468 -0.00324959 0.0185924 0.999822 1.10015
0.470544 -0.882238 0.0156345 7.92921 0.882373 0.470518 -0.00556934 14.7042 -0.00244284 0.0164161 0.999862 1.12274
0.470453 -0.882253 0.0174507 8.35268 0.88239 0.470519 -0.000327876 15.5381 -0.00792163 0.0155526 0.999848 1.09869
0.46947 -0.882642 0.0232546 8.80187 0.882848 0.46965 0.00266137 16.4116 -0.0132706 0.0192808 0.999726 1.06559
0.468336 -0.882875 0.0345335 9.28072 0.883446 0.468523 -0.00297901 17.2757 -0.0135496 0.0319036 0.999399 1.06217
0.467353 -0.88315 0.0403454 9.75307 0.884006 0.467384 -0.00922706 18.1563 -0.0107079 0.0399779 0.999143 1.03624
0.466241 -0.883899 0.0366414 10.2243 0.884635 0.466128 -0.0120923 19.0383 -0.00639124 0.0380522 0.999255 1.05073
0.46485 -0.884855 0.0307507 10.6761 0.885381 0.464713 -0.01191 19.9112 -0.00375167 0.0327625 0.999456 1.07722
0.463439 -0.885723 0.0268289 11.1348 0.88612 0.46336 -0.00945828 20.7832 -0.00405403 0.028157 0.999595 1.08759
0.462637 -0.88614 0.0268731 11.6076 0.886521 0.462646 -0.00627102 21.682 -0.00687572 0.0267248 0.999619 1.08931
0.461439 -0.886786 0.0261577 12.0654 0.887121 0.461529 -0.00287498 22.5755 -0.00952303 0.0245317 0.999654 1.0784
0.460506 -0.887237 0.0272671 12.5139 0.887574 0.460664 -0.000569458 23.4875 -0.0120557 0.0244638 0.999628 1.06762
0.460198 -0.887376 0.0279675 12.9804 0.88769 0.460436 0.0023834 24.3945 -0.0149922 0.0237297 0.999606 1.07946
0.459573 -0.887703 0.0278701 13.436 0.887964 0.45988 0.00548996 25.3013 -0.0176903 0.0222246 0.999596 1.07147
0.459767 -0.887599 0.0279823 13.9031 0.887848 0.460093 0.00625758 26.209 -0.0184287 0.021967 0.999589 1.04632
0.460061 -0.887373 0.0302184 14.3713 0.887737 0.460343 0.00274047 27.0967 -0.0163427 0.0255652 0.99954 1.04761
0.460164 -0.88738 0.0283879 14.8047 0.887726 0.460371 0.000858201 27.972 -0.0138305 0.0248057 0.999597 1.03811
0.459816 -0.887646 0.0255524 15.2575 0.887923 0.459991 0.001104 28.8553 -0.0127338 0.0221809 0.999673 1.04212
0.457764 -0.888575 0.0297761 16.1576 0.888946 0.458008 0.00157707 30.6387 -0.0150391 0.0257475 0.999555 1.03425
0.457187 -0.888797 0.0319204 16.621 0.889251 0.457419 -4.67936e-05 31.5448 -0.0145594 0.0284067 0.99949 1.02397
0.456911 -0.889143 0.0256467 17.0613 0.88946 0.457008 -0.00227165 32.4251 -0.00970092 0.0238496 0.999668 1.02442
0.456859 -0.889334 0.0191232 17.5057 0.889515 0.456899 -0.00248589 33.2854 -0.00652659 0.0181461 0.999814 1.05583
0.456398 -0.88961 0.0171943 17.9529 0.889751 0.456443 -0.00139496 34.1526 -0.00660727 0.0159353 0.999851 1.07423
0.456137 -0.889628 0.0223714 18.4007 0.889847 0.456258 0.000337865 35.0153 -0.0105077 0.0197531 0.99975 1.08377
0.45617 -0.88946 0.0277297 18.8299 0.889785 0.456378 0.00133073 35.9003 -0.0138389 0.0240664 0.999615 1.05453
0.456035 -0.889446 0.0303026 19.2666 0.889842 0.456268 0.000897384 36.7676 -0.0146243 0.0265553 0.99954 1.03727
0.455618 -0.889634 0.0310311 19.7238 0.890079 0.455805 -0.00115395 37.5969 -0.0131175 0.0281459 0.999518 1.04698
0.454736 -0.890105 0.0304774 20.167 0.890541 0.454901 -0.00169214 38.4748 -0.012358 0.0279108 0.999534 1.06343
0.453945 -0.890473 0.0314832 20.6066 0.89092 0.454159 -0.00038946 39.346 -0.0139516 0.0282258 0.999504 1.09473
0.453064 -0.890833 0.033922 21.047 0.891295 0.453414 0.00302751 40.2019 -0.0180777 0.0288629 0.99942 1.10726
0.452667 -0.890908 0.0370803 21.4771 0.8914 0.453175 0.00619783 41.0615 -0.0223255 0.0302478 0.999293 1.09071
0.452003 -0.891172 0.0387973 21.8872 0.891768 0.452476 0.00394181 41.8901 -0.0210677 0.0328165 0.999239 1.03922
0.450564 -0.892034 0.0356009 22.2852 0.892626 0.450795 -0.00169202 42.7147 -0.0145394 0.0325407 0.999365 1.02286
0.449941 -0.892565 0.0296755 22.7046 0.893021 0.449977 -0.00582526 43.5464 -0.00815389 0.0291219 0.999543 1.04696
0.449011 -0.893233 0.0228992 23.1244 0.893509 0.449015 -0.00525913 44.3966 -0.00558446 0.022822 0.999724 1.06971
0.448359 -0.893668 0.0181977 23.5404 0.893827 0.448409 -0.00145874 45.2508 -0.00685638 0.0169196 0.999833 1.07342
0.445784 -0.894869 0.0220394 24.3076 0.89506 0.445939 0.00246337 46.7828 -0.0120327 0.0186285 0.999754 1.04318
0.444566 -0.895499 0.0210333 24.6866 0.895663 0.444722 0.00318924 47.5609 -0.0122099 0.0174209 0.999774 1.04519
0.443317 -0.896126 0.020707 25.0652 0.896285 0.443468 0.00310846 48.3304 -0.0119685 0.0171813 0.999781 1.05912
0.441982 -0.896774 0.0211728 25.4257 0.896947 0.44213 0.002646 49.0905 -0.011734 0.0178214 0.999772 1.06309
0.440848 -0.897331 0.0212045 25.7839 0.897501 0.441003 0.00302071 49.8172 -0.0120618 0.0176993 0.999771 1.07672
0.439667 -0.897934 0.0201974 26.1213 0.898052 0.439852 0.00564281 50.5481 -0.0139507 0.0156573 0.99978 1.08789
0.438341 -0.898613 0.0187464 26.4633 0.898643 0.438565 0.0100497 51.2674 -0.0172523 0.0124411 0.999774 1.0845
0.43678 -0.899403 0.0172618 26.807 0.899347 0.437018 0.0137797 51.9736 -0.0199372 0.00950561 0.999756 1.07276
0.435641 -0.899958 0.0171044 27.136 0.899926 0.435864 0.0125176 52.6744 -0.0187205 0.00993952 0.999775 1.04941
0.434714 -0.900386 0.0181402 27.4264 0.900492 0.434852 0.00432815 53.3089 -0.0117853 0.0144536 0.999826 1.03168
0.433585 -0.900949 0.0171663 27.7318 0.901099 0.433604 -0.00275451 53.9567 -0.00496169 0.0166628 0.999849 1.05784
0.433223 -0.901199 0.0125917 28.0282 0.901286 0.433202 -0.00447495 54.5948 -0.00142192 0.0132874 0.999911 1.0948
0.432647 -0.901525 0.00833087 28.3359 0.901558 0.432657 -0.000775176 55.2384 -0.00290557 0.00784614 0.999965 1.10253
0.431631 -0.902019 0.00754984 28.6198 0.902026 0.431666 0.0037537 55.8593 -0.00664491 0.00518994 0.999964 1.09377
0.430484 -0.902526 0.0114085 28.9064 0.902573 0.430533 0.00204732 56.4409 -0.00675947 0.00941564 0.999933 1.07321
0.430552 -0.902413 0.0165833 29.1726 0.902559 0.430549 -0.00393463 56.9941 -0.00358926 0.0166615 0.999855 1.07457
0.431456 -0.901914 0.019896 29.4287 0.902132 0.43131 -0.0113612 57.5292 0.00166554 0.0228507 0.999738 1.07728
0.43391 -0.900768 0.0184214 29.6792 0.900945 0.43371 -0.0139314 58.0654 0.00455939 0.0226416 0.999733 1.102
0.441991 -0.896949 0.0112602 30.1813 0.897019 0.44197 -0.00436673 59.0899 -0.00105995 0.0120307 0.999927 1.10403
0.446826 -0.894501 0.0146621 30.4401 0.894602 0.446862 -0.000896445 59.5675 -0.00575008 0.0135173 0.999892 1.11343
0.453768 -0.890885 0.0204712 30.6773 0.891067 0.453872 0.000504301 60.0608 -0.0097406 0.0180124 0.99979 1.11818
0.462505 -0.886291 0.0240288 30.9005 0.886533 0.462664 0.00120811 60.5507 -0.012188 0.0207435 0.999711 1.10364
0.475689 -0.879367 0.0208195 31.1625 0.879534 0.475831 0.0021874 61.0052 -0.0118301 0.0172709 0.999781 1.09999
0.491181 -0.870891 0.0170167 31.4008 0.870973 0.491312 0.00437115 61.4429 -0.0121673 0.0126741 0.999846 1.08906
0.513321 -0.858012 0.0178086 31.6773 0.858079 0.513484 0.00593937 61.7987 -0.0142405 0.0122324 0.999824 1.09227
0.538031 -0.842622 0.022606 31.9088 0.842776 0.538247 0.00437495 62.152 -0.0158541 0.016698 0.999735 1.08961
0.56421 -0.825252 0.0250215 32.1493 0.825429 0.564484 0.00506398 62.5062 -0.0183033 0.0177963 0.999674 1.08924
0.591666 -0.805752 0.026359 32.3882 0.805918 0.591994 0.00631005 62.8544 -0.0206887 0.0175098 0.999633 1.10183
0.621277 -0.783152 0.0262427 32.6479 0.783284 0.621622 0.00717616 63.1939 -0.0219331 0.0160971 0.99963 1.10276
0.653643 -0.756356 0.0260008 32.9277 0.756457 0.653998 0.00778133 63.5211 -0.0228899 0.0145823 0.999632 1.09583
0.727973 -0.685138 0.0253111 33.5737 0.685189 0.728321 0.00794616 64.0913 -0.0238788 0.0115583 0.999648 1.08442
0.764479 -0.644186 0.0244323 33.9011 0.644225 0.764801 0.0072735 64.336 -0.0233713 0.0101795 0.999675 1.0803
0.800559 -0.598789 0.0236033 34.2402 0.598822 0.800856 0.00641822 64.5451 -0.022746 0.00899602 0.999701 1.07503
0.835767 -0.548587 0.023359 34.5769 0.54861 0.836057 0.00599328 64.7337 -0.0228173 0.007806 0.999709 1.06032
0.900121 -0.43506 0.0224833 35.2725 0.43509 0.900379 0.00380911 65.0463 -0.0219007 0.00635359 0.99974 1.02535
0.926565 -0.375476 0.0222356 35.6285 0.375526 0.92681 0.00205409 65.1728 -0.0213795 0.0064468 0.999751 1.00929
0.948498 -0.315901 0.0236238 36.0052 0.315947 0.948775 0.00185596 65.285 -0.023 0.00570349 0.999719 0.99772
0.966384 -0.255807 0.0257956 36.3803 0.255805 0.966722 0.00344319 65.3881 -0.025818 0.0032712 0.999661 0.981809
0.980376 -0.195246 0.0272511 36.7543 0.195185 0.980754 0.00487708 65.4646 -0.0276789 0.00053765 0.999617 0.976184
0.990417 -0.135274 0.0278245 37.1443 0.135214 0.990808 0.00400664 65.5072 -0.0281108 -0.000205968 0.999605 0.964739
0.996631 -0.0772254 0.0276336 37.5342 0.0772249 0.997013 0.00108526 65.5375 -0.0276349 0.00105241 0.999618 0.946289
0.999379 -0.0222859 0.0273036 37.908 0.0223098 0.999751 -0.00057073 65.5535 -0.027284 0.00117951 0.999627 0.951178
0.999162 0.0310509 0.0266675 38.2862 -0.0311296 0.999512 0.00254143 65.5498 -0.0265756 -0.00336945 0.999641 0.963432
0.996259 0.0822872 0.0263798 38.6622 -0.082462 0.996578 0.00560983 65.5229 -0.0258279 -0.00776417 0.999636 0.955155
0.991555 0.127445 0.024018 38.9992 -0.127531 0.991832 0.00205663 65.4667 -0.0235598 -0.0051023 0.999709 0.874736
0.985273 0.169426 0.0230703 39.4122 -0.169353 0.985542 -0.00509274 65.37 -0.0235996 0.00111072 0.999721 0.800982
0.978061 0.206888 0.0243892 39.7982 -0.206709 0.978355 -0.00967325 65.3099 -0.0258626 0.00441956 0.999656 0.775529
0.970401 0.24007 0.0262329 40.1473 -0.23989 0.97075 -0.00985747 65.2447 -0.0278321 0.00327268 0.999607 0.821655
0.962323 0.27062 0.0264432 40.4998 -0.270572 0.962684 -0.00544592 65.1521 -0.0269303 -0.00191406 0.999635 0.909614
0.9543 0.297927 0.0234836 40.8893 -0.298023 0.954559 0.000581374 65.0283 -0.0222432 -0.00755344 0.999724 0.932309
0.946197 0.322961 0.0201611 41.2692 -0.323082 0.946366 0.0029731 64.9044 -0.0181196 -0.00932684 0.999792 0.917919
0.9381 0.345982 0.0162527 41.6667 -0.34605 0.938215 0.00148888 64.7746 -0.0147334 -0.00702095 0.999867 0.886682
0.930239 0.366786 0.0111298 42.076 -0.36679 0.930302 -0.00172351 64.6312 -0.0109862 -0.00247902 0.999937 0.854897
0.923333 0.383973 0.00467216 42.4816 -0.383966 0.923344 -0.00223643 64.4568 -0.00517274 0.000271023 0.999987 0.874167
0.916253 0.4006 0.00083538 42.8802 -0.400599 0.916253 -0.000796017 64.2501 -0.0010843 0.000394699 0.999999 0.92403
0.903271 0.428932 0.0108654 43.7363 -0.428977 0.903313 0.00209096 63.8307 -0.00891797 -0.0065497 0.999939 0.909197
0.897253 0.441273 0.0147058 44.1754 -0.441352 0.89733 0.00253474 63.6136 -0.0120774 -0.00876472 0.999889 0.883259
0.891646 0.452485 0.0149942 44.6236 -0.45254 0.891744 0.000300525 63.3762 -0.013235 -0.00705344 0.999888 0.85747
0.886638 0.462297 0.0123978 45.0968 -0.462299 0.886719 -0.00286253 63.1172 -0.0123167 -0.00319347 0.999919 0.862616
0.882679 0.469882 0.0093703 45.5647 -0.469837 0.882728 -0.00671845 62.8608 -0.0114283 0.00152773 0.999933 0.858117
0.879699 0.47546 0.00824828 46.0368 -0.475401 0.879731 -0.00822959 62.6016 -0.0111691 0.00331832 0.999932 0.841797
0.877285 0.479891 0.00870949 46.5257 -0.479844 0.877326 -0.00699971 62.3342 -0.0110002 0.00196154 0.999938 0.831777
0.874384 0.485124 0.0103587 47.0376 -0.485126 0.874441 -0.00242275 62.0521 -0.0102334 -0.00290687 0.999943 0.815667
0.872 0.489377 0.0112487 47.5915 -0.48942 0.872048 0.00119455 61.7495 -0.00922485 -0.006547 0.999936 0.795975
0.870205 0.492562 0.0112661 48.1581 -0.492616 0.870243 0.00251626 61.4411 -0.00856487 -0.00773954 0.999933 0.763895
0.867702 0.496969 0.0107124 49.2896 -0.496983 0.867759 -0.00156268 60.81 -0.0100724 -0.00396793 0.999941 0.732531
0.866831 0.498511 0.00948818 49.8593 -0.498493 0.866883 -0.00432673 60.4651 -0.0103821 -0.000979249 0.999946 0.728362
0.867112 0.49805 0.00800873 50.4463 -0.498008 0.867147 -0.00672279 60.122 -0.010293 0.001841 0.999945 0.713323
0.868712 0.495302 0.00398373 51.0849 -0.495215 0.868667 -0.0134052 59.7547 -0.0101001 0.00967241 0.999902 0.705195
0.870708 0.491791 0.00297549 51.7226 -0.491694 0.870631 -0.0154652 59.3972 -0.0101962 0.0120026 0.999876 0.696416
0.873015 0.48768 0.00358457 52.3611 -0.487599 0.872968 -0.0132302 59.041 -0.00958132 0.00980236 0.999906 0.69561
0.875303 0.483553 0.00470319 53.0157 -0.483462 0.875266 -0.0131582 58.6743 -0.0104792 0.0092436 0.999902 0.691291
0.876996 0.480466 0.00555756 53.6867 -0.48035 0.876954 -0.014703 58.3022 -0.011938 0.0102249 0.999876 0.684563
0.878714 0.477297 0.00705169 54.4043 -0.477177 0.878697 -0.0139422 57.9346 -0.0128509 0.00888629 0.999878 0.643073
0.880562 0.473855 0.00849844 55.1097 -0.47373 0.880569 -0.0133359 57.5777 -0.0138027 0.00771709 0.999875 0.621284
0.882582 0.470083 0.00840067 55.8108 -0.469949 0.882582 -0.0140463 57.2163 -0.0140172 0.00844915 0.999866 0.609918
0.884435 0.466617 0.00657224 56.5101 -0.466482 0.884397 -0.0153841 56.8378 -0.012991 0.0105404 0.99986 0.604331
0.885487 0.464631 0.00553059 57.2116 -0.464541 0.885464 -0.0124476 56.4536 -0.0106807 0.008453 0.999907 0.596137
0.885628 0.464355 0.00609286 57.9314 -0.464332 0.885648 -0.00481827 56.0777 -0.00763352 0.00143808 0.99997 0.603961
0.884897 0.46571 0.00849228 58.7114 -0.465739 0.884921 0.0016745 55.7187 -0.00673516 -0.00543694 0.999963 0.622842
0.884528 0.466385 0.00980543 59.4759 -0.466444 0.884537 0.00496353 55.3474 -0.00635835 -0.00896407 0.99994 0.626738
0.884732 0.466019 0.00865631 60.157 -0.466043 0.884762 0.000754479 54.9735 -0.00730717 -0.00470172 0.999962 0.597553
0.885114 0.465247 0.010841 60.8593 -0.465294 0.885154 0.00214191 54.6066 -0.00859942 -0.00694008 0.999939 0.596781
0.885178 0.465139 0.0102949 62.3414 -0.465184 0.885211 0.00241019 53.8344 -0.00799207 -0.00692246 0.999944 0.580604
0.884852 0.465763 0.0100877 63.0928 -0.465819 0.88487 0.004126 53.4588 -0.00700457 -0.00834995 0.999941 0.594933
0.883955 0.467436 0.0112216 63.8287 -0.467523 0.883954 0.00693144 53.0803 -0.00667933 -0.0113734 0.999913 0.601564
0.882474 0.470152 0.0140697 64.5623 -0.470297 0.882454 0.00979684 52.7159 -0.00780988 -0.0152624 0.999853 0.619442
0.879609 0.475324 0.0188572 65.2894 -0.475595 0.879552 0.014057 52.3447 -0.0099043 -0.021333 0.999723 0.628569
0.876682 0.480569 0.021962 66.006 -0.480922 0.876632 0.0151891 51.9569 -0.0119532 -0.023878 0.999643 0.632055
0.873504 0.48631 0.0221982 66.715 -0.486633 0.873518 0.0124169 51.5695 -0.013352 -0.0216486 0.999676 0.647662
0.869297 0.493865 0.0204925 67.4147 -0.494111 0.869351 0.00909736 51.1875 -0.0133223 -0.0180339 0.999749 0.629711
0.864227 0.502721 0.0195862 68.1135 -0.502929 0.864296 0.00741062 50.7951 -0.0132028 -0.0162549 0.999781 0.621401
0.858798 0.511901 0.0205883 68.8159 -0.51215 0.858847 0.00914048 50.3937 -0.0130032 -0.0183941 0.999746 0.622554
0.852992 0.521435 0.0225958 69.5004 -0.521754 0.85302 0.0113853 49.9777 -0.013338 -0.021501 0.99968 0.620974
0.8469 0.531167 0.0249376 70.1725 -0.531555 0.846931 0.0125124 49.5515 -0.0144742 -0.0238525 0.999611 0.637335
0.840797 0.540751 0.0254712 70.8353 -0.541117 0.840885 0.0101995 49.1148 -0.015903 -0.0223587 0.999624 0.63493
0.834811 0.549969 0.0249755 71.4784 -0.550293 0.834932 0.00814976 48.6933 -0.0163707 -0.0205473 0.999655 0.610378
0.828955 0.558757 0.0249843 72.1242 -0.559079 0.829075 0.00802392 48.2677 -0.0162304 -0.0206197 0.999656 0.606392
0.823185 0.567156 0.0264808 72.774 -0.567574 0.823237 0.0118768 47.8385 -0.015064 -0.0248066 0.999579 0.601333
0.817331 0.575613 0.0252741 73.4053 -0.576006 0.817355 0.0121768 47.4122 -0.0136488 -0.0245105 0.999606 0.597555
0.812095 0.58311 0.0220056 74.0021 -0.5834 0.812123 0.00997872 46.9668 -0.0120526 -0.0209417 0.999708 0.614969
0.80657 0.590782 0.0205332 74.6037 -0.591031 0.806599 0.00894981 46.5302 -0.0112747 -0.0193544 0.999749 0.632013
0.801354 0.597876 0.0193969 75.2118 -0.598091 0.80139 0.00781229 46.0838 -0.0108737 -0.0178615 0.999781 0.630379
0.79649 0.604276 0.0213103 75.8098 -0.604524 0.796551 0.00753287 45.6315 -0.0124228 -0.0188824 0.999745 0.599064
0.792408 0.609561 0.022908 76.4011 -0.609817 0.79252 0.00587154 45.1901 -0.014576 -0.0186224 0.99972 0.576452
0.790403 0.612205 0.0216192 76.941 -0.612353 0.790584 0.000298581 44.7359 -0.016909 -0.0134746 0.999766 0.581401
0.788683 0.61446 0.0204401 77.4866 -0.614509 0.788897 -0.00452309 44.3142 -0.0189044 -0.00899336 0.999781 0.579224
0.78723 0.616321 0.0204233 78.0336 -0.616324 0.787462 -0.00690175 43.8962 -0.0203362 -0.00715407 0.999768 0.567296
0.786131 0.617751 0.019552 78.5871 -0.617735 0.78635 -0.00756348 43.476 -0.0200471 -0.00613207 0.99978 0.563953
0.78667 0.61712 0.0176869 79.0957 -0.617102 0.786851 -0.00711375 43.0803 -0.018307 -0.00531844 0.999818 0.54624
0.788424 0.614909 0.0165536 79.5823 -0.614899 0.788581 -0.00626897 42.675 -0.0169087 -0.00523619 0.999843 0.558952
0.791284 0.611276 0.0145526 80.0755 -0.611234 0.791413 -0.00766396 42.2798 -0.0162019 -0.00283067 0.999865 0.56231
0.795791 0.605445 0.0123797 80.5448 -0.605378 0.795887 -0.0090176 41.917 -0.0153125 -0.000318279 0.999883 0.580969
0.802394 0.596738 0.00821908 81.0028 -0.59663 0.80242 -0.0124283 41.6008 -0.0140116 0.00506865 0.999889 0.617587
0.809834 0.586655 0.00209562 81.4604 -0.586536 0.809732 -0.017569 41.2912 -0.0120038 0.0129988 0.999843 0.64241
0.81876 0.574128 -0.00293834 81.9087 -0.574047 0.818534 -0.0217013 40.9939 -0.0100542 0.0194549 0.99976 0.658196
0.830156 0.557505 -0.00546169 82.3385 -0.557485 0.82992 -0.0210741 40.7323 -0.00721617 0.0205396 0.999763 0.661934
0.842855 0.538107 -0.00593422 82.777 -0.538118 0.84267 -0.0183499 40.4608 -0.00487363 0.0186596 0.999814 0.667161
0.856941 0.515389 -0.00512873 83.2231 -0.515404 0.85682 -0.0147638 40.1913 -0.00321472 0.0152951 0.999878 0.677303
0.872636 0.488361 -0.00323488 83.7135 -0.488365 0.872571 -0.0109141 39.9231 -0.00250734 0.0111038 0.999935 0.694698
0.8891 0.457709 -0.00214826 84.2107 -0.457707 0.889054 -0.00935042 39.6828 -0.00236985 0.00929673 0.999954 0.698504
0.908608 0.41765 -0.000248556 84.6752 -0.417623 0.908541 -0.0120015 39.5358 -0.0047866 0.0110085 0.999928 0.692013
0.926802 0.37554 0.00295034 85.1298 -0.375467 0.926732 -0.0139002 39.3932 -0.00795427 0.011775 0.999899 0.679987
0.943803 0.330425 0.00742547 85.6086 -0.33032 0.943785 -0.0125818 39.2942 -0.0111654 0.00942199 0.999893 0.687493
0.959359 0.281988 0.0106657 86.1034 -0.281877 0.95939 -0.0107736 39.2057 -0.0132706 0.00732929 0.999885 0.692133
0.973421 0.228803 0.0100855 86.5985 -0.228687 0.973433 -0.0114524 39.1465 -0.0124379 0.00884157 0.999884 0.691916
0.985366 0.170285 0.00756564 87.0941 -0.170173 0.985321 -0.0135679 39.1194 -0.00976499 0.0120819 0.999879 0.710219
0.994572 0.104018 0.00248592 87.581 -0.10396 0.994432 -0.017217 39.0932 -0.00426296 0.0168651 0.999849 0.737851
0.99941 0.0342361 -0.00257968 88.0573 -0.0342801 0.999221 -0.0195579 39.1034 0.00190808 0.0196348 0.999805 0.767318
0.9993 -0.0368724 -0.00629273 88.5245 0.0367501 0.999152 -0.0185558 39.154 0.0069716 0.0183116 0.999808 0.79249
0.994114 -0.107927 -0.00946692 88.9845 0.10776 0.994037 -0.0166688 39.2447 0.0112095 0.0155506 0.999816 0.803393
0.983841 -0.178657 -0.0117303 89.4342 0.178455 0.98381 -0.016484 39.3713 0.0144854 0.0141243 0.999795 0.794994
0.968794 -0.247595 -0.0116577 89.8875 0.247368 0.968754 -0.0180406 39.5296 0.0157602 0.0145938 0.999769 0.785017
0.94929 -0.314282 -0.00871634 90.3329 0.314087 0.949214 -0.0184798 39.7118 0.0140816 0.014805 0.999791 0.795707
0.925373 -0.379044 -0.00321773 90.7712 0.378938 0.925261 -0.0172407 39.9226 0.00951223 0.0147348 0.999846 0.795632
0.89734 -0.441326 0.00355784 91.2154 0.441332 0.897243 -0.0134699 40.1614 0.00275237 0.0136572 0.999903 0.784488
0.866194 -0.499631 0.00874248 91.636 0.499702 0.866136 -0.0102854 40.4244 -0.00243325 0.0132778 0.999909 0.775868
0.833338 -0.55259 0.0138668 92.0117 0.552693 0.83337 -0.00493167 40.6929 -0.00883094 0.0117738 0.999892 0.758351
0.803913 -0.594578 0.0141648 92.3507 0.594643 0.803989 -0.000510252 40.93 -0.011085 0.00883323 0.9999 0.771826
0.776213 -0.630342 0.0127349 92.6882 0.630336 0.776306 0.00499436 41.1674 -0.0130344 0.0041506 0.999906 0.795225
0.751617 -0.659536 0.00917866 93.0232 0.659476 0.751673 0.00890602 41.4173 -0.0127732 -0.000640814 0.999918 0.82014
0.737467 -0.675343 0.00733766 93.3928 0.675289 0.737503 0.00862627 41.7767 -0.0112372 -0.00140655 0.999936 0.775406
0.723855 -0.689895 0.00887493 93.7366 0.689864 0.723908 0.00666531 42.0942 -0.011023 0.00129778 0.999938 0.797915
0.710508 -0.703595 0.0114697 94.0807 0.703589 0.710587 0.00523331 42.4251 -0.0118324 0.00435168 0.99992 0.832805
0.701907 -0.712203 0.00968718 94.4638 0.712203 0.701962 0.00399394 42.7562 -0.00964453 0.00409587 0.999945 0.889389
0.69566 -0.718349 0.00569832 94.7873 0.718321 0.695683 0.00626708 43.1436 -0.00846618 -0.000266527 0.999964 0.901695
0.690737 -0.723102 0.00233093 95.1169 0.72305 0.69072 0.0101985 43.5312 -0.00898461 -0.00535913 0.999945 0.913956
0.687793 -0.725904 -0.00205007 95.4792 0.725878 0.687738 0.0108379 43.9472 -0.00645739 -0.00894237 0.999939 0.937549
0.686777 -0.72685 -0.00508893 95.8192 0.726863 0.68673 0.00847787 44.3237 -0.00266742 -0.00952136 0.999951 0.959743
0.687757 -0.72592 -0.0055095 96.1929 0.72594 0.687742 0.00465972 44.7144 0.000406534 -0.00720432 0.999974 0.990871
0.690535 -0.723283 -0.00481881 96.5972 0.723291 0.690543 -0.000113335 45.1289 0.00340957 -0.00340714 0.999988 1.00837
0.694124 -0.719837 -0.00502342 96.9927 0.719823 0.694143 -0.00459104 45.5378 0.00679177 -0.000429219 0.999977 1.04033
0.697354 -0.716676 -0.00860197 97.391 0.716677 0.697397 -0.00351431 45.9556 0.00851761 -0.00371411 0.999957 1.05196
0.700873 -0.713192 -0.0116216 97.8034 0.713251 0.700907 0.00153467 46.3897 0.00705113 -0.00936472 0.999931 1.0554
0.705385 -0.708756 -0.00985955 98.2461 0.708822 0.705351 0.00717233 46.8374 0.00187102 -0.0120479 0.999926 1.08475
0.708692 -0.705472 -0.00801546 98.7065 0.705508 0.708576 0.0133741 47.3107 -0.00375552 -0.0151331 0.999878 1.08207
0.711709 -0.702435 -0.00743087 99.1454 0.702405 0.711451 0.0215469 47.7734 -0.00984858 -0.0205546 0.99974 1.04125
0.713617 -0.700522 -0.0043148 99.6219 0.700415 0.713367 0.0229226 48.2028 -0.0129798 -0.0193801 0.999728 1.03087
0.714492 -0.699644 -0.000551375 100.089 0.699507 0.714336 0.0203552 48.6412 -0.0138475 -0.0149293 0.999793 1.01794
0.714323 -0.699804 -0.00413473 100.576 0.699798 0.714248 0.0114768 49.1196 -0.00507829 -0.0110916 0.999926 1.0456
0.713889 -0.700223 -0.00701198 101.063 0.700252 0.713891 0.00265678 49.6016 0.00314545 -0.0068068 0.999972 1.04117
0.712161 -0.701934 -0.0107582 101.569 0.701974 0.712202 -2.13071e-05 50.1344 0.00767697 -0.0075368 0.999942 1.04604
0.709844 -0.70425 -0.0123624 102.052 0.704337 0.709851 0.00461474 50.6194 0.00552552 -0.011983 0.999913 1.02788
0.708359 -0.705798 -0.00873355 102.555 0.705849 0.708266 0.0116302 51.1179 -0.00202291 -0.0144029 0.999894 1.05178
0.706229 -0.70795 -0.00688205 103.109 0.707942 0.706048 0.0177114 51.6392 -0.00767973 -0.0173804 0.999819 1.04697
0.70462 -0.709562 -0.00566399 103.626 0.709522 0.70443 0.0188655 52.1672 -0.00939636 -0.0173117 0.999806 1.05797
0.702822 -0.711335 -0.00667701 104.127 0.711325 0.702649 0.0173784 52.7054 -0.00767027 -0.0169634 0.999827 1.07124
0.701043 -0.71305 -0.00986861 104.627 0.713116 0.700935 0.0124828 53.2513 -0.00198362 -0.0157885 0.999873 1.09148
0.698807 -0.715159 -0.0147019 105.185 0.715308 0.698706 0.0119913 53.8363 0.00169668 -0.018896 0.99982 1.08775
0.69613 -0.717679 -0.0184298 105.735 0.717911 0.695995 0.0139768 54.4332 0.00279623 -0.0229606 0.999732 1.07637
0.693634 -0.720179 -0.0146254 106.324 0.720327 0.693492 0.0140713 55.012 8.74233e-06 -0.0202954 0.999794 1.09567
0.690963 -0.722797 -0.0115949 106.896 0.722885 0.690811 0.0147334 55.5916 -0.00263935 -0.018562 0.999824 1.10372
0.690216 -0.723561 -0.00790269 107.47 0.723585 0.690077 0.0147606 56.172 -0.00522672 -0.0159063 0.99986 1.11776
0.689237 -0.724531 -0.00262442 108.043 0.7245 0.689163 0.0124219 56.778 -0.00719138 -0.010463 0.999919 1.1342
0.688433 -0.7253 -0.000130979 108.598 0.725251 0.688384 0.0117863 57.3905 -0.00845847 -0.00820909 0.999931 1.10879
0.688087 -0.725623 0.00280538 109.157 0.725584 0.688082 0.00844766 57.9969 -0.00806015 -0.00377719 0.99996 1.10452
0.688968 -0.724791 0.000956686 109.706 0.724769 0.688956 0.00703272 58.5956 -0.00575637 -0.00415194 0.999975 1.10113
0.690447 -0.723341 -0.00781066 110.267 0.723375 0.690347 0.0122408 59.2152 -0.00346222 -0.0141017 0.999895 1.11546
0.692164 -0.721446 -0.0205819 110.871 0.721733 0.691754 0.0240196 59.8475 -0.00309129 -0.0314801 0.9995 1.09902
0.694598 -0.718867 -0.0276286 111.46 0.719386 0.693851 0.0324918 60.4771 -0.00418716 -0.0424444 0.99909 1.08416
0.696383 -0.717119 -0.0281067 112.055 0.717652 0.695557 0.0342809 61.1038 -0.00503368 -0.0440435 0.999017 1.08915
0.697415 -0.716294 -0.023133 112.626 0.716657 0.696866 0.0279176 61.7304 -0.00387662 -0.0360486 0.999343 1.13508
0.698747 -0.71513 -0.0185018 113.262 0.715359 0.698366 0.0233662 62.3669 -0.00378883 -0.0295625 0.999556 1.14734
0.699049 -0.714894 -0.0160603 113.879 0.715065 0.698753 0.0206369 62.9769 -0.00353099 -0.0259103 0.999658 1.16033
0.699692 -0.714302 -0.0142573 114.483 0.714435 0.699443 0.0190489 63.5951 -0.00363444 -0.0235143 0.999717 1.15769
0.700624 -0.713398 -0.0137863 115.094 0.713502 0.700288 0.0226363 64.2143 -0.00649433 -0.025696 0.999649 1.15213
0.701778 -0.712284 -0.0126226 115.688 0.712304 0.701292 0.0285182 64.8419 -0.0114609 -0.0290046 0.999514 1.14145
0.702305 -0.711787 -0.0112964 116.291 0.711675 0.70164 0.0349363 65.4739 -0.0169412 -0.0325753 0.999326 1.13781
0.703163 -0.710942 -0.0110676 116.877 0.7109 0.702655 0.0299492 66.0719 -0.0135155 -0.0289271 0.99949 1.12668
0.703412 -0.710644 -0.0140137 117.453 0.710774 0.703173 0.0186544 66.6518 -0.00340262 -0.0230823 0.999728 1.11185
0.702256 -0.7116 -0.0215107 118.664 0.711876 0.702241 0.00950999 67.8567 0.00833837 -0.0219914 0.999723 1.1554
0.701555 -0.712463 -0.0147515 119.274 0.712615 0.701373 0.0160073 68.4734 -0.00105827 -0.0217422 0.999763 1.13317
0.699886 -0.714254 0.000551073 119.887 0.713949 0.699609 0.0287032 69.1063 -0.0208869 -0.0196956 0.999588 1.07475
0.699322 -0.714749 0.00911286 120.449 0.714252 0.699224 0.0304769 69.7113 -0.0281553 -0.0148043 0.999494 1.11877
0.698621 -0.715488 -0.00223359 120.962 0.715312 0.698372 0.0246148 70.2652 -0.0160517 -0.0187941 0.999694 1.1276
0.698092 -0.71588 -0.0135047 121.563 0.715999 0.697866 0.0181185 70.8756 -0.0035462 -0.0223178 0.999745 1.13564
0.696863 -0.716976 -0.0181159 122.152 0.717196 0.696757 0.012674 71.4877 0.00353543 -0.0218246 0.999756 1.13926
0.695068 -0.718745 -0.0169402 122.751 0.718931 0.695004 0.0103871 72.09 0.00430782 -0.0193985 0.999803 1.12756
0.691866 -0.721993 -0.00689492 123.277 0.722022 0.691797 0.0100627 72.679 -0.0024953 -0.0119403 0.999926 1.16158
0.688633 -0.725085 -0.00592785 123.85 0.725104 0.688574 0.00948652 73.2857 -0.00279677 -0.010831 0.999937 1.18048
0.686076 -0.727453 -0.0106062 124.394 0.727526 0.685952 0.0132792 73.8683 -0.0023846 -0.0168268 0.999856 1.1726
0.684002 -0.729302 -0.0161013 124.948 0.729477 0.68377 0.0179569 74.5132 -0.00208645 -0.0240281 0.999709 1.18016
0.683051 -0.730166 -0.0172901 125.501 0.730358 0.682704 0.0221944 75.1007 -0.00440156 -0.0277879 0.999604 1.14739
0.682141 -0.731031 -0.0166505 126.087 0.731176 0.68167 0.0266104 75.7127 -0.00810285 -0.0303265 0.999507 1.13509
0.680918 -0.732191 -0.0157165 126.662 0.732289 0.680398 0.0284764 76.311 -0.0101567 -0.0308992 0.999471 1.13284
0.678843 -0.734155 -0.013745 127.177 0.734258 0.678542 0.0211262 76.8822 -0.00618332 -0.0244338 0.999682 1.1787
0.676005 -0.736789 -0.0126331 127.718 0.736896 0.675872 0.0134812 77.4731 -0.00139445 -0.0184227 0.999829 1.2086
0.671231 -0.741153 -0.0118936 128.241 0.741248 0.671154 0.0102014 78.0791 0.000421637 -0.0156636 0.999877 1.20224
0.665909 -0.745958 -0.0105907 128.77 0.746032 0.665816 0.0112119 78.6856 -0.0013121 -0.0153671 0.999881 1.18749
0.660965 -0.75038 -0.00749095 129.296 0.750368 0.660775 0.0179905 79.2948 -0.00854983 -0.017512 0.99981 1.12717
0.657087 -0.753814 0.00152048 129.861 0.753502 0.65687 0.0275175 79.9119 -0.0217419 -0.0169357 0.99962 1.17858
0.654197 -0.756312 0.00439062 130.375 0.755843 0.653976 0.0318872 80.5125 -0.026988 -0.0175419 0.999482 1.1634
0.650435 -0.759557 0.00272718 130.898 0.759222 0.650247 0.0275916 81.1494 -0.0227307 -0.015876 0.999616 1.15433
0.645515 -0.763746 -0.00150379 131.398 0.763597 0.645348 0.0211031 81.7691 -0.015147 -0.0147707 0.999776 1.14885
0.639984 -0.768374 -0.00459136 131.896 0.768362 0.639902 0.0120408 82.3991 -0.00631384 -0.0112338 0.999917 1.15926
0.634586 -0.7728 -0.00902131 132.409 0.772848 0.634498 0.0108764 83.045 -0.00268126 -0.0138741 0.9999 1.14868
0.629027 -0.777281 -0.0126362 132.911 0.777363 0.628809 0.0174761 83.6893 -0.00563805 -0.0208159 0.999767 1.10416
0.622694 -0.782346 -0.0136528 133.419 0.782421 0.62238 0.0214454 84.3324 -0.00828048 -0.0240361 0.999677 1.07558
0.615241 -0.788179 -0.0159225 133.887 0.788316 0.614939 0.0201955 84.9766 -0.0061263 -0.0249771 0.999669 1.09573
0.601615 -0.798588 -0.0177957 134.906 0.798781 0.60138 0.017081 86.2917 -0.00293866 -0.0244911 0.999696 1.11657
0.595195 -0.803362 -0.0187602 135.396 0.803551 0.59481 0.022501 86.9721 -0.0069177 -0.0284673 0.999571 1.09604
0.587997 -0.808692 -0.0166558 135.863 0.808762 0.587474 0.027901 87.6476 -0.0127785 -0.0298763 0.999472 1.09917
0.581873 -0.813187 -0.0122979 136.335 0.813059 0.581296 0.0320917 88.2963 -0.0189478 -0.0286722 0.999409 1.08486
0.576102 -0.817305 -0.0109093 136.813 0.817081 0.575481 0.0346565 88.9781 -0.0220469 -0.0288794 0.99934 1.08176
0.572069 -0.820125 -0.0114621 137.301 0.81991 0.571432 0.034835 89.6651 -0.0220192 -0.0293259 0.999327 1.06215
0.569132 -0.822089 -0.0160682 137.766 0.822089 0.568534 0.0306377 90.3836 -0.0160516 -0.0306464 0.999401 1.07348
0.566293 -0.823883 -0.0230036 138.227 0.824158 0.565746 0.0263685 91.0714 -0.00871038 -0.0338909 0.999388 1.06753
0.564276 -0.825104 -0.0282135 138.675 0.825577 0.563778 0.0240187 91.7329 -0.00391181 -0.0368456 0.999313 1.07048
0.561627 -0.826813 -0.0309288 139.134 0.82738 0.56104 0.0260001 92.4111 -0.00414486 -0.0401922 0.999183 1.07816
0.559 -0.828676 -0.0285529 139.599 0.82903 0.557948 0.0374476 93.1198 -0.015101 -0.0446044 0.998891 1.0638
0.556188 -0.830731 -0.0232572 140.058 0.830606 0.554748 0.0484524 93.8296 -0.027349 -0.0462662 0.998555 1.0453
0.552136 -0.833487 -0.0211122 140.514 0.833308 0.550835 0.0466687 94.4764 -0.0272684 -0.0433605 0.998687 1.02814
0.547866 -0.836411 -0.0161299 140.958 0.836261 0.547043 0.037581 95.142 -0.0226094 -0.0340781 0.999163 0.999123
0.54206 -0.840231 -0.0135379 141.408 0.840249 0.541693 0.0234701 95.8597 -0.0123869 -0.0240973 0.999633 1.04203
0.536517 -0.843641 -0.0204941 141.845 0.843823 0.536011 0.0255936 96.5949 -0.0106067 -0.0310248 0.999462 1.0291
0.53033 -0.84756 -0.0198234 142.282 0.847656 0.529683 0.0302382 97.3084 -0.0151286 -0.0328396 0.999346 0.989213
0.523624 -0.851876 -0.0111937 142.738 0.851712 0.523123 0.0304622 98.0236 -0.0200944 -0.0254845 0.999473 1.01477
0.517944 -0.855414 -0.00121489 143.189 0.855068 0.517694 0.0291784 98.7261 -0.0243307 -0.0161516 0.999573 1.00845
0.51269 -0.858547 0.00679932 143.611 0.858182 0.512679 0.026157 99.4417 -0.0259429 -0.0075754 0.999635 0.995739
0.507509 -0.861554 0.0126451 144.024 0.861346 0.507665 0.0189632 100.137 -0.0227573 0.00126777 0.99974 0.989133
0.502386 -0.864533 0.0138204 144.43 0.864541 0.502508 0.00735746 100.825 -0.0133056 0.00825199 0.999877 0.984493
0.497363 -0.867502 0.00837058 144.898 0.867531 0.497382 0.000235734 101.545 -0.00436788 0.00714449 0.999965 0.987151
0.491957 -0.87062 -0.000410368 145.3 0.870599 0.491942 0.00705942 102.288 -0.00594419 -0.00383019 0.999975 0.981113
0.487035 -0.873371 -0.00439991 145.725 0.873251 0.486868 0.0198225 103.05 -0.0151702 -0.0134965 0.999794 0.939553
0.481882 -0.876232 0.0024949 146.128 0.875799 0.48173 0.0301952 103.811 -0.0276599 -0.0123655 0.999541 0.952387
0.477653 -0.878517 0.00746592 146.515 0.877933 0.477619 0.0333823 104.571 -0.0328928 -0.00939059 0.999415 0.950923
0.476189 -0.879342 0.00115934 146.898 0.879031 0.476055 0.0259751 105.306 -0.0233929 -0.0113499 0.999662 0.926291
0.474906 -0.880005 -0.0074037 147.264 0.879963 0.474741 0.0168994 106.025 -0.0113567 -0.0145406 0.99983 0.933333
0.473719 -0.880558 -0.0143806 147.65 0.880661 0.473552 0.0135927 106.791 -0.00515922 -0.0191036 0.999804 0.951966
0.472387 -0.881296 -0.0129423 148.06 0.881377 0.472244 0.012674 107.53 -0.00505763 -0.0173941 0.999836 0.978311
0.471985 -0.881553 -0.00968981 148.47 0.881538 0.471782 0.0176638 108.299 -0.0110001 -0.016879 0.999797 0.971446
0.471358 -0.881917 -0.00657283 148.9 0.88174 0.471078 0.0249113 109.054 -0.0188734 -0.0175377 0.999668 0.942283
0.469756 -0.882795 0.00146255 149.259 0.882523 0.469651 0.0241124 109.795 -0.0219732 -0.0100362 0.999708 0.938941
0.468542 -0.883431 0.00429787 149.683 0.883297 0.468548 0.0157619 110.538 -0.0159383 -0.00358883 0.999867 0.921111
0.467138 -0.884149 0.00792343 150.067 0.884169 0.467164 0.00165186 111.273 -0.00516203 0.00623401 0.999967 0.93243
0.465905 -0.884726 0.0138685 150.48 0.88483 0.465792 -0.0106739 112.02 0.00298366 0.0172443 0.999847 0.97253
0.46522 -0.885157 0.00818101 150.856 0.885191 0.46517 -0.00730035 112.743 0.0026564 0.010638 0.99994 1.00686
0.463184 -0.886237 0.0067094 151.263 0.886228 0.463219 0.005255 113.556 -0.00776509 0.00351203 0.999964 0.983825
0.460959 -0.887241 0.0178894 151.677 0.887327 0.46111 0.00526738 114.373 -0.0129224 0.0134457 0.999826 1.0165
0.460216 -0.887474 0.0243005 152.058 0.887725 0.460373 0.000992394 115.156 -0.012068 0.0211154 0.999704 1.01142
0.460539 -0.887503 0.0155869 152.439 0.887609 0.460597 0.000165753 115.915 -0.00732638 0.0137587 0.999879 0.964696
0.461215 -0.887243 0.00890927 152.762 0.887276 0.461238 0.000501955 116.591 -0.00455465 0.00767347 0.99996 1.00197
0.461165 -0.887302 0.00478066 153.168 0.887301 0.461181 0.00295722 117.345 -0.00482869 0.00287812 0.999984 0.999182
0.46038 -0.88772 0.00168839 153.539 0.887689 0.460379 0.00775844 118.086 -0.00766462 -0.00207307 0.999968 1.00495
0.459904 -0.887968 -0.00112906 153.926 0.887894 0.459849 0.0134952 118.848 -0.0114641 -0.00720898 0.999908 0.995834
0.458861 -0.888506 0.00212988 154.298 0.888418 0.458847 0.0131578 119.595 -0.0126681 -0.00414539 0.999911 1.01217
0.457808 -0.889045 0.00329342 154.654 0.888983 0.457816 0.0106295 120.327 -0.0109579 -0.0019385 0.999938 1.02178
0.457353 -0.889285 -0.000405161 155.01 0.889275 0.457345 0.00509609 121.058 -0.00434658 -0.00269101 0.999987 1.02843
0.456919 -0.889477 -0.00740465 155.368 0.889507 0.456889 0.00545667 121.795 -0.00147048 -0.00907975 0.999958 1.01689
0.455622 -0.890125 -0.00925686 155.787 0.890116 0.45545 0.0161004 122.562 -0.0101153 -0.0155754 0.999828 0.96801
0.453881 -0.89106 -0.00184098 156.12 0.890831 0.453715 0.023736 123.224 -0.020315 -0.0124133 0.999717 0.984167
0.452204 -0.891886 0.00706849 156.468 0.89158 0.452237 0.0237994 123.908 -0.024423 -0.00446004 0.999692 1.02726
0.451094 -0.892393 0.0121971 156.802 0.892239 0.451247 0.0169082 124.596 -0.0205926 0.00325555 0.999783 1.05323
0.452541 -0.891728 0.00531734 157.155 0.891674 0.452573 0.0097693 125.287 -0.011118 0.00032032 0.999938 0.993216
0.453484 -0.891263 -0.00113836 157.432 0.891243 0.453464 0.00743158 125.91 -0.00610729 -0.00438466 0.999972 1.00105
0.45422 -0.890861 -0.00712308 157.745 0.890886 0.454181 0.00647754 126.519 -0.00253541 -0.00928808 0.999954 0.980339
0.456111 -0.889868 -0.00994347 158.057 0.889923 0.456088 0.00452915 127.127 0.00050476 -0.0109147 0.99994 0.977202
0.459798 -0.887929 -0.0129364 158.352 0.888021 0.45978 0.00447106 127.739 0.00197791 -0.0135436 0.999906 0.981465
0.46461 -0.885411 -0.0136039 158.657 0.885515 0.464541 0.00806549 128.34 -0.000821713 -0.0157938 0.999875 0.973927
0.470621 -0.882277 -0.0101621 158.965 0.882269 0.470412 0.0177457 128.882 -0.0108763 -0.0173172 0.999791 0.971067
0.475916 -0.879446 -0.0089052 159.284 0.879321 0.475602 0.0244349 129.458 -0.0172538 -0.0194595 0.999662 0.99391
0.4813 -0.876485 -0.0111422 159.577 0.876413 0.480952 0.0241824 130.027 -0.0158367 -0.0214041 0.999645 0.983882
0.486948 -0.873322 -0.013756 159.886 0.873386 0.486703 0.0178141 130.603 -0.00886234 -0.0206888 0.999747 0.990343
0.493492 -0.869566 -0.0179223 160.207 0.86975 0.493389 0.0100913 131.189 6.75879e-05 -0.0205679 0.999788 0.98641
0.500458 -0.865437 -0.0236672 160.528 0.865736 0.500463 0.00613934 131.775 0.00653133 -0.023562 0.999701 0.984778
0.507133 -0.86158 -0.0222721 160.877 0.861846 0.507135 0.00597412 132.371 0.00614778 -0.0222248 0.999734 1.03057
0.512478 -0.858508 -0.0181624 161.215 0.858694 0.512441 0.00699819 132.951 0.00329912 -0.0191823 0.999811 1.06135
0.517937 -0.855369 -0.00924828 161.583 0.855416 0.517877 0.00818867 133.519 -0.00221487 -0.0121523 0.999924 1.0806
0.523067 -0.852289 -0.00180426 161.948 0.852266 0.523035 0.00877192 134.076 -0.00653252 -0.00612602 0.99996 1.08412
0.525547 -0.850764 -0.00111255 162.27 0.850729 0.525513 0.00978636 134.576 -0.00774122 -0.00608967 0.999952 1.08665
0.526411 -0.850229 -0.00173155 162.603 0.850187 0.526362 0.0111777 135.104 -0.00859216 -0.00735619 0.999936 1.07606
0.525836 -0.850585 -0.000973375 162.945 0.850515 0.525777 0.0135097 135.673 -0.0109794 -0.00793177 0.999908 1.09238
0.525591 -0.850736 0.00122031 163.288 0.850627 0.525546 0.0153661 136.264 -0.0137138 -0.00703825 0.999881 1.10086
0.525903 -0.850545 -0.000401584 163.654 0.850401 0.525805 0.0186386 136.856 -0.0156418 -0.0101436 0.999826 1.08086
0.525983 -0.850465 -0.00715813 164.006 0.850389 0.525765 0.0202591 137.429 -0.0134661 -0.0167431 0.999769 1.06817
0.525135 -0.850884 -0.0151465 164.339 0.851003 0.524934 0.0154115 137.977 -0.0051625 -0.0209829 0.999766 1.04781
0.523352 -0.851919 -0.018359 164.662 0.852105 0.523334 0.00616124 138.51 0.00435903 -0.0188683 0.999812 1.0587
0.520023 -0.854009 -0.0156533 164.995 0.854093 0.520116 -0.00225758 139.048 0.0100695 -0.0121953 0.999875 1.11387
0.516537 -0.856138 -0.0147286 165.322 0.856254 0.516542 0.00379077 139.649 0.00436251 -0.0145695 0.999884 1.12924
0.512985 -0.858294 -0.0133469 165.64 0.858385 0.512831 0.0134308 140.258 -0.00468288 -0.0183466 0.999821 1.12725
0.509674 -0.86036 -0.00361385 166.025 0.860143 0.509441 0.024982 140.879 -0.0196525 -0.0158411 0.999681 1.1434
0.50632 -0.862327 0.00559819 166.402 0.861783 0.506214 0.032819 141.494 -0.0311346 -0.0117925 0.999446 1.13241
