0.476977 -0.878753 0.0169137 1.22053 0.878909 0.476959 -0.00535401 1.53223 -0.00336229 0.0174194 0.999843 0.783649
0.476062 -0.879269 0.0158545 1.54108 0.879398 0.476078 -0.00301244 2.1259 -0.00489922 0.0153765 0.99987 0.786137
0.473996 -0.880309 0.0195675 2.42907 0.880386 0.4742 0.00732498 3.78516 -0.0157272 0.013755 0.999782 0.808474
0.473124 -0.88069 0.0232152 2.95285 0.880589 0.473542 0.0179301 4.81389 -0.0267843 0.0119599 0.99957 0.844939
0.472306 -0.881038 0.0264222 3.38807 0.880629 0.472944 0.028585 5.70623 -0.0376807 0.00976731 0.999242 0.888245
0.471021 -0.88169 0.0275978 3.96936 0.881136 0.471743 0.0325318 6.91128 -0.041702 0.00899421 0.99909 0.947506
0.470152 -0.882124 0.0285421 4.41906 0.881466 0.470939 0.0351464 7.85551 -0.044445 0.00863468 0.998975 1.00405
0.46966 -0.882388 0.0284687 4.86316 0.88161 0.470464 0.0377707 8.77864 -0.0467219 0.00735897 0.998881 1.05302
0.469677 -0.882397 0.0279173 5.33292 0.8816 0.470458 0.0380895 9.74061 -0.046744 0.00672206 0.998884 1.08878
0.470201 -0.882119 0.0278767 5.75507 0.881399 0.470967 0.0363987 10.5937 -0.045237 0.00745576 0.998948 1.10411
0.470966 -0.881688 0.0285759 6.12487 0.880999 0.471759 0.0358329 11.3397 -0.0450745 0.00829928 0.998949 1.10442
0.47186 -0.881302 0.0255754 6.61564 0.88087 0.47247 0.0289811 12.3227 -0.0376247 0.00885357 0.999253 1.09792
0.47251 -0.881033 0.0226995 7.01395 0.880802 0.47296 0.0222795 13.0985 -0.030365 0.00946649 0.999494 1.09696
0.473087 -0.880862 0.0164659 7.542 0.880912 0.473235 0.00647222 14.1114 -0.0134934 0.0114431 0.999843 1.10778
0.473542 -0.880593 0.0176907 7.90205 0.88071 0.473651 0.00226321 14.7635 -0.0103722 0.0145087 0.999841 1.12125
0.473218 -0.880751 0.0185272 8.41264 0.880932 0.473223 -0.00436203 15.7164 -0.00492564 0.0183854 0.999819 1.13011
0.472517 -0.881045 0.0220815 8.79619 0.881294 0.472551 -0.00400897 16.4328 -0.00690257 0.0213546 0.999748 1.11828
0.471275 -0.881548 0.0277986 9.29974 0.881975 0.471195 -0.00977232 17.3572 -0.00448377 0.0291231 0.999566 1.10498
0.469738 -0.882293 0.0301005 9.77695 0.882802 0.469369 -0.0187872 18.2328 0.0024476 0.0353979 0.99937 1.07726
0.468515 -0.882924 0.0306273 10.1819 0.883447 0.468074 -0.0207121 18.9843 0.00395141 0.0367615 0.999316 1.05848
0.465101 -0.884869 0.0262297 11.1577 0.885162 0.46441 -0.0284818 20.8283 0.0130213 0.0364644 0.99925 1.06294
0.464066 -0.885378 0.0273523 11.5698 0.885766 0.463554 -0.0231408 21.6131 0.00780905 0.0349666 0.999358 1.07348
0.462566 -0.886236 0.0248535 12.0941 0.886532 0.462053 -0.0238245 22.6237 0.00963053 0.0330539 0.999407 1.07529
0.461369 -0.886875 0.0243136 12.526 0.887172 0.46093 -0.0216602 23.4751 0.00800299 0.0315637 0.99947 1.0715
0.460558 -0.887229 0.0266834 12.9371 0.887629 0.46032 -0.0148078 24.2849 0.000855051 0.0305048 0.999534 1.0719
0.459906 -0.887664 0.0232067 13.4556 0.887968 0.459771 -0.011152 25.3145 -0.000770571 0.0257356 0.999668 1.0667
0.459347 -0.887928 0.0241706 13.8543 0.888231 0.459371 -0.00489108 26.105 -0.00676034 0.0237158 0.999696 1.05437
0.458979 -0.888152 0.0228875 14.3873 0.888444 0.458897 -0.00903022 27.1429 -0.00248281 0.024479 0.999697 1.04176
0.459004 -0.888209 0.0200133 14.8135 0.888433 0.458863 -0.0114573 27.9858 0.000993108 0.0230394 0.999734 1.03155
0.458388 -0.888506 0.0209294 15.2124 0.88875 0.458313 -0.00849899 28.7701 -0.00204082 0.0224968 0.999745 1.03064
0.456418 -0.889559 0.0191927 16.2099 0.889741 0.456137 -0.0173362 30.7342 0.00666703 0.024989 0.999665 1.02556
0.455514 -0.889958 0.0219636 16.5449 0.890228 0.455405 -0.0100242 31.3968 -0.00108122 0.0241187 0.999708 1.02294
0.454969 -0.890363 0.0160309 17.0857 0.890475 0.454725 -0.0166905 32.4732 0.00757094 0.0218688 0.999732 1.01732
0.454452 -0.890632 0.0157097 17.4774 0.890737 0.45421 -0.0167394 33.2439 0.00777309 0.0216005 0.999736 1.02865
0.453779 -0.890939 0.0176873 17.917 0.891105 0.453595 -0.0135256 34.1025 0.00402758 0.0218988 0.999752 1.04766
0.453442 -0.891021 0.0217272 18.3884 0.891286 0.45329 -0.0117482 35.0168 0.000619155 0.0246922 0.999695 1.06749
0.452804 -0.89123 0.0260276 18.7783 0.891588 0.452806 -0.00615562 35.788 -0.00629938 0.0259932 0.999642 1.06883
0.452839 -0.891168 0.0275121 19.2893 0.891585 0.452743 -0.00998869 36.8006 -0.0035543 0.0290527 0.999572 1.06255
0.452585 -0.891208 0.0302367 19.714 0.89172 0.452379 -0.0137474 37.6145 -0.00142665 0.0331845 0.999448 1.05802
0.451855 -0.891534 0.0315376 20.1713 0.892091 0.451571 -0.0160156 38.5 3.69693e-05 0.0353712 0.999374 1.06041
0.450651 -0.89194 0.036832 20.5422 0.892666 0.450613 -0.00980755 39.2231 -0.00784922 0.0372984 0.999273 1.07269
0.449605 -0.892235 0.0420969 21.045 0.893136 0.449733 -0.00689682 40.2016 -0.0127788 0.0406991 0.99909 1.08775
0.448768 -0.892534 0.0446038 21.4365 0.893442 0.449178 -0.000944083 40.9748 -0.0191924 0.0402746 0.999004 1.0898
0.448153 -0.893005 0.0412352 21.9221 0.893827 0.448396 -0.00366325 41.944 -0.0152184 0.0384989 0.999143 1.06888
0.447334 -0.893645 0.0359202 22.3129 0.894333 0.447304 -0.00932147 42.7383 -0.00773716 0.0362945 0.999311 1.04421
0.446459 -0.894195 0.0330035 22.682 0.894795 0.446321 -0.0118633 43.4864 -0.00412206 0.0348278 0.999385 1.03706
0.4456 -0.894836 0.0266294 23.144 0.895232 0.445391 -0.0136591 44.4271 0.000362212 0.029926 0.999552 1.0441
0.444552 -0.895375 0.0260106 23.4999 0.895743 0.444497 -0.00818495 45.1599 -0.00423304 0.0269375 0.999628 1.05658
0.44253 -0.896478 0.0222502 24.3248 0.896748 0.442479 -0.00742408 46.8361 -0.0031897 0.0232382 0.999725 1.05649
0.441314 -0.897073 0.0223973 24.6622 0.89734 0.441305 -0.00559911 47.5204 -0.00486121 0.0225689 0.999733 1.05142
0.440072 -0.897729 0.020501 25.0872 0.897956 0.440039 -0.00631665 48.385 -0.00335059 0.0211888 0.99977 1.05461
0.43892 -0.898299 0.0201989 25.4322 0.89852 0.43889 -0.00613508 49.0975 -0.00335398 0.0208419 0.999777 1.05845
0.437628 -0.898917 0.0207462 25.7775 0.899147 0.437611 -0.00555981 49.8062 -0.00408095 0.021087 0.999769 1.06448
0.436242 -0.899582 0.0211099 26.0998 0.899801 0.436295 -0.00227435 50.4835 -0.00716419 0.0199869 0.999775 1.0724
0.435297 -0.900076 0.0194881 26.4988 0.900247 0.43538 3.07192e-05 51.3263 -0.00851237 0.0175307 0.99981 1.07857
0.434138 -0.900651 0.0187608 26.8129 0.900786 0.434255 0.00251971 51.9858 -0.0104163 0.0158055 0.999821 1.07722
0.43285 -0.901344 0.014851 27.1442 0.901429 0.432923 0.00196198 52.6882 -0.00819778 0.0125379 0.999888 1.06501
0.431609 -0.901969 0.012894 27.391 0.902036 0.431659 0.00123825 53.2197 -0.00668267 0.0110964 0.999916 1.05084
0.43058 -0.902513 0.00844423 27.7613 0.902543 0.430514 -0.0086174 54.011 0.00414195 0.0113318 0.999927 1.04523
0.429513 -0.903026 0.0079105 27.9888 0.903053 0.429456 -0.00798491 54.5027 0.00381337 0.0105732 0.999937 1.05852
0.428733 -0.903401 0.00736786 28.316 0.903429 0.428698 -0.00589962 55.2023 0.00217114 0.00918569 0.999955 1.07547
0.427824 -0.903835 0.00703186 28.6277 0.903862 0.427816 -0.00262467 55.8757 -0.000636077 0.00747872 0.999972 1.09161
0.426562 -0.904416 0.00871482 28.8755 0.904458 0.426554 -0.00284808 56.3952 -0.00114149 0.00909707 0.999958 1.09077
0.425734 -0.90476 0.0126746 29.1256 0.904848 0.425695 -0.00573807 56.9116 -0.000203949 0.0139115 0.999903 1.09313
0.426372 -0.90441 0.0157781 29.4276 0.904525 0.426171 -0.0146278 57.5366 0.00650532 0.0205086 0.999768 1.09423
0.428332 -0.903483 0.015797 29.6709 0.903576 0.428069 -0.017546 58.0497 0.0090903 0.0217893 0.999721 1.10094
0.430756 -0.902355 0.0143221 29.8965 0.902445 0.430575 -0.01409 58.5279 0.00654741 0.0189942 0.999798 1.10556
0.43597 -0.89985 0.0141248 30.1922 0.899948 0.435825 -0.0122067 59.1331 0.00482826 0.0180334 0.999826 1.10907
0.439093 -0.898254 0.0183524 30.397 0.898441 0.43899 -0.00954632 59.5212 0.000518501 0.0206803 0.999786 1.11323
0.446305 -0.894535 0.0248931 30.6842 0.894872 0.44625 -0.00801975 60.0717 -0.0039346 0.0258554 0.999658 1.12181
0.45442 -0.890427 0.0253505 30.9098 0.890769 0.454413 -0.006372 60.5267 -0.0058458 0.025477 0.999658 1.11613
0.46667 -0.884175 0.0213181 31.1575 0.884414 0.466677 -0.00494199 61.0027 -0.00557911 0.0211603 0.99976 1.107
0.480753 -0.876687 0.0172143 31.3883 0.876832 0.480792 -0.00207281 61.431 -0.00645928 0.0160905 0.99985 1.0978
0.495374 -0.868506 0.0173943 31.6178 0.868643 0.495439 -0.000658106 61.7895 -0.00804623 0.0154354 0.999848 1.09193
0.520122 -0.853857 0.0200331 31.9127 0.854058 0.520167 -0.0033225 62.2281 -0.00758362 0.0188375 0.999794 1.08635
0.539714 -0.841548 0.0224907 32.13 0.841801 0.539775 -0.00382823 62.526 -0.00891828 0.0209988 0.99974 1.08408
0.571449 -0.820311 0.023164 32.4266 0.820585 0.571505 -0.00478059 62.922 -0.00931675 0.0217398 0.99972 1.0858
0.599547 -0.800005 0.023128 32.6711 0.800279 0.599606 -0.00509644 63.2243 -0.00979051 0.0215644 0.99972 1.08756
0.633123 -0.773726 0.0224215 32.9491 0.773988 0.633175 -0.00560926 63.5437 -0.0098567 0.0209053 0.999733 1.08587
0.659496 -0.751342 0.0234788 33.194 0.751615 0.659584 -0.0048637 63.7898 -0.0118319 0.0208546 0.999712 1.0855
0.703417 -0.710444 0.0217621 33.5668 0.710688 0.703484 -0.00568263 64.1225 -0.0112721 0.0194634 0.999747 1.08054
0.735709 -0.67698 0.0207257 33.8564 0.677211 0.73576 -0.00651025 64.3398 -0.0108418 0.0188253 0.999764 1.07677
0.775479 -0.631079 0.0192787 34.2137 0.6313 0.775493 -0.00843135 64.5707 -0.00962965 0.018709 0.999779 1.0704
0.806594 -0.590794 0.0191879 34.5226 0.591021 0.806603 -0.00927135 64.7385 -0.00999958 0.0188187 0.999773 1.06134
0.88267 -0.469756 0.0149177 35.3043 0.469949 0.882575 -0.0144228 65.0799 -0.00639079 0.0197412 0.999785 1.03315
0.905217 -0.424679 0.0151718 35.6003 0.42489 0.905113 -0.0154828 65.1697 -0.00715694 0.0204616 0.999765 1.0212
0.935097 -0.354076 0.014935 36.0302 0.354295 0.934994 -0.0161458 65.2806 -0.00824731 0.0203893 0.999758 1.00825
0.952883 -0.30289 0.0164625 36.3602 0.303124 0.952844 -0.0142627 65.3551 -0.0113661 0.0185809 0.999763 0.994614
0.973303 -0.228927 0.0165324 36.8021 0.229135 0.973321 -0.0120025 65.4305 -0.0133437 0.0154702 0.999791 0.978869
0.983676 -0.179152 0.0169246 37.126 0.179369 0.983705 -0.0123033 65.4694 -0.0144447 0.0151382 0.999781 0.967144
0.993657 -0.11134 0.0157986 37.5578 0.111593 0.993623 -0.0161431 65.495 -0.0139005 0.0178037 0.999745 0.950854
0.998921 -0.0445422 0.0131486 37.9738 0.0447481 0.998873 -0.0157955 65.5036 -0.0124302 0.0163668 0.999789 0.940992
0.999918 0.00436251 0.0120441 38.3024 -0.00422413 0.999925 -0.0114837 65.5057 -0.0120933 0.0114318 0.999861 0.940262
0.998677 0.0501316 0.0114546 38.6418 -0.0500441 0.998716 -0.00780391 65.4921 -0.0118311 0.00722035 0.999904 0.938246
0.993541 0.113205 0.00784678 39.084 -0.113131 0.993536 -0.00932852 65.4355 -0.0088521 0.00838054 0.999926 0.90977
0.988342 0.152069 0.00739067 39.4092 -0.151903 0.988204 -0.0194541 65.3632 -0.0102619 0.0181047 0.999783 0.867113
0.981621 0.190676 0.00796459 39.7765 -0.19039 0.981313 -0.0278686 65.2771 -0.0131296 0.02584 0.99958 0.825997
0.973405 0.228994 0.00661793 40.163 -0.228738 0.973104 -0.0273348 65.1862 -0.0126994 0.0250941 0.999604 0.804884
0.964502 0.26405 0.00364685 40.5393 -0.263957 0.964392 -0.0165438 65.094 -0.00788538 0.0149939 0.999856 0.821378
0.957957 0.286889 0.00358729 40.8447 -0.286848 0.957934 -0.00898947 65.0092 -0.00601536 0.00758252 0.999953 0.848311
0.94797 0.318356 0.00139981 41.2817 -0.318348 0.947965 -0.00400538 64.8658 -0.00260211 0.00335135 0.999991 0.867619
0.940995 0.338422 -0.00019055 41.6204 -0.338418 0.940982 -0.00508298 64.7496 -0.00154088 0.00484754 0.999987 0.872939
0.931432 0.363811 -0.00871913 42.0834 -0.363884 0.9314 -0.00911591 64.577 0.00480453 0.0116636 0.99992 0.858471
0.925263 0.379033 -0.0148993 42.4285 -0.379193 0.925265 -0.00983578 64.4447 0.0100577 0.0147504 0.999841 0.853417
0.915946 0.400801 -0.0200256 42.9115 -0.400998 0.916053 -0.00686641 64.2324 0.0155924 0.0143195 0.999776 0.875444
0.901927 0.431698 -0.0128369 43.7702 -0.431792 0.901956 -0.00561947 63.8165 0.0091524 0.0106112 0.999902 0.914437
0.897248 0.441401 -0.0105714 44.1294 -0.441486 0.897235 -0.00773729 63.6301 0.00606978 0.0116094 0.999914 0.912139
0.892312 0.451322 -0.0094117 44.5541 -0.451407 0.89225 -0.0110013 63.4053 0.00343247 0.0140651 0.999895 0.900391
0.885918 0.463694 -0.0116868 45.1145 -0.463826 0.885812 -0.0142186 63.102 0.00375925 0.0180171 0.999831 0.889943
0.882166 0.470764 -0.0128127 45.5372 -0.470922 0.882031 -0.0159118 62.8713 0.00381056 0.0200706 0.999791 0.878735
0.879134 0.476388 -0.0132966 45.99 -0.476562 0.878969 -0.0174026 62.6218 0.00339692 0.0216359 0.99976 0.865201
0.875833 0.482373 -0.0152841 46.5505 -0.482592 0.875658 -0.0181022 62.3109 0.0046517 0.0232305 0.999719 0.849297
0.872947 0.487538 -0.0164288 47.0442 -0.487781 0.872786 -0.0177216 62.0374 0.0056989 0.0234837 0.999708 0.83229
0.869837 0.493007 -0.0181175 47.6339 -0.493293 0.869673 -0.0182094 61.7083 0.00677896 0.0247764 0.99967 0.812655
0.868292 0.495715 -0.0183285 48.1223 -0.496014 0.868096 -0.0195002 61.4371 0.00624435 0.026023 0.999642 0.790588
0.864951 0.501487 -0.0192512 49.3103 -0.501821 0.864712 -0.0211865 60.7702 0.00602201 0.0279859 0.99959 0.751961
0.864405 0.502438 -0.0189824 49.7881 -0.502777 0.864086 -0.0238964 60.4981 0.00439598 0.0302001 0.999534 0.736674
0.864227 0.502652 -0.0212782 50.4821 -0.503081 0.863807 -0.0273223 60.0958 0.00464661 0.0343173 0.9994 0.716413
0.864924 0.501402 -0.0224074 51.078 -0.501882 0.864426 -0.0296916 59.7532 0.00448216 0.0369269 0.999308 0.701839
0.866253 0.499097 -0.0225298 51.65 -0.499592 0.865679 -0.0317302 59.4302 0.00366713 0.0387421 0.999242 0.690818
0.868425 0.495241 -0.0239763 52.3972 -0.495801 0.867813 -0.032897 59.0115 0.00451495 0.040456 0.999171 0.680852
0.870322 0.491905 -0.0238594 53.032 -0.492467 0.869658 -0.0342248 58.6583 0.00391417 0.0415366 0.999129 0.676769
0.872256 0.488518 -0.022778 53.6891 -0.489041 0.871551 -0.0351865 58.2966 0.00266296 0.041831 0.999121 0.672366
0.874323 0.484917 -0.0203759 54.4208 -0.485343 0.873639 -0.0345897 57.9078 0.00102806 0.0401319 0.999194 0.65543
0.876094 0.48183 -0.0172736 55.046 -0.482138 0.875437 -0.0339379 57.5864 -0.00123035 0.038061 0.999275 0.63719
0.878357 0.477722 -0.0164692 55.8749 -0.478005 0.877791 -0.0315362 57.1627 -0.000608999 0.0355724 0.999367 0.61562
0.880013 0.47462 -0.0176547 56.5542 -0.474945 0.879554 -0.0284998 56.8108 0.00200164 0.0334652 0.999438 0.60175
0.880994 0.472709 -0.0199052 57.2426 -0.473078 0.880733 -0.0225236 56.4503 0.006884 0.0292598 0.999548 0.588376
0.881309 0.47208 -0.0208415 57.9104 -0.472439 0.881175 -0.0182442 56.1094 0.00975231 0.0259251 0.999616 0.58495
0.881418 0.471877 -0.0208242 58.7436 -0.472188 0.881389 -0.0138257 55.6966 0.0118302 0.0220191 0.999687 0.592351
0.881436 0.471957 -0.0180843 59.4091 -0.472198 0.881402 -0.0126299 55.3667 0.00997876 0.0196718 0.999757 0.604628
0.881469 0.471936 -0.0170088 60.2336 -0.47215 0.881436 -0.0120292 54.9453 0.00931518 0.0186341 0.999783 0.607317
0.881577 0.471758 -0.0163093 60.9564 -0.471948 0.88156 -0.0107805 54.5719 0.00929188 0.017201 0.999809 0.607591
0.881678 0.471633 -0.0143923 62.3472 -0.471765 0.88169 -0.00771435 53.8523 0.0090512 0.0135914 0.999867 0.597614
0.881438 0.472127 -0.0127693 63.01 -0.472223 0.88146 -0.00582822 53.5109 0.00850399 0.0111672 0.999901 0.59438
0.880306 0.474252 -0.0121097 63.8983 -0.474307 0.880357 -0.00201361 53.0544 0.00970589 0.0075163 0.999925 0.594974
0.878771 0.477139 -0.0100123 64.5809 -0.477162 0.878815 0.000140028 52.7059 0.00886576 0.00465442 0.99995 0.603583
0.87693 0.480571 -0.0067623 65.2313 -0.480577 0.876952 0.000793148 52.3722 0.00631138 0.00255427 0.999977 0.614141
0.874088 0.485758 -0.00314623 65.9977 -0.485755 0.874094 0.00157072 51.9693 0.00351309 0.000155353 0.999994 0.623806
0.870871 0.49151 -0.00139207 66.695 -0.491507 0.870871 0.00212506 51.594 0.0022568 -0.00116644 0.999997 0.634207
0.867367 0.497669 -0.000497097 67.3443 -0.497667 0.867365 0.00236197 51.239 0.00160664 -0.0018013 0.999997 0.633659
0.861517 0.507724 -0.00230232 68.1952 -0.507717 0.861518 0.00317256 50.7641 0.00359428 -0.00156429 0.999992 0.628337
0.857672 0.514195 -0.00155636 68.7477 -0.514191 0.857672 0.00234554 50.4459 0.00254092 -0.00121144 0.999996 0.625918
0.850674 0.525693 -0.00120447 69.5891 -0.525689 0.850673 0.00238617 49.9476 0.00227901 -0.00139668 0.999996 0.624567
0.845085 0.534631 -0.00108538 70.217 -0.534629 0.845085 0.00176356 49.5561 0.0018601 -0.000910078 0.999998 0.628152
0.840521 0.541778 -0.000271838 70.7596 -0.541778 0.840521 0.000557126 49.2026 0.000530327 -0.000321 1 0.629813
0.832814 0.553551 -0.00150413 71.558 -0.55355 0.832815 0.00121709 48.6764 0.00192638 -0.000180996 0.999998 0.622008
0.82758 0.561345 -0.00185645 72.1215 -0.561342 0.827582 0.0016184 48.2938 0.00244485 -0.00029725 0.999997 0.615032
0.821773 0.569809 -0.00247509 72.7515 -0.569806 0.821777 0.00202734 47.8641 0.00318917 -0.000255694 0.999995 0.607681
0.815111 0.579291 -0.00399959 73.4555 -0.579286 0.815121 0.00257656 47.3779 0.00475273 0.000216722 0.999989 0.601493
0.810899 0.585173 -0.00390764 73.9424 -0.58517 0.810908 0.00198545 47.0278 0.00433057 0.000676629 0.99999 0.604372
0.803551 0.595213 -0.00518038 74.6871 -0.595208 0.803568 0.00261151 46.4855 0.00571719 0.000984919 0.999983 0.612458
0.798828 0.601535 -0.00548546 75.2053 -0.601536 0.798844 0.00170156 46.0981 0.00540558 0.00194044 0.999983 0.618494
0.794577 0.607145 -0.00463171 75.7367 -0.607153 0.794585 -0.000289636 45.6944 0.00350444 0.00304229 0.999989 0.615991
0.789794 0.613353 -0.00481543 76.4132 -0.613369 0.789791 -0.00303678 45.1782 0.00194057 0.00535207 0.999984 0.606931
0.786995 0.616938 -0.00513513 76.9534 -0.616959 0.786968 -0.00658417 44.7469 -2.08355e-05 0.00834987 0.999965 0.599389
0.784763 0.619772 -0.00552662 77.5228 -0.619795 0.78471 -0.00916235 44.293 -0.00134178 0.0106156 0.999943 0.589935
0.783337 0.621573 -0.00542986 78.0429 -0.621592 0.783269 -0.0105882 43.8826 -0.00232832 0.0116693 0.999929 0.577246
0.782423 0.622728 -0.00497023 78.5669 -0.62274 0.782351 -0.0110039 43.4743 -0.00296395 0.0117048 0.999927 0.565332
0.782255 0.622931 -0.0057678 79.0763 -0.622953 0.782177 -0.0113362 43.077 -0.0025502 0.0124608 0.999919 0.552167
0.78347 0.621383 -0.0075103 79.6054 -0.621428 0.783391 -0.0112448 42.6591 -0.00110382 0.0134771 0.999909 0.544801
0.785486 0.618826 -0.00811958 80.0489 -0.618879 0.7854 -0.0116522 42.3106 -0.000833543 0.0141777 0.999899 0.543382
0.7891 0.614209 -0.00833902 80.5287 -0.614265 0.789016 -0.0114759 41.9384 -0.000468956 0.014178 0.999899 0.548408
0.796376 0.60473 -0.0092701 81.0809 -0.6048 0.796316 -0.00990464 41.5241 0.0013923 0.0134944 0.999908 0.563891
0.801868 0.597437 -0.00876626 81.4325 -0.5975 0.801809 -0.00977913 41.2754 0.00118645 0.0130794 0.999914 0.586694
0.813487 0.581502 -0.00968295 81.964 -0.581573 0.813458 -0.00767084 40.9136 0.00341607 0.0118715 0.999924 0.614427
0.821367 0.570307 -0.0102347 82.2943 -0.57038 0.821355 -0.00655816 40.7113 0.00466616 0.0112243 0.999926 0.634501
0.835278 0.549695 -0.012058 82.7744 -0.549768 0.835309 -0.0036345 40.4248 0.00807426 0.0096649 0.999921 0.654709
0.85167 0.523899 -0.0136943 83.2562 -0.52396 0.851743 -0.00103598 40.154 0.0111213 0.00805759 0.999906 0.673082
0.866874 0.498348 -0.0133281 83.6893 -0.498398 0.866948 -0.000478147 39.9278 0.0113165 0.00705722 0.999911 0.689454
0.879772 0.475267 -0.0110376 84.0873 -0.475307 0.879819 -0.00121339 39.7354 0.00913445 0.00631378 0.999938 0.700532
0.900706 0.434369 -0.00722965 84.6393 -0.434396 0.900719 -0.002491 39.5089 0.00542987 0.00538419 0.999971 0.711129
0.915739 0.401764 -0.00284526 85.0595 -0.401772 0.915735 -0.00305854 39.3688 0.0013767 0.00394397 0.999991 0.710084
0.936779 0.349905 0.00331286 85.6227 -0.3499 0.936785 -0.00205876 39.2211 -0.0038238 0.000769431 0.999992 0.710817
0.950152 0.311702 0.00731206 86.0401 -0.311708 0.950178 -0.000311025 39.1503 -0.0070447 -0.00198371 0.999973 0.707145
0.967444 0.252884 0.0100654 86.5957 -0.252914 0.967487 0.00170919 39.0824 -0.00930593 -0.00419922 0.999948 0.701571
0.981408 0.191712 0.00919169 87.1091 -0.191718 0.98145 -0.000208802 39.0581 -0.00906121 -0.00155729 0.999958 0.702581
0.989899 0.141583 0.00741446 87.5301 -0.141574 0.989926 -0.00178617 39.0575 -0.00759266 0.000718434 0.999971 0.712688
0.997696 0.0678052 0.00216552 88.0757 -0.0677946 0.997689 -0.00463769 39.0808 -0.00247497 0.00448019 0.999987 0.730546
0.999962 0.00865078 -0.00112764 88.5109 -0.00865659 0.999949 -0.00528604 39.1317 0.00108185 0.00529559 0.999985 0.752527
0.996988 -0.077383 -0.00520176 89.0705 0.077364 0.996996 -0.00378449 39.239 0.00547898 0.00337066 0.999979 0.776082
0.989576 -0.143822 -0.00741086 89.4919 0.143793 0.989598 -0.00430733 39.3594 0.00795327 0.0031968 0.999963 0.790029
0.977854 -0.209157 -0.00744098 89.9178 0.209116 0.977873 -0.00585894 39.5114 0.00850177 0.00417316 0.999955 0.798037
0.964658 -0.26347 -0.00436634 90.302 0.263441 0.964655 -0.00625434 39.6742 0.00585985 0.00488302 0.999971 0.806948
0.942031 -0.335519 0.00223148 90.789 0.335526 0.942019 -0.00469861 39.9123 -0.000525625 0.00517495 0.999986 0.816468
0.91601 -0.40106 0.00870976 91.2378 0.401095 0.916032 -0.00272971 40.1661 -0.00688364 0.00599389 0.999958 0.815627
0.886627 -0.462255 0.0145907 91.6692 0.462301 0.886723 0.000227934 40.444 -0.0130433 0.00654322 0.999893 0.808622
0.858583 -0.512321 0.019046 92.047 0.512344 0.858771 0.00397979 40.7169 -0.0183951 0.00634115 0.999811 0.796125
0.827787 -0.560668 0.0205008 92.4285 0.560646 0.828023 0.0073739 41.0145 -0.0211095 0.00538967 0.999763 0.787214
0.807098 -0.590077 0.020057 92.7059 0.589983 0.807341 0.0109698 41.2365 -0.0226659 0.00297957 0.999739 0.786388
0.774775 -0.632046 0.0155386 93.1273 0.631904 0.774931 0.0133699 41.597 -0.0204917 -0.000539785 0.99979 0.786482
0.752726 -0.658215 0.0125235 93.4448 0.658082 0.752828 0.013348 41.8824 -0.0182139 -0.0018059 0.999832 0.774813
0.738248 -0.674387 0.0138592 93.7194 0.674299 0.738377 0.0109448 42.1342 -0.0176143 0.0012653 0.999844 0.776607
0.720584 -0.693159 0.0169905 94.1287 0.693171 0.720747 0.0061241 42.5343 -0.0164909 0.00736443 0.999837 0.792226
0.71054 -0.703465 0.0164395 94.4577 0.703482 0.71069 0.00570407 42.8423 -0.015696 0.00751194 0.999849 0.824231
0.70399 -0.710058 0.0146599 94.7455 0.710032 0.704126 0.00783035 43.1369 -0.0158824 0.00489648 0.999862 0.849358
0.697047 -0.716963 0.00947096 95.1305 0.716869 0.69711 0.0116422 43.5568 -0.0149493 -0.00132575 0.999887 0.874137
0.694016 -0.719947 0.00428533 95.4474 0.71984 0.693997 0.0140788 43.9116 -0.01311 -0.00668615 0.999892 0.900737
0.692044 -0.721853 -0.00156856 95.8674 0.721802 0.691966 0.0135748 44.3782 -0.00871361 -0.0105265 0.999907 0.93744
0.692583 -0.721333 -0.00274221 96.1864 0.721308 0.692514 0.0117743 44.7204 -0.00659415 -0.0101326 0.999927 0.96974
0.694472 -0.71951 -0.00372397 96.5464 0.719514 0.694438 0.00748205 45.0966 -0.00279734 -0.00787552 0.999965 0.996075
0.697954 -0.71611 -0.00678296 97.0153 0.716125 0.697972 -0.000243795 45.5813 0.0049089 -0.0046873 0.999977 1.03021
0.700876 -0.713216 -0.00975979 97.396 0.713252 0.700908 0.000303006 45.9744 0.00662461 -0.00717356 0.999952 1.05693
0.703796 -0.710319 -0.0108653 97.7514 0.710387 0.703799 0.0042453 46.3427 0.00463143 -0.0107064 0.999932 1.07511
0.708271 -0.705889 -0.00848685 98.2601 0.70594 0.708221 0.00845197 46.8578 4.44036e-05 -0.0119775 0.999928 1.10689
0.711159 -0.703025 -0.00306958 98.692 0.703012 0.711099 0.0105863 47.288 -0.00525965 -0.00968648 0.999939 1.11977
0.713326 -0.70083 0.00170286 99.0904 0.700752 0.71328 0.0133408 47.6918 -0.0105642 -0.00832303 0.99991 1.10899
0.716209 -0.697857 0.0063231 99.6406 0.697744 0.716217 0.0136642 48.2264 -0.0140644 -0.00537453 0.999887 1.09344
0.717269 -0.696741 0.00877335 100.042 0.696659 0.717321 0.0108679 48.607 -0.0138654 -0.00168318 0.999902 1.06969
0.717452 -0.69656 0.00819756 100.587 0.696552 0.717494 0.00425681 49.1295 -0.00884682 0.00265597 0.999957 1.05674
0.717129 -0.696934 0.00302819 101.093 0.69694 0.717126 -0.0021825 49.6215 -0.000650537 0.0036756 0.999993 1.04367
0.716235 -0.697859 -0.000863276 101.52 0.697852 0.716233 -0.00351932 50.0531 0.00307429 0.00191821 0.999993 1.0398
0.71449 -0.699644 -0.00155034 102.038 0.699636 0.71449 -0.00364947 50.57 0.00366103 0.00152284 0.999992 1.03801
0.712745 -0.701415 0.00344981 102.621 0.701421 0.712747 -0.000872913 51.1506 -0.00184656 0.00304193 0.999994 1.04964
0.711519 -0.702626 0.00755246 103.068 0.702627 0.711552 0.00302218 51.5912 -0.00749743 0.00315622 0.999967 1.05383
0.709767 -0.704393 0.00777895 103.652 0.704361 0.70981 0.00675839 52.1765 -0.0102821 0.000682302 0.999947 1.05598
0.708456 -0.705743 0.003979 104.125 0.705703 0.708462 0.008034 52.669 -0.00848891 -0.00288375 0.99996 1.05719
0.706001 -0.708207 -0.00234367 104.702 0.708208 0.705986 0.00502717 53.2769 -0.00190568 -0.005209 0.999985 1.06445
0.703614 -0.710566 -0.0047666 105.174 0.71058 0.703611 0.00260983 53.7784 0.00149937 -0.00522337 0.999985 1.07168
0.700196 -0.713936 -0.00462783 105.817 0.713943 0.700204 -0.000167898 54.4683 0.0033603 -0.00318645 0.999989 1.07943
0.697594 -0.716491 -0.00152382 106.337 0.71649 0.697596 -0.00133406 55.0147 0.00201885 -0.000161173 0.999998 1.09297
0.696131 -0.717913 0.00166716 106.808 0.717914 0.696131 -0.000317682 55.5043 -0.000932492 0.00141802 0.999999 1.10383
0.694446 -0.719524 0.00541734 107.53 0.719538 0.694453 -0.000900649 56.2512 -0.00311405 0.00452343 0.999985 1.11959
0.694004 -0.71992 0.00859995 107.945 0.719953 0.694022 -0.00113168 56.6814 -0.00515384 0.00697694 0.999962 1.12911
0.693458 -0.72041 0.0112182 108.649 0.720464 0.693491 -0.00125325 57.4262 -0.00687689 0.00895142 0.999936 1.12979
0.693368 -0.720515 0.00999256 109.093 0.720544 0.693408 0.000890188 57.9068 -0.00757032 0.00658285 0.99995 1.12284
0.693762 -0.720199 0.00285849 109.76 0.720195 0.693768 0.00249084 58.6308 -0.00377702 0.000330612 0.999993 1.11307
0.694241 -0.71973 -0.00425154 110.334 0.719743 0.694224 0.00481318 59.2564 -0.000512671 -0.00640152 0.999979 1.11083
0.695632 -0.718334 -0.00959237 110.881 0.718398 0.695562 0.00987409 59.8484 -0.000420805 -0.0137599 0.999905 1.10632
0.697325 -0.71667 -0.0109948 111.366 0.716749 0.697176 0.0147141 60.3723 -0.00287987 -0.018141 0.999831 1.10192
0.69979 -0.714237 -0.0126341 112.086 0.714342 0.699599 0.016631 61.1385 -0.00303966 -0.0206633 0.999782 1.10051
0.701004 -0.713033 -0.013306 112.555 0.713154 0.700825 0.0159961 61.6402 -0.0020806 -0.0207026 0.999784 1.11134
0.702631 -0.711489 -0.00963533 113.303 0.711554 0.702557 0.0101999 62.4116 -0.000487773 -0.0140229 0.999902 1.12799
0.703004 -0.711164 -0.00554336 113.881 0.711186 0.70298 0.00583336 62.9913 -0.000251603 -0.00804323 0.999968 1.14568
0.703528 -0.710662 -0.00266077 114.382 0.710667 0.703518 0.00387421 63.4966 -0.000881357 -0.00461653 0.999989 1.15632
0.704617 -0.709582 -0.00276732 115.134 0.709585 0.7046 0.00528025 64.2576 -0.00179692 -0.00568421 0.999982 1.16525
0.705398 -0.708808 -0.00240536 115.705 0.708789 0.705343 0.0104661 64.846 -0.00572183 -0.00908764 0.999942 1.16363
0.706128 -0.708083 -0.00130655 116.286 0.707994 0.706007 0.0172823 65.4474 -0.0113149 -0.0131285 0.99985 1.1614
0.706752 -0.707454 -0.00309705 116.868 0.707389 0.70661 0.0174194 66.0468 -0.010135 -0.014502 0.999843 1.15055
0.707182 -0.70701 -0.00549525 117.395 0.707024 0.707119 0.00999578 66.5833 -0.00318132 -0.0109541 0.999935 1.13461
0.706477 -0.707693 -0.00784991 118.718 0.707647 0.70652 -0.00803462 67.9067 0.0112322 0.000121303 0.999937 1.14162
0.705903 -0.708307 0.00128374 119.203 0.708308 0.705904 2.06758e-05 68.4006 -0.00092084 0.000894682 0.999999 1.14834
0.704637 -0.709351 0.017552 119.902 0.70919 0.704853 0.0151994 69.1156 -0.0231533 0.00173763 0.99973 1.14358
0.703904 -0.710047 0.0187637 120.464 0.709787 0.704154 0.0191984 69.7033 -0.0268444 -0.000195593 0.99964 1.13118
0.703352 -0.710807 0.00704676 121.045 0.710706 0.703377 0.0125739 70.3181 -0.0138941 -0.00383572 0.999896 1.1031
0.702423 -0.711755 -0.00268424 121.622 0.711759 0.70241 0.00427567 70.9224 -0.00115779 -0.00491387 0.999987 1.08991
0.70151 -0.712653 -0.00318429 122.072 0.712659 0.70151 0.00115844 71.3905 0.00140824 -0.00308197 0.999994 1.09658
0.699487 -0.714644 -0.000848679 122.757 0.714645 0.699487 0.000865944 72.0947 -2.52025e-05 -0.00121222 0.999999 1.10624
0.697083 -0.71699 -0.00123437 123.332 0.71699 0.697084 -0.000299254 72.7065 0.00107502 -0.000676431 0.999999 1.12572
0.693947 -0.720022 -0.00240505 123.864 0.72002 0.693951 -0.00174666 73.2748 0.00292663 -0.0005196 0.999996 1.14402
0.691625 -0.722248 -0.00366519 124.324 0.722254 0.691628 0.000451771 73.7716 0.00220866 -0.00295966 0.999993 1.15229
0.689239 -0.724466 -0.00991922 124.991 0.724528 0.689227 0.00512561 74.5159 0.00312325 -0.0107195 0.999938 1.16331
0.687889 -0.725722 -0.0116881 125.51 0.725814 0.687838 0.00851505 75.0918 0.00185998 -0.0143408 0.999895 1.16216
0.686795 -0.726789 -0.00949988 125.986 0.726847 0.68669 0.0122491 75.6074 -0.00237904 -0.0153176 0.99988 1.1587
0.685655 -0.7279 -0.00624628 126.633 0.727904 0.685539 0.0138887 76.3004 -0.0058275 -0.0140695 0.999884 1.15352
0.684183 -0.729287 -0.0058735 127.17 0.729297 0.684101 0.011467 76.8794 -0.00434464 -0.012129 0.999917 1.16027
0.681416 -0.731876 -0.00535407 127.743 0.731896 0.68139 0.00607355 77.4979 -0.000796883 -0.00805724 0.999967 1.17552
0.677956 -0.735093 -0.00384872 128.212 0.735102 0.677951 0.00263197 78.0183 0.000674504 -0.00461357 0.999989 1.18406
0.672554 -0.740047 -0.00159473 128.799 0.740048 0.67255 0.00244388 78.6823 -0.000736048 -0.00282382 0.999996 1.18855
0.667602 -0.74451 0.00336886 129.342 0.744479 0.667607 0.007242 79.3133 -0.00764082 -0.00232674 0.999968 1.174
0.664239 -0.747464 0.00917391 129.811 0.747359 0.664301 0.0125694 79.8528 -0.0154894 -0.00149286 0.999879 1.1773
0.660083 -0.751129 0.00983818 130.446 0.750862 0.660124 0.0210281 80.5958 -0.0222892 -0.00649316 0.99973 1.16777
0.65736 -0.753548 0.00659509 130.891 0.753291 0.657326 0.0217801 81.1277 -0.0207474 -0.00934932 0.999741 1.15159
0.652986 -0.757369 0.0013409 131.385 0.757247 0.652911 0.016836 81.7253 -0.0136265 -0.00997828 0.999857 1.13036
0.647449 -0.762106 -0.00208052 131.915 0.762092 0.647414 0.00842732 82.3806 -0.00507555 -0.00704181 0.999962 1.1234
0.642135 -0.766589 -0.00181823 132.44 0.766587 0.642122 0.00494634 83.043 -0.00262428 -0.00457006 0.999986 1.12605
0.637839 -0.770166 -0.00251615 132.853 0.77015 0.637796 0.00918299 83.5783 -0.00546763 -0.00779508 0.999955 1.11959
0.630978 -0.775765 -0.00738824 133.433 0.775771 0.630843 0.0147043 84.3353 -0.00674624 -0.0150096 0.999865 1.10453
0.62512 -0.780449 -0.0111796 133.861 0.780514 0.624956 0.01508 84.9109 -0.00478236 -0.0181527 0.999824 1.09673
0.609461 -0.79269 -0.0141239 134.945 0.792815 0.609383 0.00982325 86.353 0.000820057 -0.0171845 0.999852 1.09815
0.604632 -0.796401 -0.0128792 135.34 0.796497 0.604472 0.0143641 86.8965 -0.00365448 -0.0189433 0.999814 1.10024
0.596391 -0.802605 -0.0119493 135.922 0.802619 0.596067 0.0225185 87.7178 -0.0109509 -0.0230206 0.999675 1.1003
0.59014 -0.807233 -0.0104978 136.364 0.807169 0.589759 0.0257431 88.3434 -0.0145895 -0.0236655 0.999613 1.09199
0.585882 -0.810342 -0.00933087 136.752 0.810212 0.585465 0.0280695 88.8953 -0.017283 -0.0240054 0.999562 1.08434
0.580314 -0.814338 -0.00945251 137.33 0.814214 0.579905 0.0276759 89.7245 -0.017056 -0.0237571 0.999572 1.06456
0.577609 -0.816231 -0.0116003 137.701 0.816168 0.577179 0.0270835 90.2748 -0.0154109 -0.0251114 0.999566 1.05854
0.57339 -0.819027 -0.0204682 138.243 0.819236 0.572911 0.0250039 91.0901 -0.0087524 -0.0311052 0.999478 1.04881
0.571123 -0.820506 -0.0242617 138.633 0.820846 0.570661 0.0235996 91.6759 -0.00551837 -0.0333934 0.999427 1.05074
0.568166 -0.822548 -0.024546 139.147 0.822885 0.567644 0.0252958 92.4437 -0.00687357 -0.0345708 0.999379 1.06053
0.565786 -0.824242 -0.0226251 139.619 0.824427 0.56501 0.0329165 93.1568 -0.0143478 -0.0372765 0.999202 1.07063
0.563612 -0.825818 -0.0191496 140.057 0.825715 0.562589 0.0410945 93.819 -0.0231633 -0.0389735 0.998972 1.06883
0.560703 -0.827839 -0.0171815 140.465 0.827623 0.559675 0.0424891 94.4281 -0.0255581 -0.0380436 0.998949 1.05453
0.555954 -0.831096 -0.0139161 140.984 0.831017 0.555382 0.0310244 95.2043 -0.0180555 -0.0288126 0.999422 1.01869
0.551566 -0.834048 -0.0117367 141.374 0.834032 0.55123 0.0231508 95.7991 -0.0128393 -0.0225581 0.999663 1.0121
0.545117 -0.838242 -0.0140488 141.863 0.838304 0.544811 0.0206854 96.5791 -0.00968543 -0.0230531 0.999687 1.00896
0.539655 -0.841799 -0.0121548 142.268 0.841781 0.539303 0.0236051 97.2467 -0.0133156 -0.0229703 0.999647 1.00039
0.531649 -0.846948 -0.00529348 142.783 0.846761 0.531373 0.0252792 98.0891 -0.0185973 -0.0179219 0.999666 1.00484
0.520858 -0.853603 0.00836934 143.633 0.853326 0.520906 0.0221614 99.4888 -0.0232767 -0.00440115 0.999719 0.992801
0.516778 -0.856059 0.0101853 143.977 0.855834 0.516877 0.0196602 100.067 -0.0220948 -0.00144302 0.999755 0.987762
0.509966 -0.860135 0.0101471 144.457 0.860107 0.510047 0.00827539 100.884 -0.0122934 0.00450739 0.999914 0.976227
0.50493 -0.863046 0.0140579 144.836 0.863147 0.504945 -0.00266646 101.497 -0.00479719 0.0134804 0.999898 0.973461
0.497795 -0.867105 0.0181257 145.33 0.867275 0.497816 -0.0036604 102.344 -0.0058493 0.0175421 0.999829 0.975778
0.493724 -0.869429 0.0181599 145.682 0.869502 0.493893 0.00606902 102.971 -0.0142456 0.0127936 0.999817 0.96734
0.488225 -0.872564 0.016392 146.165 0.872315 0.488484 0.0212135 103.861 -0.0265173 0.00394202 0.999641 0.965795
0.485153 -0.874275 0.0164136 146.49 0.87395 0.485423 0.0239905 104.482 -0.0289419 0.00270558 0.999577 0.957682
0.482435 -0.875833 0.0131436 146.934 0.875678 0.482602 0.0168468 105.335 -0.0210981 0.0033821 0.999772 0.933329
0.480018 -0.877259 0.000501035 147.319 0.877203 0.479994 0.0110068 106.091 -0.00989628 -0.00484394 0.999939 0.918955
0.478427 -0.878113 -0.00503607 147.631 0.878112 0.478377 0.00866284 106.715 -0.00519781 -0.00856677 0.99995 0.92442
0.475852 -0.879525 -0.000988321 148.099 0.879509 0.475837 0.00651111 107.605 -0.0052564 -0.00396757 0.999978 0.947267
0.474843 -0.880062 0.00380904 148.473 0.879992 0.474854 0.0113222 108.317 -0.011773 -0.00202437 0.999929 0.964785
0.474935 -0.879999 0.00614958 148.89 0.879825 0.474965 0.0177867 109.09 -0.0185731 -0.00303696 0.999823 0.96458
0.474348 -0.880311 0.00678369 149.205 0.880086 0.474383 0.0202327 109.691 -0.0210292 -0.00362714 0.999772 0.95782
0.472649 -0.881236 0.00519715 149.677 0.881108 0.47267 0.0152138 110.573 -0.0158635 -0.00261154 0.999871 0.943011
0.470823 -0.882203 0.00656756 150.086 0.882217 0.470841 0.00140331 111.333 -0.00433028 0.00513329 0.999977 0.933999
0.468935 -0.88315 0.0121218 150.473 0.883228 0.468842 -0.00977537 112.035 0.00294991 0.0152903 0.999879 0.946024
0.467892 -0.883658 0.0149811 150.804 0.883781 0.467772 -0.0109525 112.653 0.00267049 0.0183646 0.999828 0.96935
0.466727 -0.884254 0.0161327 151.258 0.884383 0.466758 -0.00204869 113.527 -0.0057185 0.0152237 0.999868 0.989808
0.465216 -0.885044 0.0164736 151.675 0.885096 0.465363 0.00642325 114.342 -0.0133511 0.0115925 0.999844 1.01281
0.464278 -0.88552 0.0173089 152.008 0.885571 0.464448 0.00730026 115.008 -0.0145036 0.0119389 0.999824 1.01871
0.463774 -0.885835 0.0145159 152.473 0.885918 0.46384 0.00142469 115.937 -0.00799511 0.0121992 0.999894 1.00184
0.463777 -0.885888 0.010654 152.765 0.885936 0.463808 0.000451108 116.543 -0.00534104 0.00922954 0.999943 1.00133
0.463426 -0.886111 0.00662381 153.194 0.886112 0.463455 0.00377854 117.4 -0.00641805 0.00411836 0.999971 1.00564
0.462959 -0.886366 0.00488154 153.575 0.886333 0.462984 0.00768284 118.158 -0.00906988 0.000769826 0.999959 1.01189
0.462235 -0.886758 -7.50478e-05 154.332 0.886676 0.462191 0.013613 119.663 -0.0120367 -0.00635893 0.999907 1.01601
0.461839 -0.886964 -0.000507047 154.65 0.8869 0.461799 0.0122478 120.302 -0.0106292 -0.00610623 0.999925 1.01936
0.461208 -0.887289 -0.00243852 154.96 0.887253 0.46116 0.0106516 120.93 -0.00832654 -0.00707621 0.99994 1.02208
0.460105 -0.887845 -0.00589561 155.393 0.887854 0.460056 0.00802268 121.814 -0.00441058 -0.00892572 0.99995 1.01827
0.458836 -0.888504 -0.00552572 155.717 0.888485 0.458753 0.0118622 122.449 -0.0080047 -0.0103523 0.999914 1.00537
0.45839 -0.888723 -0.00705774 156.094 0.888719 0.458291 0.0122085 123.189 -0.00761552 -0.0118686 0.999901 1.00411
0.458431 -0.888686 -0.00889772 156.462 0.888705 0.45832 0.0121003 123.909 -0.00667539 -0.0134546 0.999887 1.02292
0.458943 -0.888397 -0.011068 156.818 0.88845 0.458826 0.0116324 124.614 -0.00525585 -0.015172 0.999871 1.05119
0.459918 -0.887859 -0.013456 157.169 0.887954 0.459802 0.0109233 125.308 -0.00351128 -0.0169722 0.99985 1.05028
0.461379 -0.887053 -0.0163138 157.486 0.887202 0.461277 0.00980226 125.967 -0.00116994 -0.0189962 0.999819 1.0495
0.463274 -0.886004 -0.0193129 157.796 0.886214 0.4632 0.00844874 126.593 0.00146008 -0.0210294 0.999778 1.03698
0.465601 -0.884709 -0.0224881 158.098 0.884984 0.465568 0.00697606 127.2 0.00429797 -0.0231497 0.999723 1.02533
0.46837 -0.883153 -0.025881 158.391 0.883502 0.468396 0.00542128 127.797 0.00733472 -0.0254051 0.99965 1.0191
0.471586 -0.881328 -0.0294428 158.682 0.881757 0.47169 0.00377004 128.386 0.0105652 -0.0277393 0.999559 1.01186
0.47526 -0.879221 -0.0331455 158.977 0.879733 0.475464 0.0019495 128.948 0.0140454 -0.0300857 0.999449 1.00486
0.479369 -0.876833 -0.0370006 159.28 0.877435 0.479695 6.98552e-05 129.506 0.0176878 -0.0324991 0.999315 1.01
0.483908 -0.874153 -0.0411092 159.578 0.874853 0.484386 -0.00192639 130.06 0.0215966 -0.0350323 0.999153 1.01174
0.488865 -0.871176 -0.0454292 159.878 0.871979 0.489527 -0.00404547 130.616 0.0257631 -0.0376356 0.998959 1.01695
0.494239 -0.86789 -0.0499523 160.186 0.868802 0.49512 -0.00628081 131.18 0.0301834 -0.0402944 0.998732 1.01988
0.500588 -0.863922 -0.0552217 160.517 0.864959 0.501763 -0.00897974 131.781 0.035466 -0.0432694 0.998434 1.01997
0.505274 -0.8611 -0.0566069 160.796 0.862177 0.506521 -0.00936742 132.269 0.0367389 -0.0440721 0.998353 1.03788
0.512227 -0.857222 -0.05285 161.183 0.858202 0.513261 -0.00728714 132.941 0.0333726 -0.0416233 0.998576 1.07386
0.516702 -0.854916 -0.0462383 161.507 0.855691 0.51746 -0.00535032 133.448 0.0285005 -0.0368011 0.998916 1.09498
0.522493 -0.851828 -0.0372829 161.911 0.8523 0.523024 -0.00551951 134.067 0.0242015 -0.0288923 0.99929 1.10856
0.526194 -0.849679 -0.034129 162.237 0.850061 0.526655 -0.00558005 134.569 0.0227154 -0.0260755 0.999402 1.11083
0.528552 -0.848167 -0.0352932 162.61 0.848619 0.528992 -0.00378854 135.161 0.0218831 -0.0279481 0.99937 1.10297
0.529212 -0.847746 -0.0355256 162.917 0.848238 0.52961 -0.00216987 135.651 0.0206542 -0.0289859 0.999366 1.09971
0.528834 -0.848033 -0.0342763 163.337 0.84854 0.529132 0.000462513 136.34 0.0177445 -0.0293294 0.999412 1.10336
0.528749 -0.848135 -0.0330513 163.586 0.848645 0.528955 0.00286802 136.751 0.0150502 -0.0295653 0.999449 1.10019
0.52865 -0.847916 -0.0395902 164.002 0.848666 0.528911 0.00441582 137.449 0.0171954 -0.0359333 0.999206 1.08807
0.52816 -0.847907 -0.0458239 164.27 0.848876 0.528581 0.0033754 137.894 0.0213596 -0.0406816 0.998944 1.06981
0.526478 -0.848552 -0.052728 164.646 0.849632 0.527364 -0.00347479 138.517 0.0307554 -0.04297 0.998603 1.05862
0.523653 -0.850299 -0.0527138 164.998 0.851085 0.524888 -0.012105 139.089 0.0379617 -0.0385251 0.998536 1.0749
0.520682 -0.852324 -0.0493327 165.319 0.852966 0.521811 -0.0127318 139.636 0.0365939 -0.03545 0.998701 1.09719
0.518198 -0.853871 -0.0487256 165.611 0.854781 0.518974 -0.00392432 140.169 0.0286382 -0.0396161 0.998804 1.11495
0.51462 -0.856445 -0.0408525 166.021 0.857336 0.514648 0.010629 140.894 0.0119215 -0.0404942 0.999109 1.14231
0.511882 -0.858508 -0.0306703 166.337 0.859056 0.511561 0.0181222 141.43 0.000131642 -0.0356239 0.999365 1.14953
0.509386 -0.860158 -0.0255525 166.669 0.860526 0.508995 0.020485 142 -0.00461425 -0.0324234 0.999463 1.1374
0.506541 -0.861709 -0.0295612 167.086 0.862216 0.506226 0.0178763 142.749 -0.000439523 -0.0345432 0.999403 1.1121
