0.47108 -0.8819 0.0183261 1.46266 0.882089 0.471017 -0.00789842 2.34534 -0.0016663 0.0198861 0.999801 1.05005
0.469605 -0.882708 0.0172664 1.87519 0.882876 0.469547 -0.00749151 3.14243 -0.00149456 0.0187621 0.999823 1.04696
0.467296 -0.883882 0.0196712 2.72977 0.884095 0.467256 -0.00688986 4.70578 -0.00310168 0.0206109 0.999783 1.05739
0.466176 -0.884464 0.0200651 3.14175 0.884683 0.466153 -0.00607661 5.51532 -0.00397889 0.0205841 0.99978 1.06966
0.464806 -0.885184 0.0201235 3.55642 0.885406 0.464769 -0.00674799 6.33689 -0.00337958 0.020954 0.999775 1.06453
0.463365 -0.885937 0.0202203 3.97495 0.886164 0.463305 -0.00781308 7.14173 -0.00244629 0.0215388 0.999765 1.06389
0.462247 -0.886512 0.0206021 4.41318 0.886747 0.462194 -0.00755363 7.95214 -0.00282578 0.0217605 0.999759 1.0765
0.461958 -0.886666 0.0204531 4.84317 0.886886 0.461963 -0.00476669 8.77628 -0.0052221 0.0203415 0.999779 1.07933
0.462855 -0.886193 0.0206923 5.27541 0.886386 0.462948 -0.000335714 9.61825 -0.00928192 0.0184967 0.999786 1.07315
0.464259 -0.885425 0.0220409 5.69539 0.885606 0.464428 0.00297298 10.4489 -0.0128688 0.0181393 0.999753 1.06397
0.465905 -0.884509 0.0240285 6.11006 0.884712 0.46612 0.0039782 11.2913 -0.0147189 0.0194049 0.999703 1.05216
0.467986 -0.8834 0.0243777 6.54212 0.883635 0.468171 0.00217007 12.1413 -0.01333 0.0205254 0.9997 1.03337
0.469143 -0.882859 0.021573 6.99326 0.883085 0.469208 -0.00228599 12.9919 -0.00810401 0.0201232 0.999765 1.07055
0.469981 -0.882494 0.0179548 7.45071 0.882671 0.469955 -0.00587944 13.847 -0.0032494 0.0186114 0.999821 1.10031
0.470546 -0.882237 0.0156422 7.92904 0.882372 0.470519 -0.00557395 14.7042 -0.0024424 0.016425 0.999862 1.12264
0.470453 -0.882253 0.0174507 8.35268 0.88239 0.470519 -0.000327877 15.5381 -0.00792163 0.0155526 0.999848 1.09869
0.469421 -0.88266 0.0235885 8.80478 0.882875 0.469601 0.00244993 16.4191 -0.0132397 0.0196757 0.999719 1.06628
0.468345 -0.882866 0.0346476 9.28275 0.883442 0.46853 -0.00306883 17.2813 -0.0135241 0.0320464 0.999395 1.06322
0.467382 -0.883126 0.0405304 9.75383 0.88399 0.467413 -0.00930952 18.1604 -0.010723 0.0401796 0.999135 1.03694
0.466274 -0.883793 0.0387206 10.2212 0.884615 0.466146 -0.0128175 19.0417 -0.00672147 0.0402293 0.999168 1.04019
0.463405 -0.885742 0.0267784 11.1333 0.886137 0.463328 -0.00939828 20.7831 -0.00408274 0.0280846 0.999597 1.08665
0.462621 -0.886156 0.0266161 11.6078 0.886529 0.462632 -0.00611293 21.681 -0.00689646 0.0264239 0.999627 1.08972
0.461446 -0.886787 0.0259844 12.0657 0.887117 0.461537 -0.00274383 22.575 -0.00955957 0.0243173 0.999659 1.07812
0.460521 -0.887234 0.0271484 12.5137 0.887567 0.460679 -0.00048223 23.4866 -0.0120788 0.0243181 0.999631 1.06799
0.460198 -0.887373 0.028035 12.9799 0.887689 0.460437 0.00236338 24.3932 -0.0150055 0.0237987 0.999604 1.07884
0.459567 -0.887702 0.0279837 13.4345 0.887967 0.459876 0.0054275 25.2993 -0.017687 0.0223543 0.999594 1.07084
0.459861 -0.887548 0.0280386 13.9022 0.887806 0.46018 0.00586219 26.2072 -0.0181058 0.022197 0.99959 1.04587
0.46008 -0.88735 0.030594 14.3715 0.88773 0.460359 0.00237845 27.0956 -0.0161947 0.0260649 0.999529 1.04763
0.460164 -0.887379 0.0284117 14.8046 0.887726 0.460371 0.000865109 27.9721 -0.0138476 0.0248238 0.999596 1.03797
0.459818 -0.887656 0.0251958 15.2575 0.887921 0.459994 0.00137793 28.8565 -0.0128131 0.0217383 0.999682 1.04389
0.457741 -0.888588 0.0297444 16.1575 0.888957 0.457987 0.00166763 30.6388 -0.0151044 0.0256782 0.999556 1.03223
0.457169 -0.888805 0.0319626 16.6208 0.88926 0.457403 -8.90436e-06 31.5448 -0.0146119 0.0284271 0.999489 1.02302
0.456911 -0.889143 0.0256413 17.0614 0.88946 0.457008 -0.00227273 32.4253 -0.00969752 0.0238454 0.999669 1.02453
0.456853 -0.889338 0.0190465 17.5058 0.889518 0.456893 -0.0024806 33.2861 -0.00649612 0.0180755 0.999816 1.05658
0.456398 -0.88961 0.0171785 17.9529 0.889751 0.456444 -0.00139015 34.1526 -0.00660432 0.015919 0.999851 1.07449
0.456132 -0.88963 0.0223891 18.4008 0.88985 0.456254 0.000340635 35.0152 -0.0105182 0.0197676 0.999749 1.08413
0.456168 -0.889461 0.0277333 18.8298 0.889786 0.456376 0.00133097 35.9001 -0.0138406 0.0240695 0.999614 1.05454
0.456033 -0.889447 0.030293 19.2664 0.889843 0.456267 0.000905487 36.7673 -0.0146271 0.0265431 0.999541 1.03699
0.455621 -0.889633 0.0310263 19.7236 0.890077 0.455809 -0.00114418 37.5964 -0.0131242 0.0281371 0.999518 1.04685
0.454737 -0.890105 0.0304702 20.1671 0.89054 0.454901 -0.00168657 38.4745 -0.0123597 0.0279019 0.999534 1.06325
0.453942 -0.890476 0.0314657 20.6067 0.890922 0.454156 -0.000389107 39.3459 -0.0139438 0.0282101 0.999505 1.0945
0.453054 -0.890838 0.0339023 21.0471 0.8913 0.453404 0.00302132 40.2022 -0.0180629 0.0288483 0.999421 1.1078
0.452667 -0.890907 0.0371101 21.4773 0.8914 0.453175 0.0061952 41.0617 -0.0223367 0.0302755 0.999292 1.09063
0.452013 -0.891165 0.0388454 21.887 0.891762 0.452488 0.00394227 41.8903 -0.0210903 0.0328589 0.999237 1.03841
0.450563 -0.892034 0.0356186 22.2845 0.892627 0.450794 -0.00170227 42.7139 -0.0145381 0.032561 0.999364 1.02254
0.449935 -0.892571 0.0295841 22.7039 0.893024 0.449971 -0.00578901 43.5452 -0.00814492 0.029024 0.999546 1.04769
0.449009 -0.893236 0.0228312 23.1239 0.89351 0.449013 -0.00523508 44.3956 -0.00557533 0.0227505 0.999726 1.06971
0.448357 -0.89367 0.0181824 23.5403 0.893828 0.448407 -0.0014492 45.2504 -0.00685803 0.0169017 0.999834 1.07343
0.445783 -0.894869 0.0220623 24.3076 0.89506 0.445938 0.00245383 46.7826 -0.0120343 0.0186532 0.999754 1.0428
0.444565 -0.895498 0.0210858 24.6866 0.895663 0.444722 0.00317303 47.5604 -0.0122187 0.0174751 0.999773 1.04456
0.443318 -0.896125 0.0207029 25.0651 0.896284 0.443469 0.00311013 48.3297 -0.0119682 0.0171769 0.999781 1.05909
0.441986 -0.896773 0.0211387 25.425 0.896945 0.442134 0.00267413 49.0897 -0.0117442 0.0177783 0.999773 1.06325
0.440845 -0.897333 0.0212011 25.7839 0.897502 0.441 0.00304145 49.8168 -0.0120789 0.0176872 0.999771 1.07653
0.439666 -0.897934 0.0202009 26.1216 0.898053 0.439851 0.00563614 50.5484 -0.0139463 0.0156635 0.99978 1.0875
0.43835 -0.898609 0.0187171 26.4633 0.898639 0.438574 0.0100519 51.2682 -0.0172415 0.0124136 0.999774 1.08419
0.436777 -0.899404 0.0172665 26.8068 0.899349 0.437015 0.0137794 51.9738 -0.019939 0.00951007 0.999756 1.07257
0.435639 -0.899959 0.017112 27.1357 0.899927 0.435862 0.0125169 52.674 -0.0187232 0.00994675 0.999775 1.0488
0.434715 -0.900384 0.0181898 27.4262 0.900491 0.434853 0.00431003 53.3083 -0.0117906 0.0145061 0.999825 1.03149
0.433583 -0.900948 0.0172463 27.7317 0.9011 0.433603 -0.00280181 53.9564 -0.00495377 0.0167555 0.999847 1.05784
0.43322 -0.901198 0.0127382 28.0272 0.901287 0.433197 -0.00458328 54.5938 -0.00138771 0.0134663 0.999908 1.09559
0.432672 -0.901511 0.00854401 28.3364 0.901543 0.43269 0.000260899 55.2335 -0.00393211 0.00758991 0.999963 1.09879
0.431631 -0.902013 0.00825149 28.6169 0.902021 0.431672 0.00410986 55.8571 -0.00726908 0.00566907 0.999958 1.08787
0.430471 -0.902526 0.0119148 28.9055 0.902579 0.430521 0.00187709 56.4417 -0.0068237 0.00994605 0.999927 1.07129
0.430671 -0.902355 0.0166698 29.17 0.902505 0.430648 -0.0051281 56.983 -0.00255146 0.0172531 0.999848 1.09083
0.431513 -0.901892 0.0196609 29.4239 0.902103 0.431349 -0.0121745 57.517 0.00249934 0.0229896 0.999733 1.09514
0.43391 -0.900773 0.0181699 29.6743 0.900944 0.433709 -0.0140168 58.0558 0.00474555 0.0224521 0.999737 1.1098
0.437788 -0.89898 0.013287 29.9245 0.899076 0.437705 -0.00879624 58.5811 0.00209184 0.0157969 0.999873 1.10301
0.441991 -0.89695 0.011166 30.1824 0.897019 0.441973 -0.00411776 59.0898 -0.00124165 0.0118361 0.999929 1.09804
0.446807 -0.894513 0.0145012 30.44 0.894611 0.446845 -0.000706447 59.57 -0.00584787 0.0132886 0.999895 1.10807
0.453382 -0.891097 0.0197843 30.681 0.891261 0.45349 0.00110024 60.0592 -0.00995239 0.0171341 0.999804 1.11423
0.462347 -0.88639 0.0233971 30.9005 0.886612 0.46251 0.00179495 60.547 -0.0124124 0.0199143 0.999725 1.09909
0.47569 -0.879368 0.0207487 31.162 0.879533 0.475833 0.00228561 61.0034 -0.0118828 0.0171619 0.999782 1.09862
0.491291 -0.870822 0.0173824 31.4011 0.870911 0.491423 0.00410342 61.4461 -0.0121154 0.0131225 0.99984 1.09215
0.513408 -0.857956 0.0179979 31.6776 0.858026 0.513573 0.00582064 61.8016 -0.0142371 0.0124543 0.999821 1.09312
0.538039 -0.842617 0.0225991 31.9088 0.84277 0.538255 0.00438997 62.1524 -0.0158632 0.0166839 0.999735 1.08912
0.564505 -0.825057 0.0248134 32.149 0.825224 0.56478 0.00538649 62.5041 -0.0184583 0.0174359 0.999678 1.08678
0.592011 -0.805503 0.0262089 32.3888 0.805661 0.59234 0.00655675 62.848 -0.0208061 0.0172338 0.999635 1.09875
0.621528 -0.782954 0.0261984 32.6477 0.783083 0.621874 0.00726483 63.1829 -0.0219801 0.0160002 0.99963 1.09949
0.654225 -0.755854 0.0259598 32.9268 0.755955 0.654578 0.00774344 63.5121 -0.0228456 0.0145585 0.999633 1.09506
0.690334 -0.72303 0.0258173 33.2455 0.723105 0.690692 0.0079911 63.8168 -0.0236096 0.0131521 0.999635 1.09465
0.727947 -0.685168 0.0252729 33.5661 0.685221 0.728293 0.00783296 64.0858 -0.023773 0.0116156 0.99965 1.08238
0.764667 -0.643963 0.0244044 33.896 0.644004 0.764988 0.00718579 64.3301 -0.0232965 0.0102218 0.999676 1.07888
0.800698 -0.5986 0.0236855 34.2367 0.598635 0.800997 0.0063989 64.5404 -0.0228024 0.0090554 0.999699 1.07269
0.835836 -0.548479 0.0234522 34.5761 0.548501 0.836128 0.00602496 64.7295 -0.0229136 0.00782768 0.999707 1.0585
0.900115 -0.435073 0.0224623 35.2727 0.435103 0.900373 0.0037929 65.0451 -0.0218746 0.00635937 0.99974 1.02648
0.926588 -0.375424 0.0221517 35.6299 0.375472 0.926831 0.00209867 65.1727 -0.0213188 0.00637275 0.999752 1.01041
0.948514 -0.315858 0.0235382 36.0066 0.315902 0.94879 0.00191412 65.2858 -0.0229374 0.00562021 0.999721 0.99857
0.966388 -0.255796 0.0257294 36.3818 0.255793 0.966725 0.00345917 65.3899 -0.0257581 0.00323849 0.999663 0.982019
0.980376 -0.195244 0.0272621 36.7556 0.195184 0.980755 0.0048542 65.4673 -0.0276852 0.000562192 0.999617 0.975871
0.990418 -0.135266 0.0278338 37.1457 0.135208 0.990809 0.00397161 65.51 -0.0281152 -0.000170193 0.999605 0.965602
0.996636 -0.0771412 0.0276699 37.5354 0.0771391 0.99702 0.00114341 65.5411 -0.0276756 0.000994869 0.999616 0.948532
0.999393 -0.0217243 0.0272303 37.9132 0.021751 0.999763 -0.000684079 65.5571 -0.027209 0.00127595 0.999629 0.948136
0.999136 0.0318725 0.0266794 38.2931 -0.0319105 0.99949 0.00100201 65.5586 -0.0266339 -0.0018525 0.999644 0.957052
0.996223 0.0826878 0.0265078 38.6705 -0.0828289 0.996555 0.00426609 65.5393 -0.0260637 -0.00644559 0.99964 0.952794
0.991548 0.127488 0.0240659 39.0079 -0.127562 0.991829 0.00156372 65.4876 -0.02367 -0.0046204 0.999709 0.882378
0.985283 0.169352 0.0231976 39.4153 -0.169272 0.985555 -0.00537461 65.3759 -0.0237727 0.00136879 0.999716 0.805881
0.97813 0.206502 0.0248893 39.7961 -0.20633 0.978438 -0.00930034 65.3091 -0.0262731 0.00396154 0.999647 0.78104
0.970412 0.239996 0.0265023 40.1422 -0.239826 0.97077 -0.00949628 65.2368 -0.0280067 0.00285938 0.999604 0.817682
0.96232 0.270634 0.0264105 40.4959 -0.270591 0.96268 -0.00527818 65.1443 -0.0268533 -0.00206713 0.999637 0.905572
0.954302 0.29792 0.0234648 40.8868 -0.298015 0.954561 0.000582416 65.0237 -0.022225 -0.00754865 0.999724 0.932304
0.946196 0.322966 0.0201547 41.2683 -0.323086 0.946365 0.00288705 64.9035 -0.0181413 -0.00924341 0.999793 0.920364
0.938097 0.345992 0.0162109 41.6668 -0.346058 0.938212 0.00135252 64.7747 -0.0147413 -0.00687873 0.999868 0.888785
0.930237 0.366792 0.011072 42.0772 -0.366794 0.9303 -0.00185137 64.6316 -0.0109793 -0.00233892 0.999937 0.855695
0.92333 0.383981 0.00457107 42.4815 -0.383974 0.923341 -0.00242603 64.4567 -0.0051522 0.000484862 0.999987 0.875118
0.916274 0.400549 0.00126718 42.875 -0.400549 0.916275 -0.000513917 64.2441 -0.00136693 -3.66787e-05 0.999999 0.930684
0.903181 0.42913 0.0105724 43.7327 -0.429175 0.903218 0.00229218 63.8221 -0.00856553 -0.00660766 0.999941 0.914208
0.897172 0.44145 0.0143103 44.1728 -0.441528 0.897243 0.00267994 63.6032 -0.0116567 -0.00872274 0.999894 0.889204
0.891594 0.452594 0.0147875 44.6241 -0.452645 0.891691 0.000144378 63.3687 -0.0131206 -0.00682223 0.999891 0.86206
0.886623 0.462328 0.0123827 45.0982 -0.462328 0.886704 -0.00300883 63.1167 -0.0123708 -0.00305716 0.999919 0.8638
0.88271 0.469824 0.00936638 45.5648 -0.469777 0.882758 -0.00687408 62.8651 -0.0114979 0.00166771 0.999933 0.858009
0.879625 0.4756 0.00807875 46.0359 -0.475538 0.879654 -0.00846567 62.6071 -0.0111328 0.00360486 0.999932 0.842907
0.877186 0.480075 0.00856304 46.5244 -0.480026 0.877225 -0.00718895 62.3401 -0.010963 0.00219556 0.999937 0.832071
0.874337 0.485208 0.0103848 47.0375 -0.485211 0.874394 -0.0023623 62.0545 -0.0102266 -0.00297337 0.999943 0.816015
0.87201 0.489354 0.0114311 47.5919 -0.489401 0.872058 0.00147491 61.749 -0.00924684 -0.00688053 0.999934 0.796357
0.870239 0.492495 0.0115436 48.1577 -0.492555 0.870276 0.00294585 61.4387 -0.00859535 -0.00824947 0.999929 0.764587
0.867667 0.497032 0.0106838 49.2907 -0.497049 0.867722 -0.00116544 60.8081 -0.00984982 -0.00429916 0.999942 0.733821
0.866775 0.49861 0.00939481 49.8602 -0.498592 0.866826 -0.00433137 60.4643 -0.0103033 -0.000929858 0.999947 0.728495
0.867048 0.498161 0.00797194 50.4446 -0.498117 0.867082 -0.00697538 60.1207 -0.0103872 0.00207703 0.999944 0.712021
0.868566 0.495557 0.00403464 51.0777 -0.49547 0.868523 -0.013338 59.7581 -0.0101139 0.00958588 0.999903 0.703914
0.87076 0.491694 0.00373378 51.7163 -0.491599 0.870702 -0.0144656 59.403 -0.0103636 0.0107605 0.999888 0.697458
0.873124 0.487481 0.0040936 52.3569 -0.487399 0.873085 -0.0128282 59.0454 -0.00982756 0.0092054 0.999909 0.697824
0.875419 0.483339 0.00496847 53.0133 -0.483246 0.875385 -0.0131633 58.6728 -0.0107117 0.00912244 0.999901 0.694718
0.87709 0.480294 0.00562542 53.687 -0.480175 0.877047 -0.0148801 58.2998 -0.0120806 0.01035 0.999873 0.686026
0.878725 0.477275 0.00707226 54.4046 -0.477155 0.878709 -0.0139259 57.9338 -0.0128609 0.00886248 0.999878 0.643296
0.880535 0.473907 0.00844862 55.1094 -0.473782 0.880541 -0.013355 57.5781 -0.0137684 0.00775676 0.999875 0.621025
0.882494 0.470247 0.00848602 55.8117 -0.470114 0.882495 -0.0139876 57.2177 -0.0140665 0.00835457 0.999866 0.608077
0.884353 0.466779 0.00608188 56.5107 -0.466645 0.884305 -0.0157544 56.8305 -0.0127321 0.0110944 0.999857 0.60515
0.885362 0.464873 0.00527874 57.2125 -0.464787 0.885338 -0.0122383 56.4448 -0.0103627 0.00838185 0.999911 0.59604
0.885183 0.4652 0.00630455 57.95 -0.465185 0.885206 -0.00376317 56.0836 -0.00733145 0.000398314 0.999973 0.605293
0.884777 0.465936 0.00860219 58.7223 -0.465971 0.884797 0.00249534 55.724 -0.00644851 -0.00621619 0.99996 0.620507
0.884636 0.466179 0.00975227 59.4708 -0.466236 0.884648 0.00459734 55.3461 -0.00648414 -0.00861384 0.999942 0.623122
0.884768 0.465949 0.00878219 60.1592 -0.465974 0.884798 0.000923987 54.9713 -0.00733993 -0.00490979 0.999961 0.599149
0.88511 0.465256 0.0108618 60.8642 -0.465305 0.885148 0.00235083 54.6044 -0.00852059 -0.0071348 0.999938 0.600495
0.885165 0.465164 0.0102658 62.3456 -0.46521 0.885197 0.00247409 53.8326 -0.0079364 -0.00696572 0.999944 0.58065
0.884816 0.46583 0.0101337 63.0963 -0.465889 0.884832 0.00440612 53.4584 -0.00691414 -0.0086198 0.999939 0.591888
0.883959 0.467429 0.0112619 63.8286 -0.467517 0.883956 0.00705612 53.0803 -0.00665675 -0.0115024 0.999912 0.600073
0.882478 0.470141 0.0141322 64.5605 -0.470287 0.882459 0.00978777 52.7154 -0.00786944 -0.0152837 0.999852 0.619437
0.879646 0.475253 0.0189399 65.2868 -0.475525 0.879591 0.0139828 52.3444 -0.010014 -0.0213063 0.999723 0.63067
0.87674 0.480457 0.0221141 66.0015 -0.480813 0.876693 0.015125 51.9562 -0.0121203 -0.0238934 0.999641 0.6341
0.873533 0.486256 0.0222482 66.7122 -0.486578 0.873552 0.0121915 51.5686 -0.0135068 -0.0214751 0.999678 0.648965
0.869334 0.493799 0.0205091 67.4137 -0.494042 0.869393 0.00883516 51.188 -0.0134677 -0.0178131 0.999751 0.628312
0.864337 0.502535 0.0194925 68.1129 -0.502737 0.864411 0.00705213 50.7966 -0.0133056 -0.015895 0.999785 0.619045
0.858894 0.511741 0.0205213 68.8151 -0.511986 0.858948 0.00890691 50.3941 -0.0130687 -0.0181567 0.99975 0.621555
0.853017 0.521393 0.0226291 69.4991 -0.521712 0.853046 0.0113476 49.979 -0.0133871 -0.0214856 0.99968 0.620777
0.846882 0.531197 0.0249142 70.1719 -0.531584 0.846914 0.0124667 49.5537 -0.0144779 -0.0238018 0.999612 0.63667
0.840756 0.540817 0.025419 70.8352 -0.541182 0.840844 0.0102043 49.1168 -0.0158548 -0.0223357 0.999625 0.63485
0.83477 0.550032 0.0249957 71.4777 -0.550357 0.834889 0.00821459 48.6952 -0.0163504 -0.0206139 0.999654 0.610519
0.828925 0.558799 0.0250253 72.1241 -0.559123 0.829045 0.00807325 48.2696 -0.0162358 -0.0206843 0.999654 0.606426
0.823137 0.567225 0.0264839 72.7747 -0.567638 0.823197 0.011587 47.84 -0.015229 -0.024571 0.999582 0.601327
0.817312 0.575637 0.0253625 73.4063 -0.576029 0.817342 0.0119675 47.4155 -0.0138409 -0.0243907 0.999607 0.598032
0.812154 0.583026 0.0220566 74.0045 -0.583317 0.812184 0.00991603 46.9701 -0.0121327 -0.0209193 0.999708 0.614754
0.806675 0.590637 0.0205652 74.6069 -0.590886 0.806705 0.0089467 46.533 -0.0113058 -0.0193688 0.999748 0.630349
0.801434 0.597768 0.0194 75.2131 -0.597984 0.801471 0.00776224 46.0831 -0.0109085 -0.0178218 0.999782 0.628835
0.796437 0.604371 0.020614 75.8104 -0.604602 0.796494 0.00726077 45.6301 -0.0120308 -0.018246 0.999761 0.605623
0.792566 0.609383 0.0221667 76.3952 -0.609615 0.792681 0.00513845 45.1972 -0.0144399 -0.0175857 0.999741 0.584842
0.790511 0.612073 0.0214204 76.9358 -0.612215 0.790692 7.97645e-05 44.7398 -0.0168881 -0.013177 0.999771 0.585699
0.788738 0.614379 0.0207398 77.4839 -0.614433 0.788956 -0.0044011 44.3138 -0.0190668 -0.00927191 0.999775 0.580224
0.787191 0.61636 0.0207416 78.0345 -0.616368 0.787429 -0.00680144 43.892 -0.0205247 -0.0074304 0.999762 0.56537
0.786049 0.617845 0.0198439 78.59 -0.617833 0.786274 -0.00747512 43.4695 -0.0202212 -0.00638438 0.999775 0.559414
0.786816 0.616937 0.0175893 79.0906 -0.616919 0.786995 -0.00710776 43.0784 -0.0182277 -0.00525869 0.99982 0.546588
0.788333 0.615038 0.0161298 79.5791 -0.615024 0.788482 -0.00637459 42.6797 -0.0166387 -0.00489491 0.99985 0.556398
0.791115 0.611502 0.0142059 80.0783 -0.611456 0.791239 -0.00789904 42.2855 -0.0160706 -0.00243726 0.999868 0.562262
0.796025 0.605142 0.0121318 80.5458 -0.605071 0.796117 -0.00927816 41.9258 -0.015273 4.50173e-05 0.999883 0.583264
0.802318 0.596836 0.00854374 81.0032 -0.596729 0.80235 -0.0122308 41.5992 -0.0141548 0.00471466 0.999889 0.614706
0.809566 0.587021 0.00303401 81.4584 -0.586901 0.809486 -0.0167203 41.2835 -0.0122712 0.0117555 0.999856 0.638596
0.818571 0.574402 -0.00191485 81.9057 -0.574314 0.818377 -0.0205735 40.9867 -0.0102504 0.0179406 0.999786 0.655321
0.830095 0.5576 -0.00498068 82.3352 -0.557575 0.829874 -0.0204726 40.7274 -0.0072822 0.0197713 0.999778 0.66294
0.842875 0.538076 -0.00606942 82.7761 -0.538089 0.842687 -0.0184099 40.4602 -0.00479128 0.0187831 0.999812 0.669536
0.85698 0.515317 -0.00575919 83.2223 -0.515341 0.856849 -0.0152788 40.1943 -0.00293867 0.0160616 0.999867 0.677799
0.872599 0.488425 -0.00359648 83.7152 -0.488432 0.87253 -0.0112135 39.9298 -0.0023389 0.0115415 0.999931 0.693181
0.889188 0.457537 -0.00221305 84.2129 -0.457536 0.889139 -0.00959141 39.6879 -0.00242072 0.00954112 0.999952 0.697512
0.908658 0.41754 -0.000228095 84.6743 -0.417513 0.908592 -0.0119816 39.5388 -0.00479557 0.0109825 0.999928 0.692382
0.926812 0.375513 0.00300513 85.1268 -0.375441 0.926744 -0.0137496 39.3932 -0.00794813 0.011615 0.999901 0.680354
0.943811 0.330402 0.00742551 85.6066 -0.330297 0.943794 -0.0125563 39.293 -0.0111568 0.00939816 0.999894 0.687461
0.959361 0.28198 0.0106558 86.1023 -0.281868 0.959392 -0.0108142 39.2048 -0.0132725 0.00737121 0.999885 0.692228
0.973424 0.228787 0.0100609 86.5987 -0.228671 0.973436 -0.0114622 39.1469 -0.012416 0.00885696 0.999884 0.691821
0.98537 0.170263 0.00750778 87.0947 -0.170151 0.985324 -0.0135929 39.12 -0.00971196 0.0121166 0.999879 0.710413
0.994575 0.103993 0.00245893 87.5809 -0.103936 0.994435 -0.0172403 39.0934 -0.00423812 0.0168912 0.999848 0.737736
0.99941 0.0342531 -0.0025756 88.0569 -0.034297 0.99922 -0.0195691 39.1036 0.00190328 0.0196459 0.999805 0.767158
0.999301 -0.0368591 -0.00628273 88.5234 0.036737 0.999153 -0.018549 39.154 0.0069611 0.0183052 0.999808 0.792956
0.994116 -0.107907 -0.00946042 88.9835 0.10774 0.994039 -0.0166611 39.2448 0.0112019 0.0155438 0.999816 0.804243
0.983842 -0.178655 -0.0117268 89.4336 0.178452 0.98381 -0.0164894 39.372 0.0144828 0.0141303 0.999795 0.795169
0.96879 -0.247611 -0.0116364 89.8865 0.247385 0.96875 -0.0180296 39.5307 0.0157371 0.0145882 0.99977 0.784865
0.949282 -0.314304 -0.00873506 90.3316 0.314109 0.949207 -0.0184772 39.7125 0.0140988 0.0147963 0.999791 0.795127
0.925378 -0.379032 -0.00320555 90.7701 0.378926 0.925266 -0.0172586 39.9229 0.00950754 0.0147561 0.999846 0.795187
0.89736 -0.441285 0.00357615 91.2144 0.441291 0.897263 -0.0134781 40.1603 0.00273894 0.0136728 0.999903 0.78481
0.866311 -0.49943 0.00865565 91.6351 0.499499 0.866253 -0.010315 40.422 -0.00234637 0.0132595 0.999909 0.777104
0.833518 -0.552323 0.0136667 92.0124 0.552426 0.833547 -0.00509439 40.6885 -0.00857807 0.0117961 0.999894 0.761108
0.803942 -0.594539 0.0141555 92.3522 0.594605 0.804018 -0.000567228 40.9288 -0.0110441 0.00887297 0.9999 0.771649
0.776141 -0.63043 0.0127685 92.6899 0.630423 0.776235 0.00504299 41.1693 -0.0130906 0.00413552 0.999906 0.794648
0.751537 -0.659627 0.0091994 93.0246 0.659566 0.751593 0.00900186 41.4189 -0.0128521 -0.000697612 0.999917 0.819186
0.737439 -0.675373 0.00741919 93.3927 0.67532 0.737475 0.0085979 41.776 -0.0112783 -0.00133009 0.999935 0.775321
0.723859 -0.68989 0.00888756 93.7356 0.689859 0.723913 0.00668891 42.0936 -0.0110484 0.00128933 0.999938 0.797854
0.710532 -0.703572 0.0114659 94.079 0.703566 0.710611 0.00524952 42.4251 -0.0118412 0.00433708 0.99992 0.832135
0.701915 -0.712195 0.00967979 94.4635 0.712195 0.70197 0.00396366 42.7561 -0.00961783 0.00411175 0.999945 0.889558
0.695657 -0.718351 0.00569594 94.7873 0.718324 0.695681 0.00626088 43.1431 -0.00846007 -0.000263899 0.999964 0.901478
0.690811 -0.723031 0.00242701 95.1171 0.722978 0.690795 0.01025 43.5312 -0.00908766 -0.00532616 0.999945 0.914671
0.687819 -0.725879 -0.00203076 95.4771 0.725853 0.687764 0.0108744 43.9463 -0.00649683 -0.00895367 0.999939 0.938965
0.686765 -0.726862 -0.00506986 95.8177 0.726875 0.686718 0.0084638 44.3239 -0.00267045 -0.0094978 0.999951 0.96087
0.687729 -0.725947 -0.00547564 96.1924 0.725967 0.687713 0.00464327 44.7151 0.00039491 -0.00716845 0.999974 0.991045
0.690515 -0.723303 -0.0047418 96.5978 0.72331 0.690523 -0.000185337 45.1294 0.00340838 -0.00330182 0.999989 1.00804
0.694101 -0.71986 -0.00496344 96.9947 0.719845 0.694119 -0.00468572 45.5389 0.00681828 -0.000320543 0.999977 1.04024
0.697356 -0.716673 -0.00860353 97.3919 0.716674 0.6974 -0.00355324 45.957 0.00854661 -0.00368805 0.999957 1.05151
0.700887 -0.713178 -0.0116072 97.8031 0.713237 0.700922 0.00146709 46.3906 0.00708946 -0.00930696 0.999932 1.05493
0.705403 -0.708739 -0.00981354 98.2456 0.708804 0.70537 0.00708865 46.8384 0.00189817 -0.0119562 0.999927 1.08405
0.708715 -0.705448 -0.00807554 98.7062 0.705485 0.708598 0.0134177 47.3116 -0.00374322 -0.0152065 0.999877 1.08156
0.711719 -0.702425 -0.00747808 99.1444 0.702395 0.711459 0.0216186 47.7735 -0.0098651 -0.0206389 0.999738 1.04132
0.713618 -0.700522 -0.00426878 99.6207 0.700415 0.713369 0.0228799 48.2023 -0.0129827 -0.0193174 0.999729 1.03163
0.714491 -0.699644 -0.000492247 100.088 0.699508 0.714338 0.0202503 48.6406 -0.0138164 -0.014813 0.999795 1.01882
0.714334 -0.699793 -0.0041178 100.576 0.699787 0.714261 0.0113979 49.1201 -0.00503498 -0.0110235 0.999927 1.04558
0.713913 -0.700198 -0.00712881 101.063 0.700227 0.713915 0.00268253 49.6019 0.00321106 -0.00690687 0.999971 1.04033
0.71208 -0.702016 -0.0107799 101.575 0.702062 0.712116 0.000725072 50.1392 0.0071675 -0.00808444 0.999942 1.04839
0.709605 -0.704516 -0.0108945 102.05 0.704589 0.709596 0.00530512 50.6075 0.00399314 -0.0114407 0.999927 1.04047
0.70803 -0.70613 -0.00864152 102.551 0.706179 0.707937 0.011692 51.1045 -0.00213839 -0.0143807 0.999894 1.05559
0.706169 -0.708007 -0.00723919 103.112 0.708004 0.705983 0.0178398 51.6362 -0.00751998 -0.0177233 0.999815 1.0437
0.704643 -0.709534 -0.00631343 103.632 0.709504 0.704441 0.0191667 52.1717 -0.00915202 -0.0179851 0.999796 1.05167
0.702876 -0.711277 -0.00703225 104.127 0.711272 0.702698 0.0175495 52.7082 -0.00754103 -0.017337 0.999821 1.0674
0.701062 -0.71303 -0.0100014 104.627 0.713098 0.70095 0.012664 53.2509 -0.00201931 -0.0160102 0.99987 1.091
0.698788 -0.715176 -0.0148259 105.185 0.715327 0.698685 0.0121185 53.8365 0.00169176 -0.0190737 0.999817 1.08693
0.696118 -0.717691 -0.018446 105.735 0.717922 0.695983 0.0139632 54.4337 0.00281689 -0.0229628 0.999732 1.07621
0.693637 -0.720178 -0.0145792 106.325 0.720325 0.693495 0.0140184 55.0122 1.48378e-05 -0.0202254 0.999795 1.09545
0.690983 -0.722778 -0.0116075 106.897 0.722866 0.69083 0.0148042 55.5914 -0.00268129 -0.0186201 0.999823 1.10316
0.690202 -0.723576 -0.00773604 107.469 0.723598 0.690067 0.0146345 56.1712 -0.00525079 -0.0156986 0.999863 1.1185
0.689232 -0.724536 -0.00246802 108.041 0.724504 0.68916 0.0123408 56.7767 -0.00724052 -0.0102938 0.999921 1.13676
0.688431 -0.725302 0.000114353 108.596 0.725252 0.688385 0.01164 57.3898 -0.00852121 -0.00793037 0.999932 1.11057
0.68809 -0.725619 0.00295415 109.157 0.72558 0.688087 0.00834657 57.9968 -0.00808915 -0.00359972 0.999961 1.10446
0.688956 -0.724803 0.00093356 109.706 0.72478 0.688944 0.00710425 58.5968 -0.00579235 -0.00421789 0.999974 1.10057
0.690327 -0.723471 -0.00615608 110.266 0.723489 0.690254 0.0106337 59.2111 -0.00344391 -0.0117946 0.999924 1.11418
0.692119 -0.721501 -0.0201857 110.875 0.721776 0.691717 0.023802 59.8474 -0.00321039 -0.0310434 0.999513 1.0972
0.694769 -0.718751 -0.0263331 111.457 0.719218 0.69405 0.0319446 60.4772 -0.00468374 -0.0411333 0.999143 1.08706
0.696597 -0.716935 -0.0274992 112.048 0.717443 0.695781 0.0341357 61.1066 -0.00533968 -0.043508 0.999039 1.09652
0.697546 -0.716168 -0.023082 112.619 0.716529 0.696999 0.0278793 61.7303 -0.00387811 -0.0359861 0.999345 1.13722
0.698754 -0.71512 -0.0186301 113.261 0.715353 0.698373 0.0233609 62.3671 -0.00369511 -0.0296506 0.999553 1.14615
0.699024 -0.714917 -0.0161039 113.881 0.71509 0.698729 0.0206183 62.977 -0.00348808 -0.0259284 0.999658 1.15967
0.699672 -0.714321 -0.0143169 114.484 0.714455 0.699422 0.0190584 63.5948 -0.00360021 -0.0235634 0.999716 1.15705
0.700631 -0.713391 -0.0137684 115.094 0.713494 0.700294 0.022663 64.2133 -0.00652566 -0.0257021 0.999648 1.15201
0.70179 -0.712272 -0.0126131 115.687 0.712291 0.701303 0.0285627 64.8414 -0.0114988 -0.0290293 0.999512 1.14203
0.702317 -0.711775 -0.0112847 116.29 0.711662 0.701653 0.0349339 65.4732 -0.0169471 -0.0325656 0.999326 1.13755
0.703164 -0.710942 -0.0110649 116.877 0.7109 0.702656 0.0299454 66.0719 -0.0135146 -0.0289226 0.99949 1.12648
0.703394 -0.710662 -0.0140118 117.452 0.710791 0.703155 0.0186575 66.653 -0.00340673 -0.0230831 0.999728 1.11135
0.702256 -0.7116 -0.0215107 118.664 0.711876 0.702241 0.00950999 67.8567 0.00833836 -0.0219914 0.999723 1.1554
0.70156 -0.712514 -0.0117422 119.268 0.712596 0.701347 0.0178577 68.4759 -0.00448845 -0.0208957 0.999771 1.13403
0.699979 -0.714159 0.00234803 119.876 0.713789 0.699715 0.0300585 69.106 -0.0231095 -0.0193643 0.999545 1.09155
0.699394 -0.714683 0.00876121 120.447 0.714196 0.699289 0.0303138 69.7096 -0.0277914 -0.0149441 0.999502 1.12416
0.698564 -0.715547 0.000766428 120.976 0.715277 0.698329 0.026763 70.2743 -0.0196854 -0.0181475 0.999642 1.11657
0.698169 -0.71582 -0.0126925 121.561 0.715919 0.697937 0.0185299 70.8709 -0.00440549 -0.0220238 0.999748 1.12869
0.69684 -0.716979 -0.0188417 122.143 0.717212 0.696752 0.0120033 71.4769 0.0045219 -0.0218779 0.99975 1.13133
0.69491 -0.718871 -0.0180339 122.747 0.719074 0.69487 0.00939242 72.0842 0.00577927 -0.0194946 0.999793 1.11471
0.691769 -0.722091 -0.00625407 123.273 0.722113 0.691706 0.00977044 72.6761 -0.00272917 -0.011275 0.999933 1.16458
0.688588 -0.72513 -0.00572019 123.849 0.725145 0.688526 0.0097893 73.2845 -0.00316001 -0.0108888 0.999936 1.17749
0.686224 -0.727295 -0.0118045 124.394 0.727386 0.686074 0.0145619 73.8643 -0.0024921 -0.0185792 0.999824 1.1605
0.684067 -0.729237 -0.0162679 124.949 0.729415 0.683827 0.0182698 74.5122 -0.0021986 -0.0243639 0.999701 1.17745
0.683135 -0.730092 -0.0171008 125.498 0.730277 0.682784 0.0223985 75.0966 -0.00467677 -0.0277895 0.999603 1.14683
0.682112 -0.731065 -0.0163335 126.089 0.7312 0.681641 0.0267063 75.7132 -0.00839049 -0.0301597 0.99951 1.13742
0.680821 -0.732286 -0.0154803 126.664 0.732377 0.680303 0.0284887 76.3111 -0.0103306 -0.0307331 0.999474 1.13567
0.678841 -0.734157 -0.0137493 127.178 0.73426 0.67854 0.0211231 76.8825 -0.0061782 -0.0244348 0.999682 1.17891
0.676007 -0.736787 -0.012625 127.718 0.736894 0.675874 0.0134781 77.473 -0.00139759 -0.0184146 0.999829 1.20852
0.671231 -0.741153 -0.0118936 128.241 0.741248 0.671154 0.0102014 78.0791 0.000421637 -0.0156636 0.999877 1.20224
0.665916 -0.745951 -0.0105924 128.77 0.746025 0.665823 0.0112102 78.6858 -0.00130959 -0.0153673 0.999881 1.18747
0.660964 -0.75038 -0.00747856 129.296 0.750368 0.660775 0.0180143 79.2946 -0.00857593 -0.0175185 0.99981 1.12704
0.657076 -0.753822 0.00179085 129.86 0.753511 0.656869 0.0272899 79.9127 -0.0217481 -0.0165821 0.999626 1.1788
0.654192 -0.756315 0.00451888 130.374 0.755847 0.653976 0.0317945 80.5129 -0.0270019 -0.0173841 0.999484 1.16359
0.650621 -0.759391 0.00427307 130.889 0.75897 0.65043 0.0301021 81.1329 -0.0256386 -0.0163419 0.999538 1.1464
0.645872 -0.763445 0.000211151 131.381 0.763236 0.645702 0.0232534 81.7489 -0.017889 -0.0148576 0.99973 1.13071
0.639823 -0.768513 -0.00383367 131.888 0.768494 0.639749 0.0117638 82.3921 -0.00658808 -0.0104729 0.999923 1.1579
0.634428 -0.772925 -0.009403 132.412 0.77298 0.634351 0.0100665 83.0475 -0.00181587 -0.0136548 0.999905 1.15308
0.628902 -0.777376 -0.0130024 132.916 0.77747 0.628697 0.0167635 83.6926 -0.004857 -0.0206516 0.999775 1.10391
0.622662 -0.782371 -0.0137031 133.423 0.782451 0.622359 0.0209772 84.3365 -0.00788376 -0.0237837 0.999686 1.07527
0.615251 -0.78817 -0.0159106 133.887 0.788307 0.614949 0.0202315 84.978 -0.00616167 -0.0249899 0.999669 1.09623
0.601541 -0.798638 -0.0180768 134.902 0.798839 0.601316 0.0166051 86.2856 -0.00239164 -0.0244291 0.999699 1.11808
0.595133 -0.803399 -0.0191507 135.392 0.803603 0.59476 0.0219849 86.9665 -0.0062726 -0.0284735 0.999575 1.09787
0.588069 -0.80861 -0.0179833 135.865 0.808724 0.587537 0.0276606 87.6465 -0.0118008 -0.0308099 0.999456 1.09361
0.581763 -0.813242 -0.0137655 136.341 0.813161 0.581165 0.031885 88.3046 -0.0179301 -0.0297431 0.999397 1.08415
0.575955 -0.817409 -0.0108554 136.816 0.817182 0.575333 0.0347292 88.9789 -0.0221425 -0.0288733 0.999338 1.08208
0.572042 -0.820151 -0.0109522 137.303 0.819918 0.571412 0.0349519 89.6641 -0.0224077 -0.0289738 0.999329 1.05835
0.569129 -0.822095 -0.0159046 137.765 0.822087 0.568528 0.0307846 90.3831 -0.0162656 -0.0305954 0.999399 1.0705
0.566273 -0.823896 -0.0230372 138.225 0.824172 0.565725 0.0263763 91.07 -0.00869863 -0.0339228 0.999387 1.06602
0.564139 -0.825181 -0.028702 138.677 0.825674 0.563664 0.0233601 91.7366 -0.00309799 -0.0368769 0.999315 1.0748
0.561566 -0.826826 -0.0316688 139.137 0.827427 0.561018 0.024973 92.4126 -0.00288153 -0.0402276 0.999186 1.08405
0.55899 -0.828552 -0.0321323 139.596 0.829127 0.558123 0.0323481 93.1122 -0.00886832 -0.044724 0.99896 1.0792
0.556345 -0.830459 -0.0286012 140.058 0.830703 0.555008 0.0435703 93.809 -0.0203094 -0.0479992 0.998641 1.05351
0.552301 -0.833346 -0.0222997 140.51 0.833221 0.550971 0.0466144 94.4738 -0.0265595 -0.0443258 0.998664 1.03113
0.547945 -0.836374 -0.0152955 140.956 0.836146 0.54707 0.0396892 95.1417 -0.0248273 -0.0345368 0.999095 0.98507
0.542002 -0.840265 -0.0137233 141.407 0.840282 0.541624 0.0238649 95.8615 -0.01262 -0.0244663 0.999621 1.03606
0.536576 -0.8436 -0.0206529 141.848 0.843792 0.536083 0.0251289 96.5997 -0.010127 -0.0309103 0.999471 1.03483
0.530411 -0.847499 -0.0202627 142.285 0.847617 0.529773 0.0297836 97.3113 -0.014507 -0.0329725 0.999351 0.985335
0.523618 -0.851873 -0.0117086 142.738 0.85172 0.523103 0.0305919 98.0229 -0.0199356 -0.0259909 0.999463 1.01218
0.512851 -0.858447 0.00721654 143.609 0.858087 0.512854 0.0258557 99.4354 -0.0258968 -0.00706772 0.99964 0.993656
0.507542 -0.861531 0.0128939 144.023 0.861327 0.507703 0.0187903 100.135 -0.0227348 0.00156902 0.99974 0.990161
0.502352 -0.86455 0.0139732 144.427 0.864561 0.502476 0.00727639 100.824 -0.013312 0.00842535 0.999876 0.984966
0.497353 -0.867507 0.00844696 144.898 0.867537 0.497372 0.000167177 101.545 -0.00434631 0.0072449 0.999964 0.988056
0.491936 -0.870631 -0.000292908 145.301 0.870611 0.491923 0.00697751 102.29 -0.00593075 -0.0036875 0.999976 0.980284
0.487018 -0.873381 -0.00429596 145.726 0.87326 0.486853 0.0197648 103.052 -0.0151707 -0.0133773 0.999795 0.939221
0.481882 -0.876233 0.00252327 146.128 0.8758 0.481731 0.0301666 103.811 -0.0276485 -0.0123269 0.999542 0.952842
0.477655 -0.878516 0.00742754 146.514 0.877933 0.47762 0.0333602 104.571 -0.032855 -0.00941379 0.999416 0.950872
0.476175 -0.87935 0.00111476 146.898 0.879043 0.476042 0.025853 105.306 -0.0232645 -0.0113307 0.999665 0.926039
0.474941 -0.879987 -0.0073646 147.265 0.879946 0.474779 0.0167588 106.025 -0.0112509 -0.0144399 0.999832 0.933891
0.473744 -0.880546 -0.0143613 147.649 0.880648 0.473577 0.013571 106.79 -0.00514873 -0.0190764 0.999805 0.952439
0.472384 -0.8813 -0.0127888 148.059 0.881378 0.472241 0.0127 107.53 -0.00515314 -0.0172711 0.999838 0.97809
0.471936 -0.88158 -0.00967669 148.469 0.881564 0.471734 0.0176602 108.3 -0.0110041 -0.0168651 0.999797 0.971713
0.471237 -0.881984 -0.0063399 148.904 0.881792 0.470952 0.0254462 109.052 -0.0194573 -0.0175817 0.999656 0.941922
0.469593 -0.882882 0.00115236 149.268 0.882592 0.469471 0.0250544 109.8 -0.022661 -0.0107483 0.999685 0.934473
0.468479 -0.883464 0.00431194 149.683 0.883329 0.468485 0.0158897 110.543 -0.0160581 -0.00363513 0.999864 0.917961
0.467188 -0.884123 0.00788696 150.065 0.884144 0.467212 0.0015267 111.273 -0.00503467 0.00625995 0.999968 0.9312
0.466011 -0.88467 0.0139213 150.48 0.884774 0.465895 -0.0108508 112.015 0.00311346 0.0173738 0.999844 0.970928
0.465243 -0.885146 0.00807907 150.855 0.885179 0.465194 -0.00732923 112.74 0.00272911 0.0105613 0.99994 1.00488
0.463182 -0.886238 0.00672022 151.263 0.88623 0.463217 0.00522809 113.556 -0.00774625 0.0035341 0.999964 0.98416
0.460948 -0.887245 0.017964 151.678 0.887333 0.4611 0.00525474 114.376 -0.0129454 0.0135179 0.999825 1.01633
0.460207 -0.88748 0.0242678 152.059 0.887729 0.460364 0.0010384 115.157 -0.0120936 0.0210654 0.999705 1.01126
0.460532 -0.887507 0.0155529 152.439 0.887613 0.46059 0.000216273 115.915 -0.00735544 0.0137053 0.999879 0.964583
0.461215 -0.887243 0.00890927 152.762 0.887276 0.461238 0.000501954 116.591 -0.00455465 0.00767348 0.99996 1.00197
0.461165 -0.887302 0.00478066 153.168 0.887301 0.461181 0.00295722 117.345 -0.00482869 0.00287812 0.999984 0.999182
0.46038 -0.88772 0.00168839 153.539 0.887689 0.460379 0.00775844 118.086 -0.00766462 -0.00207307 0.999968 1.00495
0.458887 -0.888492 0.00212487 154.299 0.888405 0.458873 0.0131452 119.595 -0.0126544 -0.00414441 0.999911 1.01225
0.457812 -0.889043 0.00327721 154.655 0.888982 0.457819 0.0106417 120.327 -0.0109613 -0.00195852 0.999938 1.02178
0.457369 -0.889277 -0.000677673 155.012 0.889267 0.45736 0.00512899 121.059 -0.00425115 -0.00294847 0.999987 1.02909
0.456681 -0.889588 -0.00874847 155.368 0.889626 0.456626 0.0076445 121.799 -0.00280567 -0.011274 0.999933 1.01574
0.455631 -0.890119 -0.00942255 155.787 0.890113 0.455459 0.0159866 122.562 -0.00993842 -0.0156711 0.999828 0.967498
0.453948 -0.891026 -0.00186816 156.12 0.890802 0.453785 0.0234753 123.223 -0.0200693 -0.0123207 0.999723 0.977624
0.452217 -0.891879 0.00718793 156.466 0.891576 0.452254 0.0236578 123.907 -0.0243506 -0.00428985 0.999694 1.02483
0.451141 -0.89237 0.0121602 156.801 0.892228 0.451291 0.0162817 124.595 -0.0200171 0.00350428 0.999794 1.05364
0.45256 -0.891718 0.00538958 157.154 0.891665 0.452592 0.00967441 125.288 -0.0110661 0.000427446 0.999939 0.993576
0.453441 -0.891286 -0.000958832 157.431 0.891265 0.453423 0.007351 125.912 -0.00611709 -0.00418782 0.999973 1.00144
0.454123 -0.890912 -0.00689588 157.751 0.890935 0.454085 0.00647087 126.52 -0.00263366 -0.00908235 0.999955 0.978845
0.456078 -0.889885 -0.00982045 158.061 0.889939 0.456056 0.00452558 127.131 0.000451433 -0.0108036 0.999942 0.976069
0.459811 -0.887923 -0.0129114 158.355 0.888015 0.459794 0.00443841 127.743 0.0019956 -0.0135063 0.999907 0.981069
0.464623 -0.885404 -0.013618 158.657 0.885509 0.464554 0.00801424 128.341 -0.000769562 -0.0157824 0.999875 0.973536
0.470551 -0.882313 -0.0102296 158.966 0.88231 0.470348 0.0173672 128.888 -0.0105118 -0.0171978 0.999797 0.967915
0.475859 -0.879478 -0.00877003 159.285 0.879357 0.475553 0.0241034 129.463 -0.0170278 -0.0191818 0.999671 0.98892
0.481269 -0.876502 -0.0111374 159.577 0.87643 0.480922 0.0241548 130.029 -0.0158155 -0.0213861 0.999646 0.982807
0.486957 -0.873315 -0.0138938 159.885 0.87338 0.486707 0.017963 130.602 -0.00892516 -0.0208818 0.999742 0.991103
0.493557 -0.869528 -0.0179693 160.204 0.869714 0.49345 0.0102796 131.184 -7.14986e-05 -0.0207017 0.999786 0.989222
0.500424 -0.865461 -0.0235459 160.527 0.865753 0.50044 0.00563096 131.769 0.00690991 -0.0232028 0.999707 0.983613
0.507054 -0.861633 -0.0220142 160.878 0.861895 0.507048 0.00626518 132.372 0.00576396 -0.0221507 0.999738 1.0348
0.512076 -0.858774 -0.0168653 161.209 0.858938 0.512021 0.00776665 132.955 0.00196561 -0.0184634 0.999828 1.06816
0.518055 -0.855309 -0.00808126 161.592 0.855339 0.517985 0.00931926 133.514 -0.00378487 -0.0117401 0.999924 1.07811
0.523459 -0.852049 -0.00186166 161.963 0.852019 0.523419 0.00985191 134.065 -0.00741988 -0.00674324 0.99995 1.07495
0.525611 -0.850724 -0.00116834 162.271 0.85069 0.525576 0.0097947 134.571 -0.00771854 -0.00614209 0.999951 1.08544
0.526388 -0.850243 -0.00181046 162.595 0.850207 0.526343 0.0105309 135.106 -0.00800088 -0.0070826 0.999943 1.07583
0.525831 -0.850589 -0.00104204 162.942 0.85052 0.525772 0.0133686 135.674 -0.0108233 -0.00791589 0.99991 1.0901
0.525574 -0.850747 0.00114187 163.289 0.850636 0.525526 0.0155272 136.264 -0.0138098 -0.00718939 0.999879 1.09742
0.525819 -0.850596 0.000135096 163.65 0.850446 0.525729 0.0186994 136.856 -0.0159767 -0.00971762 0.999825 1.08585
0.525904 -0.850515 -0.00697217 164.001 0.850434 0.525688 0.0203547 137.428 -0.0136468 -0.016634 0.999768 1.07143
0.525114 -0.850897 -0.015147 164.338 0.851016 0.524913 0.0154175 137.976 -0.00516783 -0.0209863 0.999766 1.04774
0.523358 -0.851914 -0.0184017 164.663 0.852101 0.523341 0.00615218 138.51 0.00438922 -0.0188999 0.999812 1.05831
0.520041 -0.853998 -0.0156548 164.996 0.854082 0.520134 -0.00226698 139.048 0.0100786 -0.0121916 0.999875 1.11387
0.516539 -0.856137 -0.0147291 165.321 0.856253 0.516543 0.00379274 139.648 0.00436113 -0.014571 0.999884 1.12872
0.512973 -0.858301 -0.0133521 165.64 0.858392 0.512818 0.0134313 140.257 -0.00468086 -0.0183513 0.999821 1.12657
0.509688 -0.860352 -0.00361958 166.024 0.860135 0.509454 0.0249806 140.879 -0.0196481 -0.0158456 0.999681 1.14341
0.506321 -0.862327 0.00559938 166.402 0.861783 0.506215 0.0328192 141.493 -0.0311354 -0.0117916 0.999446 1.13237
0.503983 -0.863679 0.00770529 166.759 0.863118 0.503947 0.0326246 142.115 -0.0320602 -0.00979166 0.999438 1.10671
0.502263 -0.864708 0.00334897 167.095 0.864334 0.502153 0.0277541 142.732 -0.0256809 -0.0110452 0.999609 1.09267
0.499232 -0.866466 -0.00215212 167.425 0.866331 0.499107 0.0190255 143.317 -0.0154108 -0.0113626 0.999817 1.07419
