0.501843 -0.864365 0.0320327 -1.7933 0.864946 0.501693 -0.0131513 0.735724 -0.00470301 0.0343065 0.9994 0
0.499256 -0.866051 0.0264468 -0.904264 0.866454 0.499068 -0.0137526 2.25399 -0.00128827 0.0297811 0.999556 0
0.496657 -0.867515 0.0273789 -0.001756 0.86794 0.496532 -0.0116635 3.8022 -0.00347626 0.029556 0.999557 0
0.493984 -0.869033 0.0276063 0.909158 0.869462 0.493872 -0.0112139 5.37425 -0.00388873 0.0295421 0.999556 0
0.491756 -0.870248 0.0290637 1.82844 0.870729 0.491575 -0.0135646 6.96605 -0.0024824 0.0319771 0.999485 0
0.491386 -0.870418 0.0302024 2.75337 0.870907 0.491379 -0.00817028 8.58237 -0.00772927 0.0303183 0.99951 0
0.493097 -0.869332 0.0334102 3.69123 0.869878 0.493251 -0.00403843 10.2167 -0.0129689 0.0310541 0.999434 0
0.495133 -0.868278 0.0305955 4.64407 0.868772 0.49516 -0.00723107 11.8688 -0.0088711 0.0301609 0.999506 0
0.497256 -0.867123 0.0288726 5.61187 0.867599 0.497091 -0.0131498 13.5376 -0.00294983 0.0315886 0.999497 0
0.497195 -0.866875 0.036392 6.59735 0.86758 0.497211 -0.00922969 15.224 -0.0100936 0.036162 0.999295 0
0.495034 -0.86763 0.0464765 7.59473 0.868815 0.494911 -0.0149367 16.92 -0.0100422 0.0477737 0.998808 0
0.491715 -0.869643 0.0440219 8.58988 0.870749 0.491289 -0.0207761 18.6348 -0.00355965 0.0485479 0.998815 0
0.488915 -0.87125 0.0434177 9.58721 0.872316 0.488599 -0.018343 20.3737 -0.00523247 0.0468421 0.998889 0
0.486285 -0.872732 0.0432054 10.5845 0.873757 0.486159 -0.0140902 22.1246 -0.00870769 0.0446029 0.998967 0
0.484552 -0.873685 0.0433935 11.5789 0.87465 0.484689 -0.00801562 23.876 -0.0140292 0.0418381 0.999026 0
0.483641 -0.874293 0.0412665 12.5663 0.875147 0.483817 -0.00629663 25.6232 -0.0144603 0.0391596 0.999128 0
0.483598 -0.874501 0.0371684 13.5485 0.875222 0.483654 -0.00805833 27.3622 -0.0109297 0.0364276 0.999277 0
0.481412 -0.875578 0.0400668 14.5315 0.876402 0.481522 -0.00749355 29.0915 -0.0127319 0.0387221 0.999169 0
0.480058 -0.876535 0.0350844 15.4974 0.877192 0.480052 -0.00913071 30.8125 -0.00883896 0.0351591 0.999343 0
0.479258 -0.877046 0.0331938 16.4563 0.877652 0.479171 -0.0110346 32.5216 -0.00622771 0.034421 0.999388 0
0.478918 -0.877008 0.0386651 17.4119 0.877783 0.478993 -0.0079152 34.219 -0.0115786 0.0377303 0.999221 0
0.478554 -0.87699 0.0432956 18.3601 0.877998 0.478516 -0.0119097 35.9016 -0.0102729 0.0437129 0.998991 0
0.476696 -0.877778 0.047607 19.3018 0.878988 0.476683 -0.0123683 37.5733 -0.0118368 0.0477419 0.99879 0
0.474614 -0.878508 0.0544631 20.236 0.879964 0.474997 -0.00651434 39.2377 -0.0201469 0.0510173 0.998495 0
0.472588 -0.879905 0.0492753 21.1503 0.881153 0.472739 -0.00928008 40.8846 -0.0151288 0.0478047 0.998742 0
0.470525 -0.881454 0.040551 22.0413 0.882365 0.470342 -0.0145471 42.502 -0.00625019 0.0426255 0.999072 0
0.468476 -0.88271 0.0367854 22.9044 0.883419 0.468514 -0.00811141 44.0815 -0.0100744 0.0362969 0.99929 0
0.466482 -0.883854 0.0345951 23.7398 0.884467 0.466562 -0.00622958 45.6115 -0.0106347 0.0335042 0.999382 0
0.46401 -0.885191 0.0336367 24.5472 0.885747 0.464151 -0.00398896 47.0951 -0.0120815 0.0316445 0.999426 0
0.461397 -0.886539 0.0340667 25.3262 0.887079 0.461615 -0.00163354 48.5342 -0.0142775 0.0309736 0.999418 0
0.458841 -0.887858 0.0342394 26.0735 0.888273 0.459279 0.00578371 49.9285 -0.0208605 0.0277601 0.999397 0
0.455888 -0.889715 0.0239175 27.1249 0.889992 0.455972 -0.00215573 51.9066 -0.00898773 0.0222691 0.999712 0
0.453613 -0.890959 0.0206788 28.0891 0.891157 0.453694 -0.000828549 53.7325 -0.00864367 0.0188039 0.999786 0
0.452071 -0.891584 0.0266231 28.9782 0.891981 0.451846 -0.0142832 55.3933 0.000705087 0.0302044 0.999543 0
0.459711 -0.887769 0.0230443 29.7921 0.888068 0.459519 -0.0133522 56.9243 0.00126436 0.0266031 0.999645 0
0.476028 -0.878788 0.0336002 30.5809 0.879395 0.476004 -0.00921375 58.326 -0.00789688 0.0339338 0.999393 0
0.515541 -0.85658 0.022098 31.3359 0.856828 0.515587 -0.00397905 59.6199 -0.00798505 0.0209855 0.999748 0
0.608348 -0.793215 0.026868 32.4043 0.793529 0.60853 -0.00173432 61.1358 -0.0149743 0.0223756 0.999637 0
0.738369 -0.674029 0.0222918 33.6075 0.674174 0.738571 0.00129225 62.4285 -0.0173351 0.0140744 0.999751 0
0.877009 -0.48019 0.0165153 34.9692 0.480259 0.877127 -0.000255248 63.3909 -0.0143635 0.00815549 0.999864 0
0.982959 -0.182622 0.0210127 36.8402 0.182624 0.983181 0.00184179 64.0401 -0.0209957 0.00202703 0.999777 0
0.990401 0.137026 0.0181777 39.1503 -0.1369 0.990552 -0.00800902 64.0538 -0.0191034 0.00544361 0.999803 0
0.952812 0.303222 0.0143233 41.0713 -0.30325 0.952911 -0.000160881 63.6065 -0.0136976 -0.00419027 0.999897 0
0.922624 0.385604 -0.00862044 42.6757 -0.385667 0.922607 -0.00751015 63.004 0.00505734 0.0102537 0.999935 0
0.898113 0.439764 0.000888072 44.418 -0.439727 0.898061 -0.0112663 62.2324 -0.00575206 0.00972791 0.999936 0
0.885595 0.464435 -0.00470124 45.8335 -0.464438 0.885411 -0.0185637 61.526 -0.00445909 0.0186233 0.999817 0
0.877601 0.479298 -0.00950313 47.3757 -0.479387 0.877335 -0.0216881 60.723 -0.00205764 0.0235892 0.99972 0
0.872913 0.487722 -0.0122625 49.0492 -0.48787 0.872504 -0.0268367 59.8224 -0.00238974 0.0294086 0.999565 0
0.872697 0.487944 -0.0176358 50.8499 -0.488255 0.871905 -0.0372688 58.8337 -0.00280837 0.0411351 0.99915 0
0.876261 0.481418 -0.0200931 52.1262 -0.481831 0.875278 -0.0415617 58.1397 -0.00242147 0.0461003 0.998934 0
0.880609 0.473436 -0.0196331 53.4659 -0.473825 0.879456 -0.0452421 57.4247 -0.00415273 0.0491432 0.998783 0
0.88481 0.465699 -0.0153651 54.865 -0.465894 0.883695 -0.0450159 56.6972 -0.00738577 0.0469891 0.998868 0
0.88891 0.45786 -0.0142636 56.3056 -0.458036 0.887946 -0.0418906 55.9636 -0.0065147 0.0437702 0.99902 0
0.890699 0.454232 -0.0181028 57.773 -0.45459 0.890136 -0.0317173 55.2336 0.00170696 0.0364799 0.999333 0
0.891013 0.453719 -0.0153478 59.2488 -0.453976 0.890606 -0.0269501 54.5003 0.00144106 0.0309804 0.999519 0
0.89141 0.453045 -0.0118121 60.7225 -0.453197 0.891022 -0.0263335 53.765 -0.00140537 0.0288271 0.999583 0
0.89196 0.452019 -0.00921826 62.1924 -0.452108 0.891668 -0.0229235 53.0323 -0.00214224 0.0246145 0.999695 0
0.89133 0.453296 -0.00727413 63.6585 -0.453353 0.89117 -0.0169629 52.3035 -0.00120673 0.0184173 0.99983 0
0.888129 0.459589 -0.00219068 65.1181 -0.459577 0.888045 -0.0128136 51.5725 -0.00394358 0.0123869 0.999915 0
0.882776 0.469782 0.00332974 66.5655 -0.469728 0.88275 -0.0104056 50.8311 -0.00782767 0.00762172 0.99994 0
0.874774 0.48452 0.00328284 67.9912 -0.484482 0.874761 -0.00835803 50.0741 -0.00692133 0.00572091 0.99996 0
0.86476 0.502166 0.00442204 69.3903 -0.502122 0.864757 -0.00824843 49.2966 -0.00796607 0.00491251 0.999956 0
0.853268 0.521443 0.00555625 70.7603 -0.521392 0.853275 -0.00852164 48.4981 -0.00918456 0.00437426 0.999948 0
0.841526 0.540192 0.0051249 72.0978 -0.540156 0.841536 -0.00699262 47.68 -0.00809015 0.00311622 0.999962 0
0.830032 0.557705 0.00346988 73.3993 -0.557684 0.830035 -0.00553902 46.8461 -0.00596926 0.00266247 0.999979 0
0.818694 0.574226 0.00214318 74.6599 -0.574211 0.818692 -0.00505237 46.0037 -0.00465581 0.00290571 0.999985 0
0.80778 0.589483 0.000980607 75.8786 -0.589465 0.807767 -0.00653821 45.1566 -0.00464626 0.0047034 0.999978 0
0.800409 0.599454 0.000218811 77.0553 -0.599409 0.800352 -0.012065 44.3093 -0.00740752 0.00952574 0.999927 0
0.796384 0.604791 -0.000582544 78.1897 -0.604717 0.79627 -0.0164653 43.4788 -0.00949418 0.0134649 0.999864 0
0.795734 0.605632 -0.00419572 79.8014 -0.605604 0.795578 -0.0172891 42.2951 -0.00713278 0.0162984 0.999842 0
0.806549 0.59112 -0.00745313 81.2914 -0.591154 0.806387 -0.0166238 41.2238 -0.00381656 0.0178139 0.999834 0
0.832133 0.554486 -0.0100189 82.661 -0.554576 0.831997 -0.015029 40.3071 2.34568e-06 0.0180623 0.999837 0
0.872396 0.488565 -0.0151345 83.9931 -0.488735 0.872364 -0.0108697 39.528 0.00789228 0.0168794 0.999826 0
0.923358 0.383858 -0.00796614 85.3462 -0.383937 0.923242 -0.0147294 38.8967 0.00170067 0.016659 0.99986 0
0.982787 0.184715 0.00325155 87.1859 -0.184636 0.982664 -0.0167344 38.3743 -0.00628627 0.015846 0.999855 0
0.99688 -0.0784513 -0.00874921 88.999 0.0782179 0.996637 -0.0244203 38.2873 0.0106356 0.0236597 0.999663 0
0.938272 -0.345896 0.00143439 90.7257 0.345794 0.937877 -0.0285147 38.6806 0.00851785 0.0272506 0.999592 0
0.824177 -0.565785 0.0248818 92.3052 0.566217 0.824099 -0.0161063 39.5273 -0.0113923 0.027363 0.999561 0
0.745223 -0.666491 0.0207938 93.384 0.666682 0.745336 -0.00320011 40.4168 -0.0133655 0.0162476 0.999779 0
0.688662 -0.724695 0.023691 94.7675 0.724946 0.688799 -0.00310535 41.8071 -0.0140679 0.0193132 0.999714 0
0.675627 -0.737197 0.00828485 95.8135 0.737176 0.675675 0.00594349 42.9729 -0.00997939 0.0020918 0.999948 0
0.68051 -0.732733 0.00280417 96.941 0.732737 0.680497 -0.00451407 44.2042 0.00139938 0.00512658 0.999986 0
0.691016 -0.722838 -0.00143146 98.1543 0.722834 0.691002 0.00521204 45.5127 -0.00277832 -0.00463631 0.999985 0
0.699845 -0.714187 0.0124204 99.4765 0.714087 0.699955 0.0119456 46.8683 -0.0172251 0.000509127 0.999852 0
0.701841 -0.712257 0.0104827 100.88 0.712312 0.701858 -0.00253544 48.2779 -0.00555151 0.00924645 0.999942 0
0.699387 -0.714731 0.00419039 101.853 0.714742 0.699367 -0.00535445 49.264 0.000896364 0.00673989 0.999977 0
0.696344 -0.717575 0.0138384 102.862 0.717614 0.696435 0.00279181 50.2895 -0.0116409 0.00798657 0.9999 0
0.693574 -0.720314 0.0101301 103.891 0.720269 0.693646 0.00819758 51.3561 -0.0129316 0.00161078 0.999915 0
0.689128 -0.724636 0.00215661 104.945 0.724632 0.689131 0.00267351 52.4565 -0.00342351 -0.000279643 0.999994 0
0.683798 -0.72965 0.00553642 106.028 0.729663 0.683807 -0.000462838 53.5937 -0.00344813 0.00435621 0.999985 0
0.680105 -0.73302 0.0117537 107.132 0.733069 0.680154 0.000217493 54.7683 -0.00815373 0.00846832 0.999931 0
0.678321 -0.73454 0.0182177 108.255 0.734679 0.678414 -0.00145409 55.9693 -0.011291 0.0143705 0.999833 0
0.678208 -0.734788 0.010994 109.386 0.734818 0.678262 0.0017503 57.1966 -0.0087429 0.00689151 0.999938 0
0.679331 -0.733831 -0.00124355 110.529 0.733812 0.679299 0.00853159 58.4429 -0.005416 -0.00670831 0.999963 0
0.683613 -0.729824 -0.00553484 111.688 0.729801 0.683468 0.0161582 59.7028 -0.00800974 -0.0150853 0.999854 0
0.687299 -0.726358 -0.00488465 112.866 0.726358 0.687223 0.0113779 60.955 -0.00490757 -0.011368 0.999923 0
0.689181 -0.724585 0.00252107 114.058 0.724576 0.689185 0.00360601 62.1964 -0.00435035 -0.000658491 0.99999 0
0.690708 -0.72313 0.0024044 115.244 0.723087 0.690698 0.0090853 63.4438 -0.00823056 -0.0045367 0.999956 0
0.692266 -0.721639 0.00215892 116.425 0.721498 0.692184 0.0179617 64.689 -0.0144563 -0.0108766 0.999836 0
0.69335 -0.720579 -0.00562307 117.603 0.720558 0.693373 -0.0055501 65.9112 0.00789817 -0.00020358 0.999969 0
0.692646 -0.721266 0.0041387 118.784 0.721275 0.692648 -0.000980082 67.1351 -0.00215976 0.00366399 0.999991 0
0.690311 -0.723175 0.0221308 119.956 0.722938 0.690659 0.0187539 68.3609 -0.0288471 0.00305319 0.999579 0
0.688797 -0.724948 0.00289625 121.1 0.724924 0.688799 0.00634907 69.5779 -0.00659768 -0.00227366 0.999976 0
0.686316 -0.727295 0.0035043 122.244 0.727299 0.686321 0.000208673 70.7881 -0.00255684 0.00240545 0.999994 0
0.680699 -0.732555 0.00346304 123.374 0.732562 0.6807 -0.00119021 71.9977 -0.0014854 0.00334707 0.999993 0
0.675315 -0.737522 -0.00327721 124.48 0.737529 0.675307 0.00336121 73.2145 -0.000265842 -0.00468692 0.999989 0
0.672615 -0.739978 -0.0047298 125.571 0.739982 0.672557 0.00964836 74.4343 -0.00395851 -0.0099896 0.999942 0
0.670808 -0.74163 -0.00141035 126.658 0.741609 0.670772 0.00897652 75.6461 -0.00571123 -0.00706745 0.999959 0
0.664338 -0.747432 0.000691605 127.735 0.747432 0.664337 -0.00172328 76.8484 0.000828576 0.00166177 0.999998 0
0.653998 -0.75646 0.00739469 128.794 0.756471 0.654025 0.00174108 78.0627 -0.00615337 0.00445521 0.999971 0
0.646001 -0.763156 0.0165941 129.835 0.763035 0.646204 0.0140654 79.2942 -0.0214572 0.0035756 0.999763 0
0.638591 -0.769501 0.00837123 130.857 0.769409 0.638645 0.0119098 80.5333 -0.0145108 -0.00116456 0.999894 0
0.627562 -0.778547 0.00547725 131.876 0.778561 0.627568 -0.000682042 81.7843 -0.00290635 0.0046924 0.999985 0
0.615073 -0.78847 0.00100972 132.879 0.78844 0.61506 0.00792929 83.0706 -0.00687305 -0.00408098 0.999968 0
0.600156 -0.799848 -0.00746615 133.868 0.799882 0.600143 0.00419685 84.377 0.00112391 -0.00849081 0.999963 0
0.586711 -0.80977 -0.00649701 134.843 0.809795 0.586673 0.00684565 85.7104 -0.00173178 -0.00927767 0.999955 0
0.572678 -0.819768 -0.00452445 135.795 0.819689 0.572522 0.0181135 87.0684 -0.0122585 -0.0140818 0.999826 0
0.561506 -0.827467 -0.00303603 136.731 0.827325 0.561333 0.0209344 88.4383 -0.0156183 -0.0142666 0.999776 0
0.553824 -0.83253 -0.0131088 137.645 0.832604 0.553603 0.0171315 89.8181 -0.0070054 -0.0204022 0.999767 0
0.547969 -0.836264 -0.019793 138.545 0.836495 0.547748 0.0157324 91.2063 -0.00231484 -0.0251776 0.99968 0
0.543543 -0.839246 -0.0151024 139.438 0.83918 0.542929 0.0316985 92.6049 -0.0184033 -0.0299031 0.999383 0
0.536474 -0.843854 -0.010322 140.323 0.843749 0.536083 0.0265264 93.9946 -0.016851 -0.0229398 0.999595 0
0.525958 -0.850465 -0.00878149 141.198 0.850495 0.525856 0.0115965 95.3862 -0.00524465 -0.0135679 0.999894 0
0.513311 -0.8582 -0.00200121 142.055 0.858098 0.51321 0.016834 96.8048 -0.0134199 -0.0103583 0.999856 0
0.502055 -0.864741 0.0127684 142.904 0.864614 0.502206 0.015243 98.2435 -0.0195937 0.00338689 0.999802 0
0.490557 -0.871269 0.0156223 143.734 0.871349 0.490654 0.00295277 99.6953 -0.0102378 0.012164 0.999874 0
0.477887 -0.87804 0.0258742 144.558 0.878421 0.477717 -0.0127909 101.158 -0.00112963 0.028841 0.999583 0
0.466618 -0.884126 0.0242887 145.349 0.884209 0.466963 0.0109628 102.657 -0.0210344 0.0163608 0.999645 0
0.459126 -0.888117 0.0212342 146.125 0.888161 0.459407 0.0107796 104.163 -0.0193287 0.0139101 0.999716 0
0.454941 -0.890517 0.00278964 146.887 0.890518 0.454946 0.00145152 105.676 -0.00256174 0.00182387 0.999995 0
0.451936 -0.891978 0.0114028 147.667 0.892013 0.451997 0.00333189 107.196 -0.008126 0.00866566 0.999929 0
0.451356 -0.892216 0.0151169 148.436 0.892157 0.451544 0.0128045 108.729 -0.0182503 0.00770725 0.999804 0
0.448783 -0.893516 0.0149403 149.208 0.893627 0.448806 -0.00195769 110.253 -0.00495608 0.0142297 0.999886 0
0.44559 -0.894902 0.0245148 149.986 0.895221 0.445249 -0.0182473 111.774 0.00541435 0.030077 0.999533 0
0.443236 -0.896047 0.0253207 150.745 0.896368 0.443298 -0.00340653 113.306 -0.0081722 0.0242065 0.999674 0
0.441396 -0.896986 0.0241832 151.498 0.897306 0.441336 -0.0080719 114.824 -0.00343252 0.0252626 0.999675 0
0.440975 -0.897385 0.0155522 152.239 0.897519 0.440884 -0.00902177 116.335 0.00123929 0.0179367 0.999838 0
0.440246 -0.897797 0.0120115 152.979 0.897872 0.440249 -0.00251696 117.834 -0.00302834 0.0118929 0.999925 0
0.440481 -0.897729 0.00768482 153.709 0.897761 0.440479 -0.00215852 119.315 -0.00144723 0.00784992 0.999968 0
0.439148 -0.898413 0.00198506 154.429 0.898375 0.439106 -0.0103826 120.769 0.00845618 0.00634281 0.999944 0
0.438286 -0.898834 -0.00191104 155.138 0.898679 0.438248 -0.0177662 122.194 0.0168063 0.00606925 0.99984 0
0.440191 -0.897874 -0.00735654 155.838 0.897303 0.440181 -0.0329752 123.585 0.0328458 0.00791433 0.999429 0
0.445876 -0.895013 -0.0120609 156.873 0.89391 0.445938 -0.0454359 125.601 0.0460442 0.00947747 0.998894 0
0.45507 -0.89035 -0.013716 157.888 0.889172 0.455186 -0.0466788 127.531 0.0478038 0.00904623 0.998816 0
0.467835 -0.883724 -0.0127791 158.887 0.882981 0.467972 -0.0366905 129.378 0.0384045 0.00588138 0.999245 0
0.484368 -0.874812 -0.00957137 159.872 0.874661 0.484462 -0.0162906 131.158 0.0188882 -0.000481043 0.999821 0
0.504046 -0.863675 -0.00142191 160.871 0.863626 0.504034 -0.00993749 132.879 0.00929945 0.00378096 0.99995 0
0.515463 -0.856853 0.0100102 161.887 0.856911 0.51544 -0.00494804 134.547 -0.000919892 0.0111283 0.999938 0
0.515161 -0.857006 0.0122704 162.914 0.857029 0.515245 0.0048847 136.217 -0.0105085 0.00799966 0.999913 0
0.513616 -0.857988 -0.00747518 163.93 0.858014 0.513626 0.000727767 137.912 0.00321503 -0.00678761 0.999972 0
0.505121 -0.863027 -0.00602854 164.967 0.863043 0.505131 -3.80352e-05 139.629 0.00307803 -0.00518368 0.999982 0
0.494734 -0.868892 0.0162959 166.004 0.868616 0.494992 0.0221132 141.395 -0.0272803 0.00321472 0.999623 0
0.490773 -0.871249 0.0081659 166.68 0.871111 0.490841 0.015516 142.592 -0.0175264 -0.000501414 0.999846 0
0.485789 -0.873763 0.0234101 167.718 0.873985 0.48595 0.00141391 144.415 -0.0126116 0.0197732 0.999725 0
0.483121 -0.874925 0.0331835 168.406 0.875384 0.483426 0.00134334 145.645 -0.0172171 0.0283993 0.999448 0
0.480107 -0.876078 0.0445499 169.426 0.877155 0.480024 -0.0132403 147.485 -0.00978549 0.045434 0.998919 0
0.477973 -0.876916 0.0506018 170.095 0.87821 0.478205 -0.00821003 148.713 -0.0169985 0.0483631 0.998685 0
0.476907 -0.877524 0.0501153 171.078 0.878932 0.476521 -0.0201633 150.534 -0.00618718 0.053664 0.99854 0
0.476914 -0.877849 0.0439909 172.028 0.878947 0.476182 -0.0265066 152.315 0.00232114 0.051307 0.99868 0
0.475383 -0.87806 0.0549715 172.933 0.879647 0.475465 -0.0124224 154.006 -0.0152294 0.0542609 0.998411 0
0.465952 -0.882357 0.0658359 173.757 0.884613 0.466128 -0.0136003 155.561 -0.0186877 0.0645764 0.997738 0
0.433791 -0.898387 0.0687443 174.471 0.900981 0.433162 -0.0245854 156.986 -0.00769022 0.0726022 0.997331 0
0.342445 -0.936398 0.0767508 175.249 0.939509 0.341932 -0.0201365 158.813 -0.00738779 0.0790037 0.996847 0
0.188673 -0.979966 0.0637943 175.746 0.981978 0.187535 -0.0234371 160.602 0.0110039 0.0670666 0.997688 0
-0.075321 -0.997097 0.0111389 175.836 0.997004 -0.0755017 -0.0168121 162.731 0.0176043 0.00983927 0.999797 0
-0.299075 -0.95407 -0.0174615 175.502 0.954097 -0.299288 0.0112112 164.305 -0.0159223 -0.013307 0.999785 0
-0.504299 -0.863259 -0.0215862 174.853 0.86305 -0.504694 0.02069 165.723 -0.0287553 -0.00819599 0.999553 0
-0.685053 -0.728486 -0.00332855 173.875 0.728361 -0.685008 0.0159422 167.02 -0.0138937 0.00849683 0.999867 0
-0.804289 -0.594227 -0.00371728 172.488 0.594096 -0.804217 0.0169046 168.219 -0.0130347 0.0113878 0.99985 0
-0.853513 -0.52107 -0.001349 171.226 0.521024 -0.853466 0.0114018 169.045 -0.00709249 0.00902875 0.999934 0
-0.880254 -0.474493 -0.00300938 169.807 0.474486 -0.880258 0.00294205 169.835 -0.00404502 0.00116185 0.999991 0
-0.889083 -0.45774 -0.00212729 168.237 0.457742 -0.889085 -0.000561099 170.643 -0.0016345 -0.00147261 0.999998 0
-0.890244 -0.455473 -0.00313658 166.516 0.455473 -0.890249 0.000609633 171.518 -0.00307 -0.000885904 0.999995 0
-0.889629 -0.456684 0.000676187 165.283 0.456684 -0.889627 0.00157693 172.15 -0.000118602 0.00171168 0.999999 0
-0.888654 -0.45856 0.00412577 163.976 0.458569 -0.888657 0.00164353 172.826 0.00291274 0.00335248 0.99999 0
-0.887435 -0.460913 0.00431589 162.594 0.460921 -0.887441 0.000970817 173.543 0.00338263 0.00285082 0.99999 0
-0.885957 -0.463731 0.0058728 161.144 0.463758 -0.885949 0.00481128 174.306 0.00297186 0.00698615 0.999971 0
-0.884441 -0.466608 0.0065032 159.636 0.466648 -0.884411 0.00755975 175.107 0.00222406 0.00972085 0.99995 0
-0.883424 -0.468574 0.00113246 158.091 0.468547 -0.883342 0.0130338 175.933 -0.00510693 0.0120449 0.999914 0
-0.882992 -0.469387 -0.000507512 156.538 0.469325 -0.882893 0.0152886 176.766 -0.00762436 0.0132615 0.999883 0
-0.883991 -0.467466 0.00594721 154.99 0.467502 -0.883883 0.0138431 177.597 -0.00121455 0.0150175 0.999887 0
-0.886079 -0.463529 0.00209426 153.443 0.463471 -0.885875 0.0204795 178.426 -0.00763761 0.0191171 0.999788 0
-0.888859 -0.458169 -0.00330292 151.896 0.457918 -0.88857 0.0274718 179.245 -0.0155216 0.0229061 0.999617 0
-0.891597 -0.452828 -0.00126732 150.349 0.452629 -0.891282 0.0272449 180.049 -0.0134668 0.0237179 0.999628 0
-0.893836 -0.448395 7.50659e-05 148.805 0.448267 -0.893577 0.0239928 180.839 -0.0106912 0.0214793 0.999712 0
-0.894828 -0.446408 -0.00154908 147.264 0.446316 -0.894705 0.0174905 181.616 -0.00919387 0.0149596 0.999846 0
-0.895072 -0.445921 -0.00020153 145.731 0.445896 -0.895027 0.0101729 182.384 -0.00471668 0.00901561 0.999948 0
-0.893576 -0.44891 -0.00132975 144.209 0.448884 -0.893549 0.00857882 183.15 -0.00503932 0.00706893 0.999962 0
-0.891429 -0.453159 -0.00133144 142.704 0.453115 -0.891377 0.0115358 183.92 -0.00641438 0.00968007 0.999933 0
-0.889237 -0.457447 0.000218521 141.217 0.457355 -0.889046 0.0205771 184.694 -0.00921868 0.0183979 0.999788 0
-0.887292 -0.461196 0.00343397 139.746 0.461154 -0.887047 0.0220125 185.464 -0.00710595 0.0211151 0.999752 0
-0.886388 -0.46291 0.0055163 138.29 0.462876 -0.885995 0.0275544 186.234 -0.00786781 0.0269773 0.999605 0
-0.886617 -0.462502 -0.00121848 136.843 0.462266 -0.886243 0.0297226 186.997 -0.0148266 0.0257893 0.999557 0
-0.888506 -0.458862 -0.00142234 135.408 0.458659 -0.888196 0.027191 187.749 -0.0137403 0.023507 0.999629 0
-0.891706 -0.452606 0.00295031 133.981 0.452548 -0.89144 0.0231312 188.487 -0.00783929 0.0219614 0.999728 0
-0.896035 -0.443975 0.00285567 132.561 0.443939 -0.895835 0.0199392 189.209 -0.00629427 0.0191339 0.999797 0
-0.900108 -0.435664 -0.00174586 131.143 0.435573 -0.899989 0.0171743 189.911 -0.00905349 0.0146983 0.999851 0
-0.903723 -0.428041 -0.00809396 129.734 0.427944 -0.903734 0.0113426 190.593 -0.0121699 0.00678678 0.999903 0
-0.905843 -0.423468 -0.0111071 128.341 0.423469 -0.905908 0.00241021 191.252 -0.0110827 -0.00252024 0.999935 0
-0.906685 -0.421527 -0.0153924 126.979 0.421642 -0.906748 -0.00501713 191.89 -0.0118421 -0.011039 0.999869 0
-0.906493 -0.421745 -0.0200472 125.027 0.422033 -0.906485 -0.0131882 192.805 -0.0126104 -0.0204156 0.999712 0
-0.904002 -0.426825 -0.0245294 123.196 0.427266 -0.90397 -0.0168154 193.671 -0.0149966 -0.0256817 0.999558 0
-0.900051 -0.435142 -0.0236546 121.487 0.435596 -0.899932 -0.0194491 194.497 -0.0128244 -0.0278091 0.999531 0
-0.895772 -0.443931 -0.0227292 119.903 0.444331 -0.895697 -0.0172054 195.285 -0.0127205 -0.0255114 0.999594 0
-0.889906 -0.455528 -0.0237004 118.46 0.455952 -0.889839 -0.0171671 196.018 -0.0132694 -0.0260833 0.999572 0
-0.881321 -0.471821 -0.0256738 116.766 0.472224 -0.881388 -0.0126185 196.912 -0.0166749 -0.0232447 0.999591 0
-0.870559 -0.491257 -0.0281752 115.32 0.491639 -0.87076 -0.00828273 197.705 -0.0204648 -0.0210626 0.999569 0
-0.856254 -0.516029 -0.0232982 113.887 0.51623 -0.856444 -0.00316906 198.537 -0.0183183 -0.0147408 0.999724 0
-0.843652 -0.53689 -0.00101684 112.525 0.536891 -0.843649 -0.00204024 199.35 0.000237526 -0.00226718 0.999997 0
-0.816904 -0.576393 0.0209402 111.377 0.576233 -0.817172 -0.0136476 200.105 0.0249781 0.000917616 0.999688 0
-0.73659 -0.67616 0.0155888 110.219 0.67611 -0.736745 -0.00909057 201.052 0.0176317 0.00384373 0.999837 0
-0.593557 -0.804664 0.0143376 109.199 0.804778 -0.593558 0.00467962 202.216 0.0047447 0.0143162 0.999886 0
-0.356627 -0.934162 0.0126224 108.351 0.934244 -0.356561 0.00716419 203.805 -0.00219185 0.0143473 0.999895 0
-0.0447076 -0.998907 0.0136579 107.945 0.998983 -0.0447818 -0.00517385 205.854 0.00577982 0.0134127 0.999893 0
0.187277 -0.98204 0.0228971 108.123 0.982303 0.187158 -0.00723631 207.795 0.00282096 0.0238471 0.999712 0
0.321387 -0.946736 0.0200517 108.558 0.946943 0.321244 -0.0100722 209.376 0.00309419 0.0222249 0.999748 0
0.408841 -0.912298 0.0236702 109.236 0.912604 0.408755 -0.00859298 211.031 -0.00183594 0.0251146 0.999683 0
0.453355 -0.890903 0.0275745 110.093 0.891318 0.453294 -0.00880149 212.757 -0.00465808 0.0285679 0.999581 0
0.475112 -0.879497 0.0274718 111.07 0.87992 0.474986 -0.011337 214.575 -0.00307788 0.0295593 0.999558 0
0.483265 -0.874979 0.0294571 112.138 0.875457 0.483195 -0.00990964 216.499 -0.0055628 0.0305774 0.999517 0
0.485025 -0.873899 0.0324255 112.89 0.874441 0.48509 -0.00636573 217.847 -0.0101663 0.0314418 0.999454 0
0.482932 -0.875026 0.0332556 113.669 0.875618 0.482925 -0.00878109 219.247 -0.00837628 0.0333599 0.999408 0
0.480709 -0.876449 0.027494 114.468 0.87688 0.480438 -0.0161742 220.702 0.000966713 0.031884 0.999491 0
0.480479 -0.876656 0.0247809 115.285 0.877005 0.480251 -0.0148642 222.209 0.00112977 0.0288749 0.999582 0
0.480899 -0.876131 0.0336203 116.128 0.876653 0.481119 -0.00174313 223.76 -0.0146481 0.0303116 0.999433 0
0.480104 -0.876359 0.0386633 116.996 0.877111 0.480249 -0.00605443 225.346 -0.0132622 0.0368188 0.999234 0
0.478028 -0.877596 0.0362552 117.883 0.878345 0.477622 -0.0196868 226.978 -3.92858e-05 0.0412554 0.999149 0
0.476601 -0.878473 0.0337165 118.786 0.879113 0.476094 -0.0222614 228.66 0.00350383 0.0402503 0.999183 0
0.475643 -0.878909 0.035806 119.707 0.87962 0.475498 -0.0130279 230.388 -0.00557535 0.0376923 0.999274 0
0.476028 -0.878522 0.0399679 120.648 0.879337 0.476147 -0.00709237 232.154 -0.0127998 0.0385214 0.999176 0
0.476202 -0.878457 0.0393138 121.609 0.879315 0.476025 -0.0143567 233.949 -0.00610256 0.0414059 0.999124 0
0.475869 -0.878629 0.0394881 122.585 0.879513 0.475503 -0.0188033 235.773 -0.00225563 0.0436782 0.999043 0
0.473321 -0.879809 0.0436227 123.569 0.880863 0.473113 -0.015629 237.621 -0.00688792 0.0458232 0.998926 0
0.469861 -0.881568 0.0454729 124.553 0.882724 0.469539 -0.0181816 239.482 -0.00532302 0.0486829 0.9988 0
0.467106 -0.883188 0.0423194 125.534 0.884197 0.466418 -0.0254774 241.358 0.00276277 0.0493193 0.998779 0
0.463975 -0.884886 0.0412735 126.512 0.885848 0.463434 -0.0224142 243.247 0.000706499 0.0469617 0.998896 0
0.460854 -0.886458 0.042488 127.481 0.887443 0.46072 -0.0134828 245.135 -0.00762315 0.0439193 0.999006 0
0.458954 -0.887525 0.0407407 128.438 0.888402 0.458966 -0.00961703 247.015 -0.0101633 0.0406079 0.999123 0
0.459305 -0.887391 0.0397034 129.389 0.888254 0.459168 -0.0130489 248.885 -0.00665105 0.0412601 0.999126 0
0.458824 -0.887738 0.0374389 130.335 0.888527 0.458432 -0.0189663 250.741 -0.000326053 0.0419676 0.999119 0
0.458827 -0.887764 0.0367821 131.274 0.888523 0.458535 -0.0165339 252.587 -0.00218768 0.040268 0.999187 0
0.4591 -0.887696 0.0349843 132.206 0.888366 0.458989 -0.0115944 254.422 -0.00576512 0.0364019 0.999321 0
0.459815 -0.887347 0.0344377 133.137 0.887936 0.459944 -0.00453726 256.252 -0.0118133 0.0326648 0.999397 0
0.460189 -0.887303 0.0303269 134.065 0.887722 0.460379 -0.000801507 258.078 -0.0132507 0.0272907 0.99954 0
0.460582 -0.887344 0.022037 134.992 0.887603 0.460575 -0.00569362 259.898 -0.0050975 0.0221825 0.999741 0
0.461468 -0.887022 0.0154758 135.919 0.887153 0.461449 -0.00499839 261.718 -0.0027076 0.016036 0.999868 0
0.462195 -0.88667 0.0138751 136.85 0.88677 0.462202 -0.00294146 263.539 -0.00380499 0.0136635 0.999899 0
0.461996 -0.886737 0.0160553 137.788 0.886851 0.462055 1.9448e-05 265.366 -0.00743567 0.0142296 0.999871 0
0.462582 -0.886441 0.015471 138.731 0.886544 0.462644 0.000474994 267.208 -0.00757863 0.013496 0.99988 0
0.464428 -0.885466 0.0160348 139.684 0.885575 0.464495 0.000524349 269.065 -0.00791239 0.0139565 0.999871 0
0.46558 -0.884872 0.0154041 140.648 0.884969 0.465649 0.0010513 270.937 -0.00810318 0.0131427 0.999881 0
0.466526 -0.884378 0.0151022 141.624 0.884483 0.466571 -0.000596694 272.826 -0.00651854 0.013636 0.999886 0
0.466563 -0.884393 0.0129946 142.608 0.884487 0.46653 -0.00561535 274.729 -0.00109621 0.0141135 0.9999 0
0.4669 -0.884158 0.0164014 143.601 0.884269 0.466977 0.000956373 276.648 -0.00850468 0.0140568 0.999865 0
0.467325 -0.883875 0.0193121 144.594 0.883996 0.467477 0.00400616 278.568 -0.0125689 0.0151996 0.999805 0
0.46732 -0.883802 0.0225208 145.585 0.883986 0.467502 0.0033328 280.479 -0.0134741 0.0183506 0.999741 0
0.466882 -0.884001 0.0237425 146.571 0.884275 0.46696 -0.00247041 282.379 -0.00890298 0.0221483 0.999715 0
0.466528 -0.884061 0.0280772 147.554 0.884447 0.466629 -0.00322769 284.273 -0.0102482 0.0263386 0.999601 0
0.465518 -0.884312 0.0358431 148.532 0.884891 0.465798 -0.000616954 286.159 -0.01615 0.0320044 0.999357 0
0.464489 -0.8847 0.0394458 149.501 0.885492 0.464606 -0.00669229 288.028 -0.0124061 0.0380374 0.999199 0
0.463473 -0.88515 0.041257 150.459 0.886068 0.463407 -0.0117488 289.88 -0.00871927 0.0420017 0.999079 0
0.461844 -0.885752 0.0463034 151.399 0.886878 0.461887 -0.0103967 291.703 -0.0121781 0.0458671 0.998873 0
0.459394 -0.886713 0.0519447 152.319 0.888071 0.459639 -0.00782085 293.495 -0.016941 0.0497234 0.998619 0
0.456891 -0.887844 0.054626 153.221 0.889381 0.457053 -0.0102156 295.259 -0.0158972 0.0532507 0.998455 0
0.454523 -0.889143 0.0532305 154.1 0.890639 0.454539 -0.0125057 296.992 -0.0130759 0.0530933 0.998504 0
0.452325 -0.890354 0.0516863 154.954 0.891761 0.452352 -0.0118389 298.689 -0.0128396 0.0514468 0.998593 0
0.450627 -0.891347 0.0493429 155.784 0.892595 0.450776 -0.00871242 300.347 -0.0144768 0.0479692 0.998744 0
0.450177 -0.891756 0.0459591 156.589 0.892866 0.450204 -0.0103554 301.958 -0.0114565 0.0456971 0.99889 0
0.452205 -0.890793 0.0447003 157.367 0.891839 0.45225 -0.00967627 303.515 -0.0115962 0.0442411 0.998954 0
0.45492 -0.889291 0.0469972 158.119 0.890428 0.455039 -0.00877178 305.005 -0.0135849 0.0458381 0.998856 0
0.457689 -0.887721 0.0497105 158.838 0.888972 0.457895 -0.00783405 306.417 -0.0158077 0.0477768 0.998733 0
0.460275 -0.886227 0.0524307 159.521 0.887565 0.460651 -0.00540494 307.748 -0.0193622 0.0490234 0.99861 0
0.464194 -0.884368 0.0491649 160.467 0.885602 0.464365 -0.00858132 309.589 -0.0152414 0.0475239 0.998754 0
0.46722 -0.882938 0.0461028 161.322 0.884079 0.467168 -0.0125503 311.248 -0.0104566 0.0466223 0.998858 0
0.464379 -0.884349 0.0477474 162.081 0.885504 0.464568 -0.00774076 312.727 -0.0153364 0.0458752 0.998829 0
0.43504 -0.899478 0.0409818 162.924 0.900405 0.434751 -0.0161889 314.445 -0.00325532 0.0439431 0.999029 0
0.356629 -0.933517 0.0369008 163.592 0.934244 0.356428 -0.0121138 316.05 -0.00184405 0.0387944 0.999246 0
0.21126 -0.976677 0.0383526 164.043 0.977426 0.21121 -0.00541631 317.625 -0.00281046 0.0386311 0.99925 0
-0.0359744 -0.998882 0.0306769 164.177 0.999267 -0.0355513 0.0142273 319.585 -0.0131207 0.0311663 0.999428 0
-0.268315 -0.962673 0.035592 163.888 0.963058 -0.267176 0.0337203 321.248 -0.0229523 0.0433248 0.998797 0
-0.447235 -0.893036 0.0496737 163.386 0.894197 -0.445204 0.0469633 322.521 -0.019825 0.0654217 0.997661 0
-0.619063 -0.783425 0.054835 162.6 0.78534 -0.617415 0.045166 323.737 -0.00152821 0.0710247 0.997473 0
-0.763737 -0.642861 0.0586172 161.529 0.645492 -0.761499 0.0588161 324.851 0.00682636 0.0827569 0.996546 0
-0.855886 -0.516517 0.0258846 160.158 0.517164 -0.854679 0.0454433 325.785 -0.0013492 0.0522808 0.998632 0
-0.897277 -0.441442 0.00473953 158.578 0.441219 -0.896361 0.0431657 326.611 -0.0148068 0.0408227 0.999057 0
-0.909599 -0.415275 0.0132867 156.868 0.415485 -0.909244 0.0254303 327.383 0.00152021 0.0286518 0.999588 0
-0.910025 -0.414052 0.0203782 155.062 0.414496 -0.909617 0.0281119 328.198 0.00689655 0.0340292 0.999397 0
-0.909338 -0.415862 0.0127391 153.161 0.416057 -0.90896 0.0262493 329.061 0.000663262 0.0291697 0.999574 0
-0.904955 -0.425396 0.00970999 151.152 0.425498 -0.904851 0.0140404 329.979 0.00281335 0.0168375 0.999854 0
-0.901009 -0.433786 0.00345312 149.749 0.433796 -0.900939 0.0113981 330.643 -0.00183328 0.0117677 0.999929 0
-0.897651 -0.440704 -0.00147845 148.294 0.440674 -0.897621 0.00910352 331.348 -0.00533904 0.00752027 0.999957 0
-0.894651 -0.446754 0.00306462 146.788 0.446763 -0.894609 0.00878374 332.096 -0.00118254 0.00922755 0.999957 0
-0.891551 -0.452917 -0.0015992 145.231 0.452865 -0.891493 0.0123857 332.883 -0.00703537 0.0103183 0.999922 0
-0.888573 -0.45867 -0.00775942 143.642 0.45848 -0.888515 0.0183349 333.7 -0.015304 0.0127343 0.999802 0
-0.886176 -0.463293 -0.00716336 142.032 0.463152 -0.886144 0.0154345 334.535 -0.0134985 0.0103599 0.999855 0
-0.885023 -0.465544 -0.00162898 140.403 0.465489 -0.884963 0.0126671 335.389 -0.00733868 0.0104524 0.999918 0
-0.885048 -0.465496 -0.00179284 138.758 0.465429 -0.884975 0.0139708 336.255 -0.00808994 0.0115304 0.999901 0
-0.885782 -0.464093 -0.00300902 137.112 0.464004 -0.885709 0.014847 337.121 -0.0095555 0.011755 0.999885 0
-0.886965 -0.461796 -0.00609806 135.469 0.461704 -0.88695 0.0121754 337.974 -0.0110312 0.00798368 0.999907 0
-0.888019 -0.459756 -0.00682449 133.833 0.459667 -0.888017 0.0114588 338.821 -0.0113285 0.00703864 0.999911 0
-0.889558 -0.4568 -0.00450201 132.202 0.456743 -0.889544 0.00985025 339.66 -0.00850433 0.00670611 0.999941 0
-0.89275 -0.450491 -0.00746653 130.573 0.450405 -0.892759 0.0107492 340.49 -0.0115082 0.00623335 0.999914 0
-0.896273 -0.443286 -0.013843 128.942 0.443197 -0.896378 0.00909428 341.302 -0.0164399 0.0020158 0.999863 0
-0.899018 -0.437733 -0.0124812 127.313 0.43775 -0.899096 0.00152064 342.095 -0.0118875 -0.00409658 0.999921 0
-0.900739 -0.434282 -0.00820097 125.687 0.434288 -0.900773 0.00119429 342.883 -0.00790587 -0.00248584 0.999966 0
-0.901478 -0.432652 -0.0122019 124.066 0.432646 -0.901558 0.00321858 343.661 -0.0123932 -0.00237763 0.99992 0
-0.900604 -0.434539 -0.00941414 122.451 0.434559 -0.900643 -6.66919e-05 344.435 -0.0084498 -0.00415106 0.999956 0
-0.897964 -0.439912 -0.0117372 120.841 0.43998 -0.898 -0.00382702 345.211 -0.00885641 -0.00860063 0.999924 0
-0.893796 -0.448209 -0.0153928 119.24 0.448315 -0.893866 -0.00407214 345.998 -0.0119339 -0.0105405 0.999873 0
-0.889278 -0.457051 -0.0169842 117.655 0.457165 -0.889376 -0.00329415 346.798 -0.0135998 -0.010694 0.99985 0
-0.884662 -0.465986 -0.0151954 116.086 0.466081 -0.884736 -0.00325075 347.611 -0.0119291 -0.00995808 0.999879 0
-0.879927 -0.474937 -0.0127578 114.533 0.475031 -0.879951 -0.00565149 348.433 -0.00854212 -0.0110333 0.999903 0
-0.874754 -0.484392 -0.0130128 112.995 0.484489 -0.87478 -0.00551905 349.267 -0.00870999 -0.0111324 0.9999 0
-0.869984 -0.492808 -0.0163565 111.473 0.492929 -0.870059 -0.00419337 350.109 -0.0121646 -0.0117108 0.999857 0
-0.866108 -0.49956 -0.017247 109.977 0.499625 -0.866242 0.000574471 350.957 -0.0152271 -0.00811949 0.999851 0
-0.863518 -0.50415 -0.0130257 108.534 0.504135 -0.863612 0.00467801 351.788 -0.0136075 -0.00252715 0.999904 0
-0.861971 -0.506878 -0.00891795 107.159 0.50681 -0.862012 0.00892902 352.588 -0.0122133 0.00317685 0.99992 0
-0.862037 -0.506826 -0.00445219 105.855 0.506742 -0.862004 0.0126817 353.345 -0.0102652 0.008676 0.99991 0
-0.865909 -0.500195 -0.00265334 104.045 0.500039 -0.86575 0.0209352 354.39 -0.0127688 0.0168012 0.999777 0
-0.873963 -0.48599 -0.00109157 102.412 0.485792 -0.873667 0.0266967 355.305 -0.013928 0.0228017 0.999643 0
-0.884588 -0.466369 0.00209685 100.836 0.466248 -0.884236 0.0272054 356.147 -0.0108336 0.0250432 0.999628 0
-0.894718 -0.44662 0.00332277 99.2624 0.446555 -0.894402 0.0251676 356.94 -0.00826846 0.0240017 0.999678 0
-0.903326 -0.428816 0.0108936 97.6941 0.428954 -0.90307 0.0215246 357.692 0.000607615 0.0241166 0.999709 0
-0.910096 -0.414226 0.0119379 96.089 0.414379 -0.90995 0.0167546 358.426 0.0039227 0.0201951 0.999788 0
-0.915339 -0.402484 0.0127356 94.4228 0.402643 -0.915243 0.0144804 359.166 0.005828 0.0183823 0.999814 0
-0.918065 -0.39621 0.013227 92.6857 0.396326 -0.918078 0.00764421 359.913 0.00911466 0.0122601 0.999883 0
-0.918508 -0.395334 0.0073861 90.8649 0.395388 -0.918474 0.00860277 360.696 0.00338297 0.0108221 0.999936 0
-0.916983 -0.398442 -0.0196472 88.9336 0.398282 -0.917189 0.0116437 361.529 -0.0226595 0.00285194 0.999739 0
-0.914769 -0.403825 -0.0110481 87.5946 0.403843 -0.914828 0.000724344 362.114 -0.0103996 -0.00379909 0.999939 0
-0.911595 -0.411085 -0.00174976 86.2038 0.411088 -0.911575 -0.00617774 362.735 0.000944536 -0.00635091 0.999979 0
-0.907414 -0.419396 -0.0265763 84.7532 0.419424 -0.907778 0.00479632 363.402 -0.0261369 -0.00679447 0.999635 0
-0.90489 -0.425405 -0.0142971 83.2661 0.425433 -0.904989 0.00112678 364.105 -0.0134181 -0.00506286 0.999897 0
-0.901988 -0.431761 0.000595499 81.7279 0.431727 -0.901932 -0.0114558 364.84 0.00548327 -0.0100759 0.999934 0
-0.897153 -0.441303 -0.0191881 80.1291 0.441602 -0.89707 -0.0158948 365.609 -0.0101987 -0.0227336 0.99969 0
-0.890894 -0.454079 -0.0109248 78.4987 0.454208 -0.890558 -0.0245082 366.422 0.00139952 -0.0267963 0.99964 0
-0.88414 -0.467165 0.007281 76.8407 0.466912 -0.884014 -0.0226198 367.294 0.0170037 -0.0165995 0.999718 0
-0.877275 -0.479949 -0.00615972 75.1461 0.479987 -0.877237 -0.00823589 368.213 -0.00145073 -0.0101817 0.999947 0
-0.8716 -0.490144 -0.0084751 73.4351 0.490177 -0.87162 -0.00223831 369.166 -0.00628998 -0.00610521 0.999962 0
-0.869146 -0.494552 -0.00208492 71.7145 0.494556 -0.869143 -0.00234409 370.146 -0.000652822 -0.00306846 0.999995 0
-0.86877 -0.495213 -0.0017764 69.9864 0.495211 -0.868771 0.0016425 371.138 -0.00235667 0.000547261 0.999997 0
-0.870187 -0.492671 -0.00710653 68.2501 0.492659 -0.870216 0.00337164 372.127 -0.00784532 -0.000567142 0.999969 0
-0.873001 -0.487674 -0.00665976 66.5097 0.487655 -0.873026 0.00427663 373.109 -0.00789974 0.000485833 0.999969 0
-0.876412 -0.481482 0.00879488 64.7739 0.481537 -0.876408 0.00564506 374.08 0.00498991 0.00918246 0.999945 0
-0.88 -0.474945 0.00521445 63.036 0.474968 -0.879882 0.014635 375.039 -0.0023627 0.0153555 0.999879 0
-0.882802 -0.469744 0.00066489 61.2969 0.469703 -0.882705 0.0145273 375.973 -0.00623722 0.0131371 0.999894 0
-0.884768 -0.466022 0.00287611 59.5609 0.466031 -0.884756 0.00469088 376.886 0.000358601 0.0054907 0.999985 0
-0.886852 -0.46203 0.00468801 57.8316 0.462049 -0.886843 0.00454195 377.794 0.00205901 0.00619413 0.999979 0
-0.889194 -0.457529 -0.000886179 56.1059 0.45748 -0.889124 0.0130472 378.695 -0.0067574 0.0111961 0.999914 0
-0.892177 -0.451636 -0.00669262 54.3821 0.451458 -0.8921 0.0185124 379.582 -0.0143314 0.0134949 0.999806 0
-0.895292 -0.445478 0.000934052 52.6631 0.445465 -0.895245 0.00990358 380.445 -0.00357563 0.00928269 0.999951 0
-0.897476 -0.441057 0.00241298 50.9452 0.441056 -0.897414 0.0108427 381.298 -0.00261679 0.0107953 0.999938 0
-0.899039 -0.437853 -0.0036862 49.2325 0.437737 -0.898944 0.0169275 382.142 -0.0107255 0.0136049 0.99985 0
-0.89988 -0.436099 -0.00578355 47.5309 0.43591 -0.89976 0.020371 382.976 -0.0140876 0.0158104 0.999776 0
-0.899853 -0.436127 -0.00764508 45.8382 0.435977 -0.89982 0.0157255 383.795 -0.0137375 0.0108175 0.999847 0
-0.899117 -0.437664 -0.00624813 44.1577 0.437605 -0.899124 0.00885465 384.61 -0.0094932 0.00522715 0.999941 0
-0.898051 -0.439891 -0.000916839 42.4953 0.439871 -0.898026 0.00784349 385.426 -0.00427363 0.00664056 0.999969 0
-0.896825 -0.442349 -0.0057285 40.8494 0.442257 -0.896801 0.0125051 386.239 -0.0106689 0.00868139 0.999905 0
-0.896004 -0.443919 -0.0105971 39.2302 0.443713 -0.896002 0.0173089 387.045 -0.0171788 0.0108068 0.999794 0
-0.895037 -0.445922 -0.00789087 37.6497 0.445769 -0.895009 0.015766 387.831 -0.0140928 0.0105937 0.999845 0
-0.894261 -0.447444 -0.00954507 36.1159 0.447304 -0.894275 0.013817 388.597 -0.0147183 0.00808649 0.999859 0
-0.893733 -0.448428 -0.0123644 34.6408 0.448215 -0.89377 0.016683 389.336 -0.018532 0.00936822 0.999784 0
-0.893572 -0.44892 -0.000140348 33.2393 0.448855 -0.893449 0.016672 390.043 -0.00760979 0.0148347 0.999861 0
-0.894765 -0.4465 -0.00584803 31.2662 0.446144 -0.894449 0.0302868 391.04 -0.0187538 0.0244905 0.999524 0
-0.89786 -0.440266 0.00365686 29.4572 0.440241 -0.897633 0.0210467 391.928 -0.00598361 0.0205068 0.999772 0
-0.902145 -0.431431 0.00110324 27.7873 0.431412 -0.902073 0.0121369 392.717 -0.00424105 0.0114252 0.999926 0
-0.910996 -0.412403 -0.00304847 26.2126 0.412321 -0.910923 0.014529 393.435 -0.00876875 0.011979 0.99989 0
-0.931435 -0.36389 0.00360492 24.7172 0.363894 -0.931267 0.0180001 394.058 -0.00319289 0.0180777 0.999831 0
-0.972501 -0.232844 0.00508565 22.7459 0.232899 -0.972294 0.0200804 394.671 0.000269147 0.0207126 0.999785 0
-0.999631 -0.0269483 0.00334587 20.7922 0.0270295 -0.999265 0.0271993 394.924 0.00261043 0.0272797 0.999624 0
-0.975714 0.218981 -0.00547403 18.8685 -0.219049 -0.975473 0.0216925 394.718 -0.000589516 0.0223647 0.99975 0
-0.910952 0.412382 -0.0103657 17.4497 -0.412508 -0.910769 0.0183527 394.223 -0.0018724 0.0209944 0.999778 0
