0.999993 -0.00338955 -0.00152933 0.683455 0.00338578 0.999991 -0.00254824 -0.00239968 0.00153795 0.00254305 0.999996 0.0114114
0.999982 -0.00544807 -0.0027043 1.54154 0.00544269 0.999983 -0.00204289 0.0442071 0.00271538 0.00202813 0.999994 0.0341537
0.999964 -0.00750555 -0.00388123 2.39961 0.00749975 0.999971 -0.00154245 0.0908109 0.00389268 0.00151328 0.999991 0.0568942
0.999942 -0.00956148 -0.00505985 3.25748 0.00955639 0.999954 -0.00104704 0.137402 0.00506961 0.000998627 0.999987 0.0796281
0.999913 -0.0116167 -0.0062407 4.11557 0.0116137 0.999933 -0.000556434 0.184003 0.00624673 0.000483913 0.999981 0.102366
0.999879 -0.0136708 -0.0074234 4.9736 0.0136707 0.999907 -7.07805e-05 0.230599 0.00742367 -3.07132e-05 0.999973 0.125102
0.999839 -0.0157232 -0.00860777 5.83146 0.0157274 0.999876 0.000409843 0.277183 0.00860025 -0.00054515 0.999963 0.147831
0.999794 -0.0177746 -0.00979407 6.68935 0.0177842 0.999842 0.000885544 0.323767 0.00977677 -0.00105954 0.999952 0.17056
0.999743 -0.0198252 -0.0109824 7.54737 0.0198414 0.999802 0.00135638 0.370356 0.0109534 -0.00157394 0.999939 0.193291
0.999687 -0.0218751 -0.012173 8.40561 0.021899 0.999759 0.00182238 0.416954 0.0121301 -0.00208838 0.999924 0.216026
0.999624 -0.0239234 -0.013365 9.26366 0.0239561 0.999711 0.00228331 0.463541 0.0133065 -0.00260262 0.999908 0.238755
0.999557 -0.02597 -0.0145586 10.1215 0.0260126 0.999658 0.00273916 0.510112 0.0144825 -0.00311665 0.99989 0.261476
0.999483 -0.0280158 -0.0157543 10.9795 0.0280695 0.999601 0.00319015 0.556692 0.0156586 -0.00363071 0.999871 0.284201
0.999404 -0.0300604 -0.0169518 11.8375 0.0301263 0.99954 0.00363616 0.60327 0.0168346 -0.00414469 0.99985 0.306925
0.999343 -0.0319763 -0.0170365 12.6926 0.0320234 0.999484 0.00249016 0.64886 0.0169481 -0.00303409 0.999852 0.328466
0.999231 -0.0341391 -0.0192983 13.553 0.0342309 0.999404 0.00443771 0.696349 0.0191353 -0.00509489 0.999804 0.352301
0.999118 -0.0357702 -0.0219755 14.4213 0.0358936 0.999342 0.0052452 0.745382 0.0217734 -0.00602935 0.999745 0.376218
0.999002 -0.0376719 -0.0240166 15.3 0.0378928 0.999243 0.00879866 0.800552 0.0236669 -0.00969993 0.999673 0.40167
0.998951 -0.0390446 -0.0239095 16.1892 0.039296 0.999177 0.0101316 0.85333 0.0234942 -0.0110605 0.999663 0.427259
0.998925 -0.0406611 -0.0222668 17.0875 0.0408899 0.999115 0.00991356 0.906829 0.021844 -0.0108134 0.999703 0.45413
0.998892 -0.0421857 -0.0208405 17.9922 0.0424036 0.999049 0.0101204 0.957466 0.0203937 -0.0109929 0.999732 0.47986
0.998852 -0.0433867 -0.0202857 18.902 0.0435898 0.999003 0.00967443 1.01188 0.0198457 -0.0105476 0.999748 0.504013
0.998763 -0.0450935 -0.0209484 19.8154 0.0453062 0.998925 0.00977988 1.06421 0.0204849 -0.0107169 0.999733 0.528125
0.998688 -0.0462155 -0.0220364 20.7319 0.046406 0.998889 0.00820511 1.11727 0.0216327 -0.00921696 0.999724 0.552603
0.998679 -0.0470476 -0.0206486 21.6574 0.0472179 0.998854 0.00783172 1.16968 0.0202564 -0.00879635 0.999756 0.576946
0.998749 -0.0470946 -0.0168327 22.5902 0.0472589 0.998838 0.00949242 1.22644 0.016366 -0.010276 0.999813 0.60406
0.998838 -0.0463762 -0.0131381 23.5266 0.046514 0.998864 0.0103747 1.28132 0.012642 -0.0109738 0.99986 0.631907
0.998933 -0.0450013 -0.010402 24.468 0.0451005 0.998938 0.00948469 1.33306 0.00996412 -0.00994371 0.999901 0.655133
0.999007 -0.0435792 -0.00925705 25.4127 0.0436653 0.999003 0.00930603 1.38473 0.00884226 -0.009701 0.999914 0.674312
0.999036 -0.0423582 -0.0115435 26.3596 0.0424689 0.999053 0.00951611 1.43592 0.0111294 -0.00999718 0.999888 0.692333
0.999005 -0.0413414 -0.0167024 27.3114 0.0415192 0.999083 0.0104347 1.48751 0.0162557 -0.0111178 0.999806 0.711841
0.998989 -0.0401086 -0.0202881 28.2692 0.0403151 0.999139 0.00986203 1.53693 0.019875 -0.01067 0.999746 0.733043
0.999038 -0.0393814 -0.0193039 29.2367 0.039533 0.99919 0.00752705 1.58428 0.0189918 -0.00828295 0.999785 0.757389
0.999109 -0.0396532 -0.0144361 30.212 0.03974 0.999194 0.00576218 1.63209 0.0141959 -0.00633074 0.999879 0.781022
0.999124 -0.0405826 -0.0102023 31.191 0.0406115 0.999172 0.00262693 1.67994 0.0100872 -0.00303896 0.999945 0.804114
0.999083 -0.0416545 -0.00995193 32.1694 0.0416063 0.999122 -0.00501852 1.71979 0.0101522 0.00459985 0.999938 0.822747
0.99897 -0.0432526 -0.0137456 33.1486 0.0431451 0.999037 -0.00803365 1.76663 0.0140798 0.00743232 0.999873 0.839076
0.998832 -0.0447694 -0.0181613 34.1318 0.0446397 0.998975 -0.00749684 1.82089 0.0184783 0.00667738 0.999807 0.859525
0.998715 -0.0466738 -0.019729 35.1397 0.0465459 0.998892 -0.00690486 1.87941 0.0200294 0.00597768 0.999782 0.893309
0.998705 -0.0477517 -0.0175792 36.195 0.0476366 0.998841 -0.00691621 1.9431 0.0178891 0.00606984 0.999822 0.951936
0.998703 -0.0487655 -0.0146278 37.2381 0.0487159 0.998806 -0.0037382 2.01037 0.0147926 0.00302075 0.999886 1.00244
0.998655 -0.0500449 -0.0135592 38.2804 0.0500033 0.998743 -0.00340311 2.07596 0.0137125 0.00272053 0.999902 1.05114
0.99863 -0.0510702 -0.0114 39.3132 0.0510441 0.998693 -0.00258872 2.1401 0.0115173 0.00200327 0.999932 1.09046
0.99866 -0.0511918 -0.00755762 40.349 0.05117 0.998685 -0.00308434 2.2052 0.00770557 0.00269348 0.999967 1.1295
0.998646 -0.0516471 -0.00615163 41.3707 0.0516643 0.998661 0.00263 2.27928 0.00600755 -0.00294425 0.999978 1.15771
0.998651 -0.0516058 -0.00578301 42.3924 0.0516269 0.99866 0.00351657 2.3498 0.00559378 -0.00381039 0.999977 1.18559
0.998633 -0.0517415 -0.00742979 43.403 0.0517664 0.998654 0.00317027 2.41564 0.00725574 -0.00355054 0.999968 1.20778
0.99862 -0.0515022 -0.0102964 44.4079 0.0515599 0.998655 0.0054059 2.48672 0.0100042 -0.00592932 0.999932 1.23434
0.99857 -0.0523888 -0.0106117 45.4081 0.0524484 0.998609 0.00540612 2.55131 0.0103137 -0.00595495 0.999929 1.26499
0.998515 -0.0537312 -0.00899845 46.4078 0.0537639 0.998548 0.00341421 2.61291 0.00880192 -0.00389293 0.999954 1.29325
0.998476 -0.0546034 -0.00804734 47.4026 0.0546342 0.9985 0.0036425 2.68011 0.00783637 -0.00407661 0.999961 1.32358
0.998442 -0.0548701 -0.0101298 48.388 0.0549358 0.99847 0.00631287 2.75211 0.00976793 -0.00685952 0.999929 1.35189
0.998338 -0.0555401 -0.015362 49.366 0.0556492 0.998428 0.00675562 2.82275 0.0149626 -0.00759928 0.999859 1.37759
0.998293 -0.0560117 -0.0165458 50.3465 0.0561364 0.998398 0.00715853 2.88987 0.0161183 -0.00807513 0.999838 1.40286
0.99832 -0.0563546 -0.0134449 51.3281 0.0564509 0.998382 0.00689063 2.95478 0.0130348 -0.00763803 0.999886 1.43547
0.998338 -0.0567071 -0.0102552 52.3039 0.0567533 0.998379 0.00425555 3.01828 0.00999724 -0.00483049 0.999938 1.46273
0.998332 -0.0570075 -0.00915542 53.2745 0.0570367 0.998368 0.00294856 3.0828 0.00897237 -0.00346584 0.999954 1.48834
0.998316 -0.0571822 -0.00977122 54.2369 0.0571847 0.998364 -3.92422e-05 3.14454 0.00975746 -0.000519587 0.999952 1.51074
0.998267 -0.0577427 -0.011313 55.2007 0.0577074 0.998328 -0.00344036 3.202 0.0114927 0.00278156 0.99993 1.53245
0.998207 -0.0589219 -0.0105243 56.1588 0.0588721 0.998253 -0.00499114 3.26378 0.0108 0.00436261 0.999932 1.55429
0.998178 -0.0600268 -0.00610725 57.1214 0.0599794 0.99817 -0.00769692 3.32469 0.00655809 0.00731659 0.999952 1.57395
0.998163 -0.0605795 -0.000574002 58.0825 0.0605716 0.99812 -0.00935256 3.39186 0.00113948 0.00930061 0.999956 1.5888
0.998129 -0.0611145 0.00165068 59.0342 0.061126 0.998098 -0.00794901 3.46445 -0.00116175 0.00803504 0.999967 1.60287
0.998038 -0.0626126 -0.000859398 59.9749 0.062606 0.998017 -0.00648492 3.53236 0.00126372 0.00641839 0.999979 1.61867
0.997903 -0.0640922 -0.00899222 60.8996 0.0640462 0.997933 -0.00532866 3.59537 0.00931514 0.00474157 0.999945 1.63402
0.99776 -0.0651702 -0.0150869 61.8152 0.0651062 0.997867 -0.00469767 3.6567 0.0153609 0.00370489 0.999875 1.65411
0.997686 -0.0663965 -0.0146492 62.7257 0.0664097 0.997792 0.000399318 3.7295 0.0145903 -0.00137123 0.999893 1.67799
0.997662 -0.0672649 -0.0121036 63.6244 0.0673155 0.997725 0.00380706 3.79787 0.01182 -0.00461292 0.99992 1.70706
0.997589 -0.068614 -0.0104149 64.5082 0.0686859 0.997616 0.00669301 3.8667 0.0099308 -0.00739222 0.999924 1.73584
0.997494 -0.0698433 -0.0113013 65.3767 0.0699228 0.997529 0.00679019 3.93234 0.0107991 -0.00756339 0.999913 1.7589
0.997387 -0.0714556 -0.0106305 66.2325 0.0715443 0.997404 0.0081971 4.00054 0.0100172 -0.00893624 0.99991 1.78164
0.997285 -0.0729495 -0.0100764 67.0748 0.0730454 0.997284 0.0094797 4.06821 0.00935745 -0.01019 0.999904 1.80615
0.997175 -0.0745642 -0.00910888 67.9045 0.0746493 0.997166 0.009375 4.13378 0.00838402 -0.0100285 0.999915 1.82922
0.99707 -0.0760297 -0.00840111 68.7224 0.076104 0.99706 0.00889041 4.19849 0.00770047 -0.00950372 0.999925 1.84969
0.996978 -0.0774264 -0.00631814 69.5258 0.0774937 0.99693 0.0111686 4.26666 0.00543399 -0.0116244 0.999918 1.87007
0.996902 -0.0786285 -0.00197009 70.3208 0.0786478 0.996817 0.013072 4.3357 0.000935979 -0.0131864 0.999913 1.88856
0.996755 -0.080501 -0.000142029 71.098 0.0804936 0.996634 0.0155322 4.3991 -0.00110881 -0.0154932 0.999879 1.91025
0.996623 -0.0820316 -0.00372325 71.8505 0.0820869 0.996454 0.018498 4.46835 0.00219261 -0.0187412 0.999822 1.93164
0.99647 -0.083211 -0.0111341 72.5818 0.0834138 0.996331 0.0191714 4.53382 0.00949793 -0.0200325 0.999754 1.95288
0.996268 -0.0846788 -0.0167199 73.2941 0.0849783 0.996219 0.0180864 4.59781 0.0151252 -0.0194397 0.999697 1.97064
0.996184 -0.0851443 -0.0191966 73.9902 0.0855021 0.996164 0.0186504 4.66303 0.017535 -0.0202206 0.999642 1.99223
0.996172 -0.0858829 -0.0162734 74.6671 0.0862164 0.996055 0.0210316 4.72936 0.0144029 -0.0223541 0.999646 2.01965
0.996106 -0.0871752 -0.0131425 75.3229 0.0874515 0.995922 0.0221604 4.79083 0.011157 -0.0232235 0.999668 2.05225
0.995954 -0.0885036 -0.0155794 75.9552 0.0887979 0.995862 0.0193267 4.84532 0.0138044 -0.0206319 0.999692 2.0789
0.995863 -0.0887058 -0.0197143 76.5684 0.0889435 0.99597 0.0115183 4.89103 0.0186131 -0.0132241 0.999739 2.10274
0.995818 -0.0878889 -0.0249331 77.1622 0.0880894 0.996088 0.00705412 4.93946 0.0242156 -0.00922097 0.999664 2.12888
0.996039 -0.0850596 -0.0259139 77.7439 0.0852995 0.996321 0.00829094 4.99329 0.0251134 -0.0104685 0.99963 2.15466
0.996432 -0.0811353 -0.0232608 78.3139 0.0814758 0.996576 0.0140753 5.04906 0.0220391 -0.0159203 0.999631 2.18198
0.996856 -0.0766742 -0.0199793 78.8692 0.0769424 0.996951 0.0130083 5.09133 0.018921 -0.0145047 0.999716 2.20581
0.997309 -0.0716116 -0.0156863 79.4129 0.0717549 0.997384 0.00876018 5.11959 0.0150179 -0.00986218 0.999839 2.23086
0.997896 -0.0638763 -0.011117 79.9434 0.063933 0.997943 0.00480495 5.14542 0.0107872 -0.00550558 0.999927 2.25622
0.998496 -0.0536132 -0.0114549 80.4561 0.0536971 0.998532 0.00713329 5.17346 0.0110556 -0.00773766 0.999909 2.2765
0.999167 -0.0390197 -0.0119388 80.957 0.039171 0.999152 0.0126942 5.20543 0.0114334 -0.0131513 0.999848 2.29517
0.999714 -0.0211041 -0.0112238 81.4454 0.0213019 0.999615 0.0177978 5.22429 0.0108439 -0.0180318 0.999779 2.31235
0.999946 0.000148386 -0.0103752 81.9199 2.78897e-05 0.999856 0.0169765 5.22038 0.0103763 -0.0169759 0.999802 2.327
0.999634 0.0255214 -0.00900182 82.3815 -0.0253976 0.999585 0.013592 5.19831 0.00934496 -0.0133584 0.999867 2.34339
0.998507 0.0541677 -0.00708287 82.8344 -0.0540791 0.998463 0.0121385 5.16382 0.00772949 -0.0117373 0.999901 2.35902
0.996257 0.0862977 -0.00505883 83.2802 -0.0862333 0.996206 0.0117739 5.11645 0.00605569 -0.0112936 0.999918 2.37367
0.992439 0.12268 -0.00372102 83.7169 -0.122629 0.992384 0.0117083 5.0508 0.00512904 -0.0111635 0.999925 2.38632
0.986608 0.163081 -0.00308792 84.1452 -0.163034 0.986548 0.0119364 4.96911 0.00499298 -0.0112731 0.999924 2.39678
0.978333 0.207022 -0.00237184 84.5608 -0.206982 0.978275 0.0116745 4.86596 0.00473718 -0.0109306 0.999929 2.40895
0.967064 0.254518 -0.00275049 84.9607 -0.254458 0.966986 0.0138004 4.74319 0.00617212 -0.012646 0.999901 2.42361
0.952008 0.306043 -0.00427127 85.3454 -0.305952 0.951931 0.0148479 4.59805 0.00861003 -0.0128285 0.999881 2.43737
0.932812 0.360325 -0.00521007 85.7129 -0.360216 0.932748 0.0150222 4.43044 0.0102725 -0.0121361 0.999874 2.44712
0.909381 0.415923 -0.0058092 86.062 -0.415797 0.909323 0.0156332 4.24199 0.0117846 -0.0118011 0.999861 2.45391
0.881433 0.472259 -0.00685395 86.3918 -0.472113 0.881393 0.0160122 4.03329 0.0136029 -0.0108778 0.999848 2.45984
0.849139 0.528093 -0.00898386 86.6994 -0.527951 0.849155 0.0142631 3.80111 0.0151609 -0.00736836 0.999858 2.46772
0.813485 0.581509 -0.00949728 86.9888 -0.581374 0.813521 0.0136928 3.55405 0.0156887 -0.0056174 0.999861 2.47954
0.774805 0.632147 -0.00826599 87.2618 -0.632046 0.774839 0.0119427 3.28968 0.0139544 -0.00402881 0.999895 2.4907
0.733431 0.679746 -0.00496828 87.5192 -0.679672 0.733432 0.0111284 3.00684 0.0112084 -0.00478514 0.999926 2.49794
0.68977 0.724018 -0.00394609 87.7554 -0.723962 0.689771 0.00975697 2.71035 0.00978611 -0.00387326 0.999945 2.50318
0.644531 0.764552 -0.0063486 87.9673 -0.764508 0.644563 0.00820811 2.39523 0.0103676 -0.000436835 0.999946 2.50731
0.599 0.800672 -0.0110979 88.1577 -0.800679 0.599073 0.0049551 2.07067 0.0106159 0.00591775 0.999926 2.51247
0.5536 0.832722 -0.0100448 88.3365 -0.832714 0.553669 0.00618105 1.7417 0.0107086 0.00494263 0.999931 2.52023
0.507564 0.861592 -0.00614168 88.5059 -0.861547 0.507601 0.00879931 1.40447 0.0106989 0.000825126 0.999942 2.52652
0.463209 0.886235 -0.00502108 88.6576 -0.886173 0.463236 0.0104912 1.05711 0.0116237 -0.000410098 0.999932 2.53195
0.421823 0.906617 -0.010566 88.7823 -0.906599 0.421912 0.00825335 0.700708 0.0119405 0.00609765 0.99991 2.53612
0.38321 0.923381 -0.0227609 88.8849 -0.923617 0.383316 0.000332404 0.328159 0.00903154 0.0208949 0.999741 2.53633
0.348499 0.93691 -0.027353 88.9846 -0.937291 0.348525 -0.00397625 -0.0437291 0.00580781 0.0270234 0.999618 2.5385
0.316236 0.948326 -0.0259362 89.0914 -0.948651 0.316324 -0.000767184 -0.415268 0.00747668 0.024847 0.999663 2.54325
0.28561 0.958203 -0.0165307 89.202 -0.958284 0.285746 0.00647774 -0.787359 0.0109306 0.013991 0.999842 2.5553
0.257231 0.966289 -0.0108853 89.2978 -0.966256 0.257347 0.0110662 -1.16888 0.0134944 0.00767143 0.99988 2.57063
0.232012 0.972638 -0.0120609 89.3745 -0.972594 0.23216 0.012764 -1.56584 0.0152148 0.00876893 0.999846 2.58128
0.208514 0.977855 -0.0179419 89.4352 -0.977875 0.208764 0.0133366 -1.97263 0.0167869 0.014764 0.99975 2.58847
0.188216 0.98174 -0.027578 89.4839 -0.981841 0.188765 0.0188479 -2.39266 0.0237095 0.0235297 0.999442 2.58023
0.168588 0.985207 -0.0307346 89.5389 -0.985188 0.169413 0.0265308 -2.81952 0.0313452 0.0258065 0.999175 2.57392
0.150917 0.988143 -0.0282262 89.5982 -0.988022 0.151706 0.0282436 -3.26484 0.0321908 0.0236257 0.999203 2.58128
0.135651 0.990462 -0.0241834 89.6532 -0.990404 0.136213 0.0233594 -3.72965 0.0264307 0.0207826 0.999435 2.59979
0.121164 0.992355 -0.0234901 89.6951 -0.992382 0.121631 0.0195943 -4.20432 0.0223016 0.020937 0.999532 2.618
0.107693 0.993867 -0.0251161 89.7283 -0.993989 0.108139 0.0171042 -4.6905 0.0197153 0.0231231 0.999538 2.63299
0.0958179 0.994988 -0.0286068 89.7536 -0.995224 0.0963006 0.0159906 -5.18905 0.0186653 0.026938 0.999463 2.64378
0.0852961 0.995848 -0.0318028 89.7759 -0.996174 0.0858471 0.0163764 -5.70266 0.0190386 0.0302842 0.99936 2.65492
0.0766475 0.99648 -0.0339491 89.7973 -0.996868 0.0772546 0.0169425 -6.23199 0.0195056 0.0325442 0.99928 2.66686
0.0705537 0.996872 -0.0356132 89.8174 -0.997315 0.0711979 0.0171513 -6.77882 0.0196332 0.0343075 0.999219 2.67767
0.0646765 0.997218 -0.0370633 89.8376 -0.997695 0.0653833 0.0181813 -7.3415 0.0205541 0.035802 0.999148 2.68642
0.0583031 0.9976 -0.0373533 89.8577 -0.998072 0.0590477 0.0191464 -7.92461 0.0213061 0.036165 0.999119 2.69393
0.0536023 0.997775 -0.0396386 89.8747 -0.998338 0.0543906 0.0190793 -8.52881 0.0211928 0.03855 0.999032 2.70409
0.0500327 0.997893 -0.0413015 89.8844 -0.998528 0.0508456 0.0188664 -9.14787 0.0209267 0.0402968 0.998969 2.71342
0.0465424 0.998021 -0.0422825 89.8964 -0.998707 0.0473574 0.0184762 -9.78668 0.0204421 0.0413679 0.998935 2.72441
0.0433698 0.998101 -0.0437516 89.9023 -0.998864 0.0441851 0.0178395 -10.4431 0.0197388 0.0429282 0.998883 2.73474
0.0418767 0.99796 -0.048188 89.9067 -0.998933 0.0427601 0.0174475 -11.1156 0.0194724 0.0474059 0.998686 2.74495
0.0420052 0.997758 -0.0521004 89.9079 -0.998931 0.0429469 0.0170861 -11.8036 0.0192853 0.0513271 0.998496 2.75397
0.0436549 0.997577 -0.0541719 89.916 -0.998861 0.0446295 0.0169122 -12.5103 0.0192889 0.0533719 0.998389 2.76419
0.0467036 0.997298 -0.0567094 89.9284 -0.998712 0.0477454 0.0171538 -13.2332 0.019815 0.0558352 0.998243 2.77563
0.0504156 0.997064 -0.0576289 89.9438 -0.99853 0.0514714 0.0169815 -13.9738 0.0198979 0.0566881 0.998194 2.78797
0.054254 0.996782 -0.0590193 89.9682 -0.998357 0.0552427 0.0152492 -14.7316 0.0184605 0.058095 0.99814 2.80477
0.0581884 0.996553 -0.0591258 89.998 -0.998157 0.0590996 0.0137773 -15.5031 0.0172241 0.0582152 0.998156 2.82256
0.0623327 0.996462 -0.0563801 90.0378 -0.99794 0.0630858 0.0116725 -16.2917 0.015188 0.0555364 0.998341 2.83862
0.0663851 0.996262 -0.055275 90.0793 -0.997693 0.0670638 0.0105094 -17.0862 0.014177 0.0544498 0.998416 2.85371
0.0703267 0.996116 -0.0529767 90.1268 -0.997409 0.0710256 0.011421 -17.8887 0.0151393 0.0520363 0.998531 2.87106
0.0735591 0.995979 -0.0511416 90.1778 -0.997122 0.0743949 0.01463 -18.6935 0.0183758 0.0499182 0.998584 2.89109
0.0747668 0.996132 -0.0461556 90.2348 -0.996906 0.0757903 0.0208334 -19.5024 0.0242509 0.0444552 0.998717 2.9116
0.0743626 0.996273 -0.0437011 90.2873 -0.996864 0.0754535 0.0238614 -20.317 0.0270699 0.0417896 0.99876 2.93247
0.0744269 0.996372 -0.0412785 90.3398 -0.996855 0.075465 0.0241801 -21.1351 0.0272075 0.039349 0.998855 2.96119
0.0744211 0.996497 -0.038145 90.3933 -0.996928 0.0752804 0.0216029 -21.955 0.0243988 0.0364201 0.999039 2.99401
0.0742812 0.99648 -0.0388725 90.4412 -0.996953 0.0751342 0.02096 -22.7729 0.0238069 0.0371971 0.999024 3.02402
0.0744944 0.996546 -0.03671 90.49 -0.996966 0.0752582 0.0198762 -23.5911 0.0225703 0.0351179 0.999128 3.05483
0.0741786 0.99663 -0.0350161 90.5365 -0.996994 0.0749029 0.0198409 -24.4078 0.0223968 0.033439 0.99919 3.08877
0.0742287 0.99671 -0.0325353 90.5871 -0.996974 0.0749244 0.0207051 -25.221 0.0230746 0.0309 0.999256 3.1189
0.0730083 0.996892 -0.0296144 90.637 -0.997041 0.073672 0.0219648 -26.0331 0.0240783 0.0279231 0.99932 3.14847
0.0702871 0.99717 -0.0266698 90.6869 -0.997242 0.0708812 0.0220174 -26.845 0.0238455 0.0250487 0.999402 3.17855
0.0665054 0.997502 -0.02382 90.7328 -0.997536 0.0670045 0.0207947 -27.6569 0.0223388 0.0223784 0.9995 3.209
0.0617286 0.997863 -0.0214023 90.7756 -0.997901 0.0621238 0.018314 -28.47 0.0196045 0.0202269 0.999603 3.24061
0.0554939 0.998278 -0.0190422 90.8109 -0.998314 0.0558009 0.0159706 -29.2826 0.0170056 0.0181238 0.999691 3.27048
0.0480706 0.998678 -0.01819 90.8375 -0.998706 0.0483586 0.015727 -30.0913 0.0165859 0.0174104 0.999711 3.29837
0.03933 0.999074 -0.0174203 90.8571 -0.999076 0.0396209 0.016669 -30.8946 0.0173437 0.0167486 0.999709 3.32384
0.0292052 0.999416 -0.0177545 90.8645 -0.999414 0.0295135 0.0173455 -31.6972 0.0178593 0.0172375 0.999692 3.34842
0.0189667 0.999647 -0.0186071 90.8648 -0.999678 0.0192743 0.0164877 -32.4962 0.0168405 0.0182884 0.999691 3.37414
0.00819464 0.999814 -0.0174555 90.8589 -0.999853 0.00845633 0.0149602 -33.2897 0.015105 0.0173303 0.999736 3.39993
-0.00296683 0.999827 -0.0183592 90.8415 -0.999897 -0.00270758 0.0141254 -34.0829 0.0140732 0.0183992 0.999732 3.4216
-0.0141145 0.999728 -0.018551 90.815 -0.999806 -0.0138557 0.0140002 -34.8704 0.0137394 0.018745 0.99973 3.44282
-0.0252422 0.999511 -0.0184634 90.7815 -0.999582 -0.024975 0.0145541 -35.6509 0.0140858 0.0188231 0.999724 3.46463
-0.0360633 0.999189 -0.0179319 90.7403 -0.999238 -0.0357858 0.0155597 -36.4272 0.0149054 0.0184794 0.999718 3.48557
-0.0464781 0.99875 -0.0184088 90.6906 -0.998797 -0.0461758 0.0165211 -37.1959 0.0156504 0.0191545 0.999694 3.50569
-0.0561199 0.998243 -0.0190209 90.633 -0.998294 -0.0557951 0.0171931 -37.9563 0.0161016 0.0199533 0.999671 3.52652
-0.0657898 0.997644 -0.019446 90.5669 -0.997701 -0.0654509 0.0175731 -38.7091 0.016259 0.0205574 0.999656 3.54851
-0.0753201 0.996962 -0.0198446 90.4967 -0.99703 -0.0749748 0.0175976 -39.4542 0.0160563 0.0211111 0.999648 3.56908
-0.0840519 0.996239 -0.0210329 90.4178 -0.996341 -0.0836947 0.0173186 -40.191 0.0154931 0.0224116 0.999629 3.59045
-0.0915717 0.995543 -0.0225467 90.3338 -0.995702 -0.0912233 0.0160236 -40.9203 0.0138954 0.023917 0.999617 3.61166
-0.0969405 0.994966 -0.0254016 90.2452 -0.995218 -0.0965942 0.0145211 -41.6389 0.0119943 0.0266878 0.999572 3.63432
-0.100994 0.994477 -0.0285559 90.1546 -0.994839 -0.100665 0.0127506 -42.3524 0.00980564 0.0296962 0.999511 3.65292
-0.103932 0.994117 -0.030493 90.0654 -0.99455 -0.103626 0.0114531 -43.0546 0.00822583 0.0315172 0.999469 3.66977
-0.105736 0.99391 -0.0310371 89.9786 -0.994367 -0.10545 0.0107339 -43.7404 0.0073957 0.0319972 0.999461 3.68613
-0.106809 0.993782 -0.0314432 89.8932 -0.994252 -0.106519 0.0107742 -44.4143 0.00735796 0.0324133 0.999448 3.70152
-0.10627 0.993811 -0.0323453 89.8087 -0.994302 -0.105934 0.0119303 -45.07 0.00842994 0.0334288 0.999406 3.71635
-0.103598 0.994058 -0.0333992 89.7285 -0.994572 -0.103208 0.0131981 -45.7085 0.00967256 0.0345852 0.999355 3.73114
-0.0988842 0.994534 -0.0335308 89.6564 -0.995042 -0.0984609 0.0140503 -46.3302 0.010672 0.0347539 0.999339 3.74634
-0.0913917 0.99527 -0.0329296 89.5947 -0.995748 -0.0909524 0.0146025 -46.9322 0.0115384 0.0341242 0.999351 3.76225
-0.0807673 0.996215 -0.0321234 89.5414 -0.996657 -0.0803214 0.0149366 -47.5166 0.0122998 0.0332224 0.999372 3.77922
-0.0675097 0.997208 -0.0319038 89.4977 -0.997635 -0.0670549 0.0151132 -48.0806 0.0129317 0.0328486 0.999377 3.79669
-0.0509773 0.99822 -0.0309731 89.4703 -0.998589 -0.0504851 0.0164677 -48.6245 0.0148747 0.0317689 0.999385 3.81374
-0.0306951 0.99908 -0.0299553 89.4584 -0.999363 -0.0301292 0.0191571 -49.1597 0.018237 0.0305242 0.999368 3.83461
-0.00702662 0.999566 -0.0285977 89.4603 -0.999729 -0.00638655 0.0224071 -49.6874 0.0222148 0.0287474 0.99934 3.856
0.0206821 0.999409 -0.0274478 89.4753 -0.999476 0.0213514 0.0243141 -50.2125 0.0248858 0.0269305 0.999328 3.87605
0.0529508 0.998243 -0.0266061 89.5075 -0.998263 0.0536038 0.0244534 -50.7348 0.0258367 0.025265 0.999347 3.89678
0.090055 0.995586 -0.0264361 89.5582 -0.995629 0.0906554 0.0224582 -51.2524 0.0247556 0.024298 0.999398 3.91836
0.131435 0.991003 -0.025273 89.6334 -0.991071 0.131936 0.0192568 -51.7639 0.022418 0.0225163 0.999495 3.94153
0.175678 0.98418 -0.0229623 89.7329 -0.984269 0.176043 0.0149782 -52.2663 0.0187836 0.0199697 0.999624 3.96472
0.223065 0.974616 -0.0191301 89.8558 -0.974675 0.223312 0.0118761 -52.7635 0.0158466 0.0159965 0.999747 3.98839
0.273521 0.961734 -0.0159213 90.0091 -0.961754 0.273705 0.0106968 -53.2426 0.0146452 0.0123865 0.999816 4.01309
0.326948 0.944918 -0.0153085 90.1829 -0.944921 0.327123 0.0106958 -53.7048 0.0151144 0.0109683 0.999826 4.03244
0.383583 0.923308 -0.0191284 90.3771 -0.923335 0.383828 0.0113075 -54.1502 0.0177823 0.0133245 0.999753 4.05175
0.442276 0.896588 -0.0228596 90.5982 -0.896579 0.442644 0.0145878 -54.5717 0.0231979 0.0140436 0.999632 4.07144
0.500795 0.865103 -0.0283043 90.8451 -0.865048 0.501359 0.0181955 -54.9729 0.0299316 0.0153724 0.999434 4.09184
0.558141 0.829233 -0.0291744 91.1238 -0.829006 0.558783 0.0226073 -55.3489 0.0350489 0.0115677 0.999319 4.111
0.613266 0.789317 -0.0297278 91.4282 -0.788919 0.613941 0.0261314 -55.7022 0.0388771 0.0074273 0.999216 4.13062
0.665785 0.745461 -0.0318989 91.7535 -0.744975 0.666527 0.0274789 -56.0346 0.0417459 0.00546886 0.999113 4.15193
0.714721 0.698613 -0.0333709 92.0989 -0.698149 0.715484 0.0259111 -56.3453 0.0419782 0.00477869 0.999107 4.17633
0.760213 0.648936 -0.030963 92.4664 -0.648554 0.760837 0.0224685 -56.6313 0.0381384 0.00300029 0.999268 4.20262
0.802211 0.596448 -0.0265827 92.8543 -0.596186 0.80265 0.0177759 -56.8898 0.031939 0.00158813 0.999489 4.23014
0.839407 0.543057 -0.0220305 93.2617 -0.542851 0.839696 0.0149482 -57.1193 0.0266167 -0.000588318 0.999646 4.25576
0.871508 0.490096 -0.0167405 93.6845 -0.489958 0.871666 0.011775 -57.3277 0.020363 -0.00205984 0.999791 4.27753
0.898052 0.43975 -0.011067 94.1226 -0.43963 0.898103 0.0117094 -57.5114 0.0150885 -0.00565026 0.99987 4.30036
0.919183 0.393754 -0.00772555 94.5704 -0.393638 0.919172 0.0131446 -57.6729 0.0122768 -0.00904121 0.999884 4.31883
0.935421 0.353523 -0.00296824 95.0359 -0.353409 0.93528 0.0188197 -57.8121 0.00942932 -0.0165553 0.999819 4.33041
0.947938 0.318432 -0.00368209 95.5012 -0.318268 0.947717 0.0232229 -57.9389 0.0108845 -0.020842 0.999724 4.33638
0.95786 0.287202 -0.00445344 95.9741 -0.287 0.957587 0.0256431 -58.0614 0.0116293 -0.0232843 0.999661 4.3416
0.964497 0.264005 -0.00683897 96.4483 -0.263826 0.964362 0.0200356 -58.1884 0.0118847 -0.01752 0.999776 4.3502
0.968714 0.248075 -0.0072135 96.9298 -0.247927 0.96863 0.0169569 -58.3085 0.0111938 -0.014638 0.99983 4.36389
0.971903 0.23528 -0.00695492 97.4236 -0.235098 0.971757 0.0204593 -58.4184 0.0115721 -0.0182493 0.999767 4.37205
0.974195 0.225636 -0.00562484 97.9313 -0.225422 0.973917 0.0258968 -58.5246 0.0113214 -0.0239606 0.999649 4.37406
0.975604 0.219471 -0.00540287 98.4465 -0.219182 0.97513 0.0328844 -58.6286 0.0124856 -0.0308979 0.999445 4.38247
0.976216 0.216656 -0.00788509 98.9711 -0.216196 0.975567 0.0391125 -58.7366 0.0161664 -0.0364775 0.999204 4.39598
0.976393 0.215786 -0.00966553 99.5033 -0.215225 0.975698 0.0411337 -58.8532 0.0183067 -0.0380824 0.999107 4.41385
0.975885 0.217924 -0.0125866 100.045 -0.217266 0.975273 0.0404644 -58.9783 0.0210935 -0.0367539 0.999102 4.43046
0.974822 0.22209 -0.0199277 100.594 -0.221215 0.974456 0.0387133 -59.1114 0.0280165 -0.0333303 0.999052 4.44284
0.973737 0.226265 -0.0253257 101.153 -0.22522 0.973549 0.0384554 -59.2454 0.0333569 -0.0317416 0.998939 4.45652
0.97275 0.230654 -0.0235891 101.734 -0.229513 0.972349 0.0431423 -59.3773 0.0328878 -0.0365527 0.998791 4.47716
0.971525 0.236204 -0.0186336 102.329 -0.235144 0.970842 0.0466207 -59.5125 0.0291023 -0.0409116 0.998739 4.50051
0.970433 0.240936 -0.0144922 102.932 -0.240108 0.969747 0.0440323 -59.6656 0.0246627 -0.0392507 0.998925 4.52433
0.969601 0.244507 -0.00947846 103.546 -0.243962 0.968976 0.0396037 -59.8282 0.0188678 -0.0360874 0.999171 4.54722
0.968781 0.247866 -0.00508216 104.17 -0.24752 0.968184 0.0367951 -59.9928 0.0140407 -0.0343885 0.99931 4.56818
0.967977 0.250996 -0.00476731 104.801 -0.250717 0.967517 0.0324339 -60.1617 0.0127532 -0.0302 0.999463 4.58424
0.967803 0.251569 -0.00842798 105.437 -0.251237 0.967495 0.0288693 -60.336 0.0154166 -0.0258224 0.999548 4.6003
0.967789 0.251327 -0.0147936 106.082 -0.250857 0.967623 0.027869 -60.5086 0.0213188 -0.0232602 0.999502 4.61707
0.967782 0.25077 -0.0226172 106.737 -0.250082 0.967779 0.0294 -60.6776 0.0292611 -0.0227966 0.999312 4.63428
0.968247 0.248604 -0.0263414 107.41 -0.247711 0.96827 0.033061 -60.8478 0.0337247 -0.0254862 0.999106 4.65308
0.968976 0.246095 -0.0228535 108.1 -0.245325 0.968914 0.0319632 -61.0241 0.0300091 -0.0253651 0.999228 4.67501
0.969561 0.244294 -0.0164917 108.807 -0.243791 0.969434 0.0276435 -61.2066 0.0227408 -0.0227816 0.999482 4.70258
0.97028 0.241801 -0.00945305 109.524 -0.241467 0.970017 0.0275756 -61.3855 0.0158374 -0.0244734 0.999575 4.73097
0.970743 0.239953 -0.00894392 110.246 -0.239584 0.970393 0.0306068 -61.5588 0.0160233 -0.0275685 0.999492 4.75352
0.971147 0.238163 -0.0122899 110.976 -0.237587 0.970682 0.0364486 -61.7283 0.0206103 -0.0324771 0.99926 4.77265
0.971913 0.234685 -0.0175841 111.715 -0.233906 0.971524 0.0378155 -61.9065 0.0259581 -0.0326404 0.99913 4.79111
0.972799 0.230668 -0.0213087 112.467 -0.229791 0.972532 0.0371259 -62.0867 0.0292872 -0.0312195 0.999083 4.81256
0.973707 0.226893 -0.0203449 113.234 -0.226103 0.97347 0.0351178 -62.2689 0.0277731 -0.0295944 0.999176 4.83902
0.974554 0.223265 -0.0199118 114.01 -0.222604 0.97442 0.0308693 -62.4535 0.0262945 -0.0256514 0.999325 4.8682
0.975045 0.221332 -0.0173163 114.8 -0.220776 0.974885 0.0292964 -62.6368 0.0233657 -0.0247423 0.999421 4.8979
0.975438 0.219741 -0.0153293 115.609 -0.2193 0.975306 0.0262023 -62.8221 0.0207085 -0.022197 0.999539 4.92307
0.975609 0.218992 -0.0151443 116.419 -0.21866 0.975577 0.0209209 -63.0114 0.0193559 -0.0170992 0.999667 4.94714
0.975767 0.218385 -0.0136587 117.238 -0.218068 0.975697 0.0215151 -63.195 0.0180253 -0.0180152 0.999675 4.97329
0.975641 0.2189 -0.0143892 118.058 -0.218482 0.975493 0.026058 -63.3724 0.0197407 -0.0222795 0.999557 4.99883
0.975458 0.219585 -0.0162898 118.884 -0.218991 0.975199 0.0320863 -63.5499 0.0229314 -0.0277315 0.999353 5.02379
0.975266 0.220449 -0.016061 119.713 -0.21968 0.974761 0.0397714 -63.728 0.0244232 -0.0352594 0.99908 5.048
0.974712 0.223041 -0.0137576 120.551 -0.222188 0.973875 0.0469088 -63.9061 0.0238608 -0.0426658 0.998805 5.07659
0.974021 0.226231 -0.0101111 121.392 -0.225465 0.972964 0.0500753 -64.0912 0.0211663 -0.0464947 0.998694 5.10784
0.973445 0.228682 -0.0105024 122.231 -0.227885 0.972376 0.0505446 -64.2864 0.0217709 -0.0468091 0.998667 5.1369
0.972911 0.230771 -0.0137381 123.072 -0.229823 0.971921 0.0505185 -64.4823 0.0250106 -0.0459927 0.998629 5.16136
0.972694 0.231638 -0.0144675 123.927 -0.230833 0.972025 0.0434098 -64.6883 0.0241181 -0.0388849 0.998953 5.1789
0.972591 0.231955 -0.0162284 124.776 -0.231248 0.9722 0.036761 -64.897 0.0243042 -0.0320006 0.999192 5.20169
0.972247 0.233366 -0.0166006 125.624 -0.232688 0.971919 0.0350828 -65.0991 0.0243215 -0.0302464 0.999247 5.22761
0.972035 0.234418 -0.0139866 126.476 -0.23375 0.971545 0.0382359 -65.2943 0.0225518 -0.0338973 0.999171 5.25125
0.971886 0.235303 -0.00832482 127.329 -0.234805 0.971233 0.0396685 -65.4909 0.0174194 -0.0365985 0.999178 5.2743
0.971696 0.236229 -0.00122563 128.178 -0.235959 0.970807 0.0431117 -65.6892 0.0113741 -0.0416023 0.99907 5.30188
0.971358 0.237508 -0.00728596 128.998 -0.236995 0.970573 0.0426941 -65.8957 0.0172117 -0.0397445 0.999062 5.33434
0.971007 0.238054 -0.0218037 129.807 -0.237083 0.970681 0.0396334 -66.1114 0.0305992 -0.033315 0.998976 5.36805
0.970744 0.237675 -0.0341516 130.615 -0.236472 0.970978 0.0358113 -66.33 0.0416719 -0.0266877 0.998775 5.40315
0.971149 0.236735 -0.0287293 131.443 -0.235746 0.971219 0.0340172 -66.5429 0.0359555 -0.026263 0.999008 5.44216
0.971876 0.23536 -0.00797168 132.285 -0.235057 0.971577 0.0280498 -66.7555 0.0143469 -0.0253872 0.999575 5.48296
0.972192 0.23399 0.00954528 133.122 -0.234159 0.971883 0.0247841 -66.9655 -0.00347766 -0.0263301 0.999647 5.52269
0.972372 0.233378 0.00527269 133.931 -0.233434 0.971992 0.0271949 -67.1692 0.00122167 -0.0276744 0.999616 5.54062
0.972577 0.23241 -0.00895747 134.726 -0.231971 0.972091 0.0350562 -67.3677 0.0168549 -0.032017 0.999345 5.54698
0.972686 0.231414 -0.018137 135.524 -0.230663 0.972362 0.03615 -67.5734 0.0260013 -0.0309791 0.999182 5.55585
0.973081 0.229532 -0.0207205 136.327 -0.228805 0.972931 0.0324628 -67.7829 0.0276108 -0.026848 0.999258 5.58163
0.973769 0.226878 -0.0173346 137.136 -0.226256 0.973543 0.0319814 -67.976 0.0241318 -0.0272205 0.999338 5.60758
0.97453 0.223438 -0.0191402 137.937 -0.222779 0.974358 0.031555 -68.1638 0.0257 -0.0264873 0.999319 5.62152
0.975549 0.218728 -0.0214857 138.734 -0.217995 0.975426 0.0319877 -68.3501 0.0279543 -0.0265218 0.999257 5.63143
0.976272 0.215671 -0.0195001 139.534 -0.214873 0.97596 0.0364887 -68.5241 0.0269009 -0.0314328 0.999144 5.65202
0.976713 0.213612 -0.0200203 140.332 -0.212621 0.976196 0.0428258 -68.6954 0.0286919 -0.0375718 0.998882 5.66951
0.977166 0.211783 -0.0171454 141.133 -0.210847 0.976486 0.0449367 -68.8708 0.0262591 -0.0402956 0.998843 5.69325
0.977555 0.210292 -0.0128127 141.933 -0.209575 0.976846 0.0430131 -69.0509 0.0215613 -0.0393624 0.998993 5.71717
0.977838 0.208989 -0.0124846 142.727 -0.208312 0.97717 0.0417634 -69.2287 0.0209277 -0.0382372 0.99905 5.74076
0.978304 0.206513 -0.0165686 143.519 -0.205727 0.977793 0.0399726 -69.4018 0.0244555 -0.0356967 0.999063 5.76287
0.979155 0.202081 -0.0204751 144.303 -0.20128 0.978886 0.0356044 -69.5757 0.0272377 -0.030741 0.999156 5.78113
0.9804 0.195635 -0.0232953 145.096 -0.194848 0.980302 0.0322867 -69.7401 0.0291528 -0.0271148 0.999207 5.80443
0.981795 0.188969 -0.0192266 145.897 -0.188324 0.981613 0.0311388 -69.893 0.0247573 -0.026951 0.99933 5.83165
0.983093 0.182795 -0.0106757 146.702 -0.182424 0.982791 0.0290398 -70.0429 0.0158003 -0.0266013 0.999521 5.86003
0.983937 0.178498 -0.00256831 147.508 -0.178382 0.983653 0.0246248 -70.1836 0.00692179 -0.0237711 0.999694 5.87913
0.984665 0.174438 0.00265038 148.309 -0.174435 0.984172 0.0312785 -70.3103 0.00284772 -0.0312612 0.999507 5.89502
0.985423 0.170117 -0.00158322 149.102 -0.16996 0.984837 0.0347925 -70.434 0.00747798 -0.0340162 0.999393 5.90851
0.986494 0.163362 -0.0119163 149.888 -0.162857 0.98602 0.0352456 -70.5639 0.0175075 -0.0328289 0.999308 5.91964
0.98743 0.156891 -0.0191803 150.683 -0.156221 0.987187 0.0325042 -70.6916 0.0240342 -0.0290992 0.999288 5.93038
0.988457 0.150273 -0.0192746 151.489 -0.149638 0.988256 0.0309703 -70.8132 0.0237022 -0.0277286 0.999335 5.95021
0.989662 0.142686 -0.0145169 152.305 -0.142061 0.989145 0.0375565 -70.9196 0.0197181 -0.0351059 0.999189 5.97777
0.990738 0.134986 -0.0147244 153.116 -0.13424 0.989999 0.0433832 -71.0174 0.0204332 -0.0410048 0.99895 5.99998
0.991909 0.125335 -0.0201959 153.922 -0.124301 0.991169 0.0461959 -71.1192 0.0258075 -0.0433117 0.998728 6.019
0.992883 0.116757 -0.0234696 154.731 -0.115627 0.992282 0.0447974 -71.218 0.0285189 -0.0417649 0.99872 6.03445
0.993827 0.108692 -0.022244 155.549 -0.107618 0.993183 0.044794 -71.3084 0.0269611 -0.0421236 0.998749 6.05408
0.99479 0.100802 -0.0152042 156.374 -0.0999756 0.993842 0.0477888 -71.3809 0.0199278 -0.0460198 0.998742 6.07269
0.995649 0.0927246 -0.00929445 157.202 -0.092139 0.994451 0.0507763 -71.4453 0.0139511 -0.049699 0.998667 6.09435
0.996358 0.0850847 -0.00562252 158.025 -0.084698 0.995145 0.0501347 -71.5096 0.0098609 -0.0494758 0.998727 6.11342
0.996891 0.0786783 -0.00421584 158.847 -0.0783701 0.995669 0.0500242 -71.5714 0.00813339 -0.0495383 0.998739 6.13005
0.997222 0.0742808 -0.00548755 159.668 -0.0739198 0.996035 0.0494995 -71.6273 0.00914264 -0.0489563 0.998759 6.14736
0.997483 0.0699803 -0.0114332 160.485 -0.0692716 0.996153 0.053672 -71.6751 0.0151452 -0.0527449 0.998493 6.16557
0.997636 0.0666615 -0.0166854 161.301 -0.065537 0.996002 0.0607002 -71.7113 0.020665 -0.0594632 0.998017 6.18062
0.99774 0.0640503 -0.0203116 162.12 -0.0626897 0.996122 0.0617288 -71.7494 0.0241866 -0.060316 0.997886 6.19383
0.998046 0.0607767 -0.0145148 162.954 -0.0597417 0.996197 0.0634198 -71.7904 0.0183141 -0.0624287 0.997882 6.20819
0.998285 0.0583178 -0.00510392 163.794 -0.0578596 0.996175 0.065483 -71.8247 0.00890321 -0.0650754 0.997841 6.22135
0.998493 0.0547976 0.00311101 164.63 -0.054883 0.996284 0.0663727 -71.8609 0.000537606 -0.0664434 0.99779 6.23532
0.998742 0.0501325 0.000818923 165.453 -0.050081 0.996667 0.0643931 -71.8978 0.00241198 -0.0643531 0.997924 6.24436
0.998948 0.0451214 -0.00820313 166.267 -0.0446129 0.997536 0.0541403 -71.9434 0.0106258 -0.0537174 0.9985 6.25051
0.999137 0.0383417 -0.0159761 167.084 -0.037526 0.998115 0.0485569 -71.9796 0.0178077 -0.0479155 0.998693 6.25193
0.9994 0.0314552 -0.0145324 167.911 -0.0306544 0.998157 0.0523725 -71.9942 0.016153 -0.0518955 0.998522 6.25888
0.999665 0.0239524 -0.00982046 168.745 -0.0234264 0.998446 0.0505595 -72.0093 0.0110162 -0.0503125 0.998673 6.27075
0.999851 0.0164277 -0.00529482 169.582 -0.0161643 0.998791 0.0464187 -72.0271 0.00605096 -0.0463262 0.998908 6.28127
0.999939 0.0105659 -0.00321101 170.422 -0.0104361 0.999223 0.0380227 -72.0426 0.00361025 -0.0379869 0.999272 6.28689
0.999987 0.00446801 -0.00243075 171.265 -0.00438399 0.99943 0.0334627 -72.0504 0.00257887 -0.0334516 0.999437 6.29597
0.999968 -0.00162421 -0.0078707 172.101 0.00185988 0.999548 0.0300115 -72.0494 0.00781839 -0.0300252 0.999519 6.30496
0.9998 -0.00873496 -0.0179738 172.93 0.00913545 0.999709 0.0223126 -72.0487 0.0177736 -0.0224723 0.99959 6.31031
0.999546 -0.0159609 -0.0255559 173.762 0.0162309 0.999814 0.0103875 -72.0524 0.0253853 -0.0107976 0.99962 6.32156
0.999596 -0.0222301 -0.0177185 174.613 0.0224534 0.99967 0.0124975 -72.032 0.0174348 -0.0128903 0.999765 6.33592
0.999613 -0.0273575 -0.00499733 175.473 0.0274638 0.999368 0.022587 -71.9908 0.00437624 -0.0227155 0.999732 6.35207
0.999472 -0.0322817 0.00368178 176.328 0.0321615 0.99906 0.029055 -71.9488 -0.00461627 -0.0289212 0.999571 6.3681
0.999341 -0.0362359 0.0020789 177.173 0.0361613 0.998931 0.0287854 -71.9118 -0.00311975 -0.0286912 0.999584 6.37433
0.999242 -0.0380012 -0.00842881 178.009 0.0382368 0.998825 0.0297879 -71.8708 0.00728692 -0.0300876 0.999521 6.3777
0.999002 -0.0404579 -0.0189099 178.847 0.0411886 0.998351 0.0399914 -71.8167 0.0172607 -0.0407303 0.999021 6.38544
0.998848 -0.0423728 -0.0225021 179.693 0.0432528 0.998256 0.0401723 -71.7724 0.0207606 -0.0410993 0.998939 6.39814
0.998797 -0.0452748 -0.0188631 180.55 0.0458981 0.998367 0.0340269 -71.7411 0.0172917 -0.0348517 0.999243 6.41707
0.998903 -0.0457863 -0.00984597 181.411 0.0460988 0.998349 0.0342628 -71.6989 0.00826094 -0.0346791 0.999364 6.43499
0.998957 -0.045529 -0.00358877 182.274 0.0456295 0.9983 0.0362609 -71.6499 0.00193174 -0.0363869 0.999336 6.45471
0.998876 -0.0471594 -0.00485809 183.13 0.0473013 0.998266 0.0350472 -71.6073 0.00319684 -0.0352376 0.999374 6.47278
0.998717 -0.0491119 -0.0123101 183.977 0.0495071 0.99819 0.0341565 -71.5633 0.0106103 -0.0347221 0.999341 6.48964
0.99841 -0.0513059 -0.0233535 184.822 0.0518624 0.998369 0.0238711 -71.532 0.0220906 -0.0250443 0.999442 6.50555
0.998154 -0.053813 -0.028141 185.67 0.0541761 0.998456 0.0122974 -71.5033 0.0274358 -0.0137993 0.999528 6.52674
0.998204 -0.0549726 -0.0238205 186.53 0.0553119 0.998374 0.0138172 -71.4548 0.0230222 -0.0151099 0.999621 6.5523
0.998314 -0.0561527 -0.0146942 187.391 0.0564301 0.998222 0.0191869 -71.3981 0.0135906 -0.0199837 0.999708 6.58301
0.998285 -0.0578379 -0.00906259 188.241 0.0580243 0.998076 0.0218454 -71.343 0.00778165 -0.0223338 0.99972 6.6088
0.998187 -0.0588194 -0.0127524 189.08 0.059063 0.998061 0.0196338 -71.2963 0.0115728 -0.0203514 0.999726 6.62731
0.998082 -0.0588676 -0.0191599 189.915 0.059245 0.998048 0.0197541 -71.2502 0.0179596 -0.0208514 0.999621 6.64393
0.998033 -0.058954 -0.0213256 190.753 0.0595085 0.99788 0.0263697 -71.189 0.0197258 -0.0275869 0.999425 6.66306
0.998086 -0.0593723 -0.0172937 191.594 0.0598674 0.997766 0.0296642 -71.1323 0.0154938 -0.0306427 0.99941 6.68638
0.998082 -0.0601881 -0.0144778 192.431 0.0606423 0.997605 0.0332861 -71.0767 0.0124397 -0.0341002 0.999341 6.71027
0.998098 -0.0605234 -0.0117157 193.267 0.0609136 0.997478 0.0364346 -71.0203 0.00948095 -0.037079 0.999267 6.72838
0.998065 -0.0610005 -0.0120702 194.098 0.0614417 0.997294 0.0403611 -70.9591 0.00957548 -0.0410246 0.999112 6.74581
0.998002 -0.0615707 -0.0141522 194.922 0.0620773 0.997322 0.0386756 -70.9026 0.011733 -0.0394769 0.999152 6.76376
0.997847 -0.0624226 -0.0201426 195.735 0.0631976 0.997181 0.0404533 -70.8435 0.0175606 -0.0416392 0.998978 6.77824
0.997746 -0.0636153 -0.0213397 196.547 0.0644601 0.997055 0.0415551 -70.7823 0.0186333 -0.042837 0.998908 6.79098
0.997909 -0.0607887 -0.0219422 197.258 0.0616621 0.99723 0.0415965 -70.7385 0.0193528 -0.0428625 0.998894 6.80165
0.998076 -0.057766 -0.022537 197.964 0.0586669 0.997411 0.0415937 -70.6955 0.0200759 -0.0428359 0.998881 6.81224
0.998232 -0.0547419 -0.0231319 198.67 0.0556702 0.997583 0.0415947 -70.6525 0.020799 -0.0428089 0.998867 6.82282
0.99838 -0.0517179 -0.0237267 199.376 0.0526738 0.997745 0.0415994 -70.6095 0.0215217 -0.0427818 0.998853 6.8334
0.998518 -0.0486936 -0.0243213 200.083 0.049677 0.997898 0.0416078 -70.5665 0.0222441 -0.0427544 0.998838 6.84398
