0.999993 -0.00338965 -0.00152933 0.683455 0.00338574 0.999991 -0.00254824 -0.00239969 0.00153795 0.00254304 0.999996 0.0114114
0.999969 -0.00729408 -0.00298192 1.38709 0.00728995 0.999972 -0.00139532 0.0109358 0.00299201 0.00137354 0.999995 0.0164487
0.999926 -0.0113691 -0.00437093 2.10601 0.0113644 0.999935 -0.00110744 0.0175734 0.00438323 0.00105769 0.99999 0.0198259
0.999858 -0.0161071 -0.0050262 2.8492 0.0161099 0.99987 0.000512403 0.0409491 0.00501729 -0.000593302 0.999987 0.0225324
0.999776 -0.0205428 -0.00507477 3.59401 0.0205407 0.999789 -0.000471703 0.0571015 0.00508339 0.000367358 0.999987 0.0298817
0.999663 -0.0252827 -0.00595368 4.35088 0.0252869 0.99968 0.000627935 0.0868844 0.0059359 -0.000778273 0.999982 0.0414578
0.999529 -0.0299855 -0.00657866 5.13055 0.0300108 0.999542 0.00378129 0.118526 0.00646226 -0.00397694 0.999971 0.0544401
0.999388 -0.0345128 -0.00567822 5.92688 0.0345459 0.999386 0.00583692 0.153117 0.00547328 -0.00602951 0.999967 0.0570093
0.999242 -0.0388041 -0.00303522 6.73218 0.0388214 0.999229 0.0058641 0.191831 0.00280533 -0.00597749 0.999978 0.0667282
0.999091 -0.0426232 -0.0007721 7.54294 0.0426261 0.999082 0.00427282 0.223006 0.000589269 -0.00430185 0.999991 0.0759666
0.99898 -0.0451528 -0.00073104 8.35728 0.0451557 0.998969 0.00459725 0.267486 0.000522708 -0.00462557 0.999989 0.0844604
0.998878 -0.0473325 -0.00136326 9.18111 0.0473381 0.998869 0.00435612 0.311625 0.00115554 -0.00441576 0.99999 0.0844506
0.998793 -0.0491029 -0.00143507 10.0113 0.0491064 0.99879 0.00253742 0.349519 0.00130874 -0.00260483 0.999996 0.0975166
0.998683 -0.0512941 -0.000799429 10.8577 0.051296 0.99868 0.00260255 0.39577 0.000664879 -0.00264013 0.999996 0.100131
0.998624 -0.0524338 -0.000759526 11.7179 0.0524337 0.998624 -3.39945e-05 0.437685 0.000760263 -5.87704e-06 1 0.107714
0.998527 -0.0541924 -0.00258767 12.5814 0.0541942 0.99853 0.000640909 0.496033 0.00254913 -0.000780201 0.999996 0.113395
0.998441 -0.0555717 -0.00524959 13.4545 0.0555822 0.998452 0.00187476 0.554237 0.00513728 -0.00216362 0.999984 0.122709
0.998334 -0.0572887 -0.00683054 14.3344 0.0573295 0.998338 0.00594558 0.615209 0.00647857 -0.00632727 0.999959 0.134176
0.998263 -0.0585166 -0.006851 15.2164 0.0585702 0.998252 0.00790729 0.666647 0.00637631 -0.00829482 0.999945 0.13775
0.998195 -0.0598126 -0.00533454 16.1333 0.0598539 0.998176 0.00795079 0.724533 0.00484925 -0.00825573 0.999954 0.146065
0.998111 -0.0612975 -0.00408679 17.0258 0.0613281 0.998087 0.00784875 0.784139 0.00359787 -0.00808456 0.999961 0.159528
0.998049 -0.0623265 -0.0035537 17.9336 0.062352 0.998025 0.00757375 0.840726 0.00307464 -0.00778056 0.999965 0.173823
0.997951 -0.0638419 -0.00434697 18.8438 0.0638698 0.997936 0.00660973 0.90958 0.00391602 -0.00687382 0.999969 0.17927
0.997879 -0.064919 -0.0048031 19.7609 0.0649478 0.99787 0.0061079 0.968291 0.00439635 -0.00640689 0.99997 0.190396
0.997841 -0.0655891 -0.00323626 20.6856 0.065611 0.997819 0.00719576 1.02958 0.00275724 -0.00739257 0.999969 0.201377
0.997834 -0.0657848 3.11574e-05 21.6117 0.0657816 0.99779 0.00939516 1.09671 -0.000649147 -0.00937276 0.999956 0.209105
0.997872 -0.0650952 0.00365527 22.55 0.0650573 0.997835 0.00968766 1.16257 -0.00427798 -0.00942924 0.999946 0.211134
0.997951 -0.0636349 0.00670176 23.4837 0.0635727 0.997936 0.00911477 1.22677 -0.00726794 -0.00867004 0.999936 0.210816
0.99805 -0.0619274 0.00778181 24.4344 0.0618818 0.998066 0.0059693 1.29108 -0.00813643 -0.00547611 0.999952 0.208927
0.998166 -0.0602854 0.00547385 25.3754 0.0602607 0.998172 0.00456801 1.35437 -0.00573923 -0.00422978 0.999975 0.209484
0.998245 -0.0592109 0.00134644 26.3388 0.0592053 0.998238 0.0038826 1.42525 -0.00157396 -0.00379606 0.999992 0.215148
0.998321 -0.0578915 -0.00176687 27.2914 0.0579002 0.998308 0.00535906 1.48262 0.00145363 -0.00545237 0.999984 0.219513
0.998363 -0.0571749 -0.00129622 28.2713 0.057183 0.998335 0.00751838 1.53902 0.000864199 -0.0075802 0.999971 0.234725
0.998368 -0.0570232 0.00305392 29.2428 0.0569983 0.998344 0.00771137 1.59966 -0.00348859 -0.00752472 0.999966 0.235909
0.998299 -0.0578747 0.00701101 30.2234 0.0578577 0.998321 0.00260559 1.65633 -0.00715004 -0.00219551 0.999972 0.236667
0.998241 -0.0588124 0.00753489 31.2009 0.0588743 0.998231 -0.00827644 1.70127 -0.0070348 0.00870549 0.999937 0.237323
0.998169 -0.0603139 0.00459846 32.1777 0.060362 0.998114 -0.0111568 1.75831 -0.00391687 0.011414 0.999927 0.24374
0.998078 -0.0619625 0.00111531 33.1617 0.0619707 0.998024 -0.0103803 1.82131 -0.000469917 0.0104294 0.999946 0.254807
0.997966 -0.0637536 -0.000256894 34.1529 0.0637504 0.997942 -0.00684711 1.89051 0.000692893 0.0068168 0.999977 0.253928
0.997912 -0.0645829 0.00073015 35.159 0.064586 0.997896 -0.00565353 1.95467 -0.000363492 0.00568888 0.999984 0.269357
0.99782 -0.0659093 0.00319065 36.1624 0.0659198 0.997819 -0.00331657 2.03273 -0.0029651 0.00351967 0.999989 0.272763
0.997745 -0.0669485 0.00471014 37.155 0.0669559 0.997755 -0.00143416 2.11021 -0.00460355 0.0017463 0.999988 0.279891
0.997666 -0.0679071 0.00710777 38.1519 0.0679179 0.99769 -0.00128406 2.185 -0.00700415 0.00176381 0.999974 0.277731
0.997636 -0.0679584 0.0102069 39.1623 0.0679674 0.997687 -0.000530686 2.24637 -0.0101472 0.00122317 0.999948 0.286938
0.997557 -0.0687142 0.0126114 40.1698 0.0686963 0.997636 0.00185031 2.33441 -0.0127087 -0.000979436 0.999919 0.281576
0.997569 -0.0685611 0.0124738 41.1625 0.068528 0.997644 0.00306439 2.40534 -0.0126545 -0.00220214 0.999918 0.278453
0.997583 -0.0685377 0.0114126 42.1523 0.0685345 0.997649 0.000669145 2.47541 -0.0114316 0.000114628 0.999935 0.275791
0.997612 -0.0684702 0.00903401 43.1486 0.0684402 0.997649 0.00359002 2.55315 -0.00925858 -0.00296316 0.999953 0.28061
0.997547 -0.0694749 0.00852276 44.1429 0.0694245 0.997569 0.00607985 2.62729 -0.00892443 -0.00547325 0.999945 0.283078
0.997446 -0.0707394 0.00983706 45.1397 0.0707182 0.997493 0.00248073 2.69428 -0.00998788 -0.00177874 0.999949 0.278428
0.997372 -0.0716427 0.0108034 46.1266 0.071612 0.997427 0.003203 2.76856 -0.0110051 -0.00242093 0.999937 0.27437
0.99738 -0.0717809 0.00893569 47.1119 0.0717619 0.997419 0.00243027 2.84509 -0.00908708 -0.00178266 0.999957 0.287215
0.997364 -0.0724379 0.00422486 48.0828 0.0724161 0.997361 0.00511507 2.92595 -0.00458424 -0.00479564 0.999978 0.284238
0.997337 -0.0728796 0.00257726 49.0558 0.0728611 0.99732 0.00668654 3.00551 -0.00305767 -0.00648096 0.999974 0.293092
0.997297 -0.0733035 0.00497602 50.0372 0.0732667 0.997286 0.00721816 3.07865 -0.00549163 -0.00683407 0.999962 0.287999
0.997268 -0.0733473 0.00879873 51.0074 0.0733173 0.997302 0.00368066 3.14967 -0.00904495 -0.0030255 0.999955 0.299463
0.99724 -0.073595 0.00977449 51.9709 0.073567 0.997285 0.00319462 3.2223 -0.00998306 -0.00246673 0.999947 0.298331
0.99723 -0.0737807 0.00939005 52.94 0.073787 0.997274 -0.000324047 3.29183 -0.00934054 0.00101601 0.999956 0.306733
0.997211 -0.0741464 0.00846208 53.904 0.0741774 0.997239 -0.00340671 3.35899 -0.00818612 0.00402491 0.999958 0.31525
0.997135 -0.0750717 0.00930043 54.8528 0.0751121 0.997167 -0.00406294 3.4337 -0.00896907 0.00474988 0.999949 0.312836
0.997034 -0.0758812 0.0128687 55.8063 0.0759603 0.997094 -0.00577074 3.50065 -0.0123934 0.00673113 0.999901 0.306845
0.996888 -0.0766539 0.0183763 56.781 0.0768068 0.997016 -0.00776699 3.5692 -0.0177261 0.00915425 0.999801 0.314523
0.996783 -0.0773671 0.020926 57.7296 0.0775372 0.996962 -0.0074448 3.65144 -0.0202865 0.0090434 0.999753 0.304286
0.996736 -0.0786015 0.0184301 58.668 0.0787603 0.996861 -0.00805195 3.73171 -0.0177393 0.00947723 0.999798 0.302843
0.996719 -0.0800767 0.0118301 59.6036 0.0801647 0.996756 -0.00715732 3.81384 -0.0112186 0.00808219 0.999904 0.303095
0.99671 -0.0808223 0.00613247 60.521 0.0808494 0.996717 -0.00430378 3.89025 -0.00576449 0.00478542 0.999972 0.309777
0.996629 -0.0818483 0.00553503 61.4393 0.0818401 0.996644 0.00169612 3.98395 -0.00565528 -0.00123741 0.999983 0.303789
0.99655 -0.0826667 0.00743197 62.3391 0.0826277 0.996566 0.00541062 4.06813 -0.00785372 -0.00477786 0.999958 0.308108
0.996444 -0.0837768 0.00893492 63.2172 0.0837257 0.996471 0.00595472 4.1489 -0.00940226 -0.00518547 0.999942 0.315052
0.996346 -0.0849432 0.00894887 64.0931 0.0848871 0.99637 0.00647703 4.22695 -0.00946656 -0.00569372 0.999939 0.319122
0.996215 -0.0864062 0.00943697 64.9464 0.0863383 0.996239 0.0073797 4.3083 -0.0100391 -0.006537 0.999928 0.318515
0.996091 -0.087768 0.00998731 65.7937 0.0876898 0.996116 0.00801757 4.38742 -0.0106522 -0.00711044 0.999918 0.324108
0.995954 -0.0892628 0.0103918 66.6239 0.0891717 0.995976 0.0089219 4.46421 -0.0111464 -0.00795915 0.999906 0.332078
0.995838 -0.0904393 0.011331 67.438 0.0903353 0.995867 0.00937818 4.54371 -0.0121323 -0.00831555 0.999892 0.334328
0.995687 -0.0917792 0.0135359 68.2405 0.0916098 0.995715 0.0126513 4.62373 -0.014639 -0.0113567 0.999828 0.33874
0.995523 -0.0929728 0.0170444 69.0341 0.092727 0.995583 0.0146861 4.70104 -0.0183346 -0.0130399 0.999747 0.329109
0.995317 -0.0947595 0.019072 69.8141 0.0944782 0.995412 0.0151448 4.78152 -0.0204196 -0.013272 0.999703 0.325835
0.995235 -0.0961097 0.0164588 70.5699 0.0958633 0.995279 0.0151537 4.86357 -0.0178375 -0.0135037 0.99975 0.337856
0.995219 -0.0972124 0.00939507 71.2944 0.0970625 0.995161 0.0152815 4.93849 -0.0108352 -0.0142965 0.999839 0.337348
0.995127 -0.0985375 0.00346557 72.0036 0.098476 0.995028 0.0148582 5.01639 -0.00491243 -0.0144445 0.999884 0.341764
0.995092 -0.0989445 0.00147975 72.6958 0.0989009 0.994928 0.0183667 5.08737 -0.00328952 -0.0181302 0.99983 0.340164
0.995012 -0.0996835 0.00388131 73.3819 0.0995747 0.994785 0.0220773 5.16453 -0.00606181 -0.0215807 0.999749 0.344495
0.994868 -0.10098 0.00642601 74.0385 0.100835 0.994705 0.0198503 5.24102 -0.00839646 -0.0191004 0.999782 0.348273
0.994795 -0.1018 0.00447938 74.6734 0.101717 0.994684 0.0160424 5.30198 -0.00608869 -0.0155032 0.999861 0.357745
0.994807 -0.10178 0.000357132 75.2927 0.101772 0.994764 0.00930667 5.35613 -0.00130249 -0.009222 0.999957 0.369573
0.994912 -0.100674 -0.00375238 75.8912 0.100692 0.994906 0.0047649 5.41489 0.00325356 -0.00511849 0.999982 0.380478
0.995193 -0.0978227 -0.00458696 76.4804 0.097855 0.995173 0.0074557 5.48113 0.00383549 -0.00786872 0.999962 0.388828
0.995589 -0.0937904 -0.00257512 77.0468 0.0938153 0.995512 0.0124347 5.54811 0.0013973 -0.0126215 0.999919 0.387378
0.996014 -0.0891995 0.000421296 77.6052 0.0891886 0.995947 0.0116308 5.59664 -0.00145705 -0.0115469 0.999932 0.391819
0.996495 -0.0835144 0.00487428 78.1458 0.0834687 0.996471 0.00891294 5.63622 -0.00560144 -0.00847485 0.999948 0.396811
0.997084 -0.0757922 0.00893001 78.6708 0.0757535 0.997116 0.00459606 5.66551 -0.0092526 -0.00390618 0.99995 0.408574
0.997812 -0.065439 0.00939494 79.179 0.0653745 0.997836 0.00701676 5.70172 -0.00983378 -0.00638722 0.999931 0.426106
0.998657 -0.0509919 0.00917551 79.6845 0.0508847 0.998638 0.0115596 5.73212 -0.00975245 -0.0110771 0.999891 0.433314
0.999404 -0.0331607 0.00963292 80.1626 0.0329962 0.999315 0.0167617 5.7467 -0.0101821 -0.0164339 0.999813 0.426805
0.999876 -0.01163 0.010616 80.6354 0.0114634 0.999812 0.0156131 5.73915 -0.0107956 -0.0154895 0.999822 0.421703
0.999826 0.0142472 0.0120591 81.0894 -0.0143985 0.999817 0.0125584 5.72047 -0.011878 -0.0127299 0.999848 0.423424
0.998951 0.0435393 0.0142012 81.5374 -0.0437035 0.998979 0.0114664 5.68709 -0.0136874 -0.012075 0.999833 0.433214
0.996964 0.0761224 0.0164036 81.9728 -0.0763092 0.997023 0.0110848 5.63805 -0.015511 -0.0123029 0.999804 0.437738
0.993416 0.113235 0.0173703 82.3986 -0.113434 0.993485 0.0109614 5.58426 -0.016016 -0.0128596 0.999789 0.438613
0.987801 0.15461 0.0185673 82.8114 -0.154835 0.987875 0.011335 5.51432 -0.0165896 -0.0140716 0.999763 0.438517
0.979748 0.199336 0.0189679 83.2155 -0.199564 0.979824 0.0109556 5.42075 -0.0164013 -0.014519 0.99976 0.436062
0.968496 0.248356 0.0183033 83.5941 -0.2486 0.968525 0.0125412 5.32402 -0.0146125 -0.0166963 0.999754 0.434609
0.953629 0.300511 0.0168581 83.9743 -0.300741 0.953614 0.0132598 5.19749 -0.0120914 -0.0177149 0.99977 0.435557
0.934478 0.355658 0.0160581 84.3316 -0.355872 0.934441 0.0132537 5.04068 -0.0102916 -0.0181 0.999783 0.434834
0.910962 0.412199 0.0154608 84.675 -0.412401 0.910902 0.0134907 4.86739 -0.00852242 -0.0186656 0.999789 0.435718
0.882917 0.469309 0.0143681 85.0018 -0.46949 0.882826 0.0140917 4.66922 -0.00607114 -0.0191875 0.999797 0.42211
0.850516 0.525794 0.0127822 85.316 -0.525932 0.850433 0.012616 4.44012 -0.00423695 -0.0174527 0.999839 0.429051
0.81471 0.57973 0.0126776 85.6092 -0.579858 0.814631 0.0118578 4.19327 -0.00345322 -0.0170119 0.999849 0.436238
0.775836 0.630781 0.0139144 85.894 -0.630922 0.775773 0.0106562 3.93227 -0.00407265 -0.0170464 0.999846 0.451152
0.734128 0.678806 0.0167124 86.1605 -0.678987 0.734087 0.0096146 3.66049 -0.00574188 -0.0184058 0.999814 0.451558
0.689932 0.723673 0.0170359 86.4119 -0.723853 0.6899 0.0086517 3.36739 -0.00549203 -0.0183005 0.999817 0.444852
0.64434 0.764605 0.0143222 86.6402 -0.764729 0.644314 0.00697922 3.05385 -0.00389167 -0.0154496 0.999873 0.442512
0.598203 0.80127 0.0109212 86.8453 -0.801338 0.598199 0.00403307 2.72644 -0.00330148 -0.0111642 0.999932 0.455622
0.552091 0.833695 0.0122153 87.0345 -0.833779 0.552081 0.00448934 2.40536 -0.00300111 -0.0126634 0.999915 0.474125
0.505454 0.862725 0.0148663 87.2163 -0.862852 0.505412 0.00677518 2.07409 -0.00166846 -0.0162519 0.999867 0.480229
0.460202 0.887685 0.0151538 87.3884 -0.887814 0.460125 0.00845432 1.72911 0.000532151 -0.0173444 0.999849 0.47606
0.417864 0.908464 0.00903078 87.5384 -0.908505 0.417811 0.00726034 1.37237 0.00282261 -0.0112384 0.999933 0.444193
0.377599 0.925968 -0.00178671 87.6534 -0.925969 0.3776 0.000385801 1.00127 0.0010319 0.00150876 0.999998 0.450212
0.341479 0.939872 -0.00576659 87.7703 -0.939885 0.341453 -0.00500705 0.638772 -0.00273697 0.00712974 0.999971 0.4783
0.307948 0.951396 -0.00363868 87.8875 -0.951402 0.307939 -0.00290875 0.279242 -0.00164688 0.00435759 0.999989 0.511244
0.276801 0.960916 0.00452349 88.0124 -0.960924 0.276785 0.00402106 -0.0943822 0.00261187 -0.00545977 0.999982 0.522641
0.248067 0.9687 0.00907219 88.1149 -0.96872 0.247986 0.00918562 -0.471533 0.00664833 -0.0110671 0.999917 0.512192
0.22208 0.974996 0.00797283 88.201 -0.974987 0.221988 0.0110769 -0.865541 0.00903011 -0.0102334 0.999907 0.508088
0.198243 0.980152 0.00099751 88.2717 -0.980085 0.198217 0.0119809 -1.27131 0.0115454 -0.00335278 0.999928 0.50307
0.177396 0.984112 -0.00738881 88.3282 -0.983981 0.177498 0.0166274 -1.68692 0.0176747 0.00432081 0.999834 0.515584
0.157717 0.987435 -0.00987323 88.3956 -0.987177 0.15791 0.0233783 -2.11034 0.0246436 0.00605948 0.999678 0.51765
0.139776 0.990166 -0.005904 88.4622 -0.989854 0.139881 0.0249444 -2.55111 0.0255249 0.00235747 0.999671 0.529683
0.124251 0.992248 -0.00218788 88.522 -0.992025 0.124269 0.0210403 -3.00594 0.0211491 -0.000443838 0.999776 0.536237
0.109842 0.993947 -0.00199646 88.5687 -0.993788 0.109861 0.017779 -3.47035 0.0178907 3.11611e-05 0.99984 0.548786
0.0969157 0.995288 -0.00317041 88.6102 -0.995169 0.0969534 0.0154245 -3.95689 0.0156592 0.00166022 0.999876 0.559971
0.0852599 0.996331 -0.00739511 88.641 -0.996247 0.0853592 0.0143472 -4.45166 0.0149258 0.00614412 0.99987 0.570931
0.0752407 0.99711 -0.0105062 88.6739 -0.997048 0.0753891 0.0145365 -4.97233 0.0152865 0.0093815 0.999839 0.581398
0.0672819 0.997653 -0.0127011 88.7046 -0.997608 0.0674701 0.0150196 -5.50393 0.0158413 0.0116602 0.999807 0.59351
0.0614294 0.998005 -0.0146016 88.7348 -0.997982 0.0616506 0.0152182 -6.04867 0.016088 0.0136373 0.999778 0.602932
0.0558174 0.998327 -0.0151025 88.7695 -0.998299 0.0560583 0.0160267 -6.60877 0.0168465 0.0141822 0.999758 0.61386
0.049678 0.998641 -0.015739 88.7945 -0.998615 0.0499377 0.0165642 -7.19433 0.0173277 0.0148943 0.999739 0.622367
0.0453112 0.998815 -0.017757 88.8191 -0.998818 0.0456103 0.0168191 -7.7992 0.0176091 0.0169739 0.999701 0.631753
0.0424531 0.998933 -0.0181743 88.8499 -0.998947 0.0427566 0.0166492 -8.42263 0.0174085 0.0174483 0.999696 0.643908
0.0394135 0.999035 -0.0193612 88.8759 -0.99908 0.0397286 0.016168 -9.06078 0.0169216 0.0187061 0.999682 0.659825
0.0370008 0.999105 -0.0205147 88.8948 -0.999178 0.0373281 0.0158075 -9.71876 0.0165591 0.0199129 0.999665 0.666383
0.036126 0.999067 -0.0236589 88.9106 -0.999215 0.0364957 0.0153908 -10.4026 0.0162399 0.0230843 0.999602 0.679857
0.0370953 0.998925 -0.0277925 88.9328 -0.999188 0.0375149 0.0147287 -11.0934 0.0157555 0.0272236 0.999505 0.693392
0.0395247 0.998772 -0.0298783 88.9606 -0.999095 0.0399728 0.0145537 -11.7985 0.0157301 0.0292761 0.999448 0.708342
0.0434689 0.998563 -0.0313471 88.9869 -0.998926 0.0439454 0.014677 -12.5265 0.0160335 0.0306754 0.999401 0.721691
0.0475374 0.998348 -0.032271 89.0225 -0.998744 0.0480188 0.0143083 -13.2664 0.0158343 0.0315503 0.999377 0.733826
0.0512325 0.998129 -0.0333664 89.0547 -0.99858 0.0516879 0.0129326 -14.038 0.0146331 0.0326565 0.999359 0.745522
0.0554573 0.997891 -0.0337273 89.1056 -0.998374 0.0558672 0.0113345 -14.8155 0.0131948 0.0330439 0.999367 0.760813
0.0596377 0.997747 -0.0307188 89.164 -0.998155 0.0599574 0.00959117 -15.6165 0.0114114 0.0300901 0.999482 0.773373
0.0636224 0.997538 -0.0295115 89.2155 -0.997921 0.0638953 0.00839833 -16.4029 0.0102633 0.0289158 0.999529 0.785352
0.0676615 0.99732 -0.0278234 89.2729 -0.997651 0.0679293 0.00879524 -17.2064 0.0106617 0.027163 0.999574 0.803412
0.071217 0.997098 -0.0268841 89.3366 -0.99736 0.0715669 0.0122857 -18.0136 0.014174 0.0259382 0.999563 0.828169
0.0724387 0.997083 -0.0240563 89.4146 -0.997186 0.0728706 0.0175919 -18.8331 0.0192935 0.0227142 0.999556 0.843393
0.0725409 0.99717 -0.0197219 89.4844 -0.997123 0.072945 0.0206042 -19.645 0.0219846 0.0181705 0.999593 0.862532
0.0731196 0.99719 -0.0162677 89.5593 -0.997086 0.0734479 0.0205924 -20.4645 0.0217294 0.0147146 0.999656 0.878332
0.0733895 0.997205 -0.0140077 89.626 -0.997102 0.0736495 0.0190459 -21.292 0.0200243 0.0125693 0.99972 0.907472
0.0731959 0.997199 -0.0153604 89.69 -0.997144 0.0734621 0.0175454 -22.1145 0.0186247 0.0140322 0.999728 0.930102
0.0734316 0.997223 -0.012409 89.758 -0.997142 0.073636 0.0169036 -22.9286 0.0177704 0.0111323 0.99978 0.953207
0.0735772 0.997238 -0.0101094 89.8226 -0.997132 0.0737421 0.0170427 -23.748 0.0177411 0.00882644 0.999804 0.977722
0.0736162 0.997245 -0.00916541 89.8852 -0.997125 0.0737668 0.0173435 -24.5743 0.0179718 0.0078623 0.999808 1.00198
0.0725707 0.997353 -0.00441122 89.9622 -0.997184 0.0726408 0.018646 -25.3899 0.0189171 0.00304565 0.999816 1.0302
0.0699708 0.997546 -0.00257139 90.0332 -0.997381 0.070006 0.0181625 -26.2081 0.0182979 0.00129381 0.999832 1.05638
0.066465 0.997788 0.00133884 90.1045 -0.997644 0.0664325 0.017116 -27.0198 0.0169892 -0.00247331 0.999853 1.07474
0.0615673 0.998099 0.00284294 90.163 -0.997999 0.0615197 0.0145786 -27.8294 0.014376 -0.00373482 0.99989 1.0995
0.055653 0.998438 0.00497112 90.2232 -0.998372 0.0555855 0.012808 -28.6546 0.0125117 -0.00567583 0.999906 1.1193
0.0480335 0.998838 0.00399128 90.2725 -0.99877 0.0479801 0.0125336 -29.4761 0.0123275 -0.0045884 0.999914 1.14391
0.0388576 0.999234 0.00467423 90.3104 -0.999159 0.0387927 0.0132537 -30.2911 0.0130622 -0.00518531 0.999901 1.16254
0.0291802 0.999566 0.00414002 90.3391 -0.999487 0.0291227 0.0133412 -31.098 0.0132149 -0.00452719 0.999902 1.18369
0.0189368 0.999815 0.00342315 90.3571 -0.999741 0.018892 0.0126495 -31.8943 0.0125825 -0.0036618 0.999914 1.20423
0.00808597 0.999954 0.00522846 90.3672 -0.999901 0.00802529 0.011524 -32.6973 0.0114815 -0.00532113 0.99992 1.22721
-0.00322616 0.999986 0.0041471 90.3654 -0.999939 -0.00326979 0.0105587 -33.4801 0.0105722 -0.00411279 0.999936 1.23842
-0.014223 0.999892 0.00379304 90.3618 -0.999838 -0.014264 0.0110115 -34.2838 0.0110644 -0.00363581 0.999932 1.26656
-0.0251935 0.999678 0.0029502 90.3409 -0.99962 -0.0252247 0.011105 -35.0662 0.0111758 -0.00266931 0.999934 1.28606
-0.0359955 0.999346 0.00345501 90.3159 -0.999279 -0.0360346 0.0119964 -35.8452 0.0121131 -0.0030207 0.999922 1.30538
-0.0460618 0.998935 0.00251406 90.2855 -0.998855 -0.0460904 0.0128423 -36.6211 0.0129445 -0.00191965 0.999914 1.3256
-0.0558784 0.998437 0.00148226 90.2545 -0.998348 -0.0558932 0.0133417 -37.3777 0.0134037 -0.000734299 0.99991 1.34417
-0.0651339 0.997874 0.00238268 90.204 -0.997784 -0.0651603 0.0134751 -38.1378 0.0136017 -0.00149971 0.999906 1.36565
-0.0744565 0.997221 0.00235693 90.1499 -0.99713 -0.0744817 0.013583 -38.8809 0.0137208 -0.00133882 0.999905 1.38432
-0.0833135 0.996523 0.000614151 90.0808 -0.996436 -0.0833143 0.0131576 -39.6307 0.013163 0.000484239 0.999913 1.40631
-0.0905807 0.995889 0.000979116 90.0191 -0.995819 -0.0905859 0.0117568 -40.3773 0.0117972 8.99197e-05 0.99993 1.42475
-0.0954951 0.995428 -0.00185069 89.9491 -0.995378 -0.095471 0.0103952 -41.0996 0.010171 0.00283482 0.999944 1.44128
-0.0997028 0.995012 -0.00317774 89.8699 -0.994983 -0.0996723 0.00864534 -41.8225 0.00828548 0.00402376 0.999958 1.45956
-0.102525 0.994713 -0.00582821 89.8016 -0.994707 -0.10248 0.00749878 -42.5379 0.00686186 0.00656617 0.999955 1.47702
-0.104247 0.994525 -0.00722128 89.7288 -0.994535 -0.1042 0.00659161 -43.2147 0.00580307 0.00786897 0.999952 1.48994
-0.104745 0.994477 -0.00659644 89.6592 -0.994479 -0.104698 0.00704037 -43.8934 0.00631086 0.00729746 0.999953 1.50353
-0.1039 0.994552 -0.00849176 89.5876 -0.994563 -0.103833 0.00794258 -44.5498 0.00701758 0.00927082 0.999932 1.51747
-0.101062 0.994838 -0.0092079 89.5214 -0.994846 -0.100978 0.00921393 -45.194 0.00823657 0.0100916 0.999915 1.53551
-0.0958818 0.995349 -0.00931344 89.4544 -0.99535 -0.0957874 0.0101051 -45.8195 0.00916596 0.010239 0.999906 1.54653
-0.0878471 0.996102 -0.00792281 89.3991 -0.996084 -0.0877607 0.0106711 -46.4325 0.0099342 0.00882921 0.999912 1.56198
-0.0766836 0.997038 -0.00590154 89.3621 -0.997002 -0.076617 0.0107933 -47.0248 0.0103091 0.00671152 0.999924 1.57501
-0.0631529 0.997988 -0.0055983 89.3368 -0.997946 -0.0630878 0.0111154 -47.5998 0.0107399 0.00628877 0.999923 1.59549
-0.0457983 0.998938 -0.00508496 89.3177 -0.998876 -0.045732 0.0124667 -48.1528 0.0122209 0.0056502 0.999909 1.60791
-0.0249099 0.999675 -0.00549398 89.3178 -0.999574 -0.0248228 0.0153762 -48.6971 0.0152348 0.00587465 0.999867 1.62438
-0.000216603 0.999993 -0.00377145 89.3276 -0.999833 -0.0001477 0.0182486 -49.2392 0.018248 0.00377478 0.999826 1.64303
0.0278544 0.99961 -0.00201687 89.3605 -0.999406 0.0278897 0.0202642 -49.7762 0.0203125 0.00145122 0.999793 1.66121
0.0605145 0.998166 -0.00149308 89.4213 -0.997956 0.0605323 0.0204659 -50.3095 0.0205188 0.000251546 0.999789 1.67173
0.0983029 0.995156 -0.000861802 89.4953 -0.994975 0.0983015 0.0190043 -50.8466 0.0189969 -0.0010107 0.999819 1.67726
0.139836 0.990175 -0.000141799 89.6022 -0.990047 0.13982 0.0160711 -51.3685 0.015933 -0.00210693 0.999871 1.69163
0.184811 0.982772 0.0020014 89.7322 -0.982703 0.184772 0.0124508 -51.8832 0.0118665 -0.00426783 0.99992 1.70259
0.232625 0.972549 0.00589577 89.8896 -0.972535 0.232565 0.00941925 -52.3916 0.00778953 -0.00792501 0.999938 1.72229
0.283652 0.958887 0.00881752 90.0718 -0.958915 0.283589 0.00774427 -52.8852 0.00492533 -0.0106519 0.999931 1.73975
0.337597 0.941247 0.00913836 90.2829 -0.941281 0.337534 0.00774163 -53.3612 0.00420228 -0.0112153 0.999928 1.74108
0.394898 0.918705 0.00614811 90.5112 -0.918711 0.394846 0.00816041 -53.8107 0.00506945 -0.00887086 0.999948 1.76089
0.454412 0.890787 0.00263606 90.7629 -0.890751 0.454362 0.0108766 -54.2434 0.00849104 -0.00729055 0.999937 1.78078
0.513409 0.85814 -0.00268244 91.0413 -0.858034 0.513391 0.0143669 -54.6432 0.013706 -0.00507449 0.999893 1.79543
0.571387 0.820675 -0.00293503 91.3509 -0.820504 0.571335 0.0186918 -55.0199 0.0170168 -0.00827206 0.999821 1.80979
0.626923 0.779072 -0.00390916 91.6851 -0.77883 0.62684 0.0222661 -55.3705 0.0197973 -0.0109146 0.999744 1.81294
0.679761 0.733406 -0.00641329 92.0277 -0.733113 0.679696 0.0236159 -55.6986 0.0216791 -0.0113515 0.999701 1.81392
0.728753 0.684726 -0.00828793 92.3883 -0.684434 0.728718 0.0228038 -55.9982 0.0216539 -0.0109458 0.999706 1.81322
0.774129 0.633007 -0.00520594 92.7707 -0.632807 0.77405 0.0200613 -56.2883 0.0167286 -0.0122356 0.999785 1.83541
0.815407 0.578886 -0.00171887 93.1754 -0.578794 0.815324 0.015654 -56.5327 0.0104633 -0.0117695 0.999876 1.83647
0.851831 0.523805 0.003492 93.5931 -0.523802 0.851741 0.0130002 -56.7475 0.0038353 -0.0129031 0.999909 1.85492
0.882794 0.469686 0.00835319 94.0056 -0.469754 0.882734 0.0105776 -56.9371 -0.00240551 -0.0132618 0.999909 1.85384
0.908428 0.417792 0.0144484 94.44 -0.417943 0.908421 0.00973477 -57.1049 -0.00905809 -0.0148819 0.999848 1.87431
0.928627 0.370575 0.0180665 94.8684 -0.370799 0.928647 0.0111033 -57.2519 -0.0126628 -0.0170099 0.999775 1.88764
0.943866 0.329607 0.0218083 95.303 -0.329966 0.943864 0.015589 -57.3733 -0.0154458 -0.0219099 0.999641 1.88843
0.955583 0.293934 0.0215254 95.7532 -0.294357 0.955484 0.0201312 -57.489 -0.0146499 -0.0255732 0.999566 1.88517
0.964676 0.262677 0.0200184 96.215 -0.263102 0.964499 0.022769 -57.5905 -0.0133269 -0.0272316 0.99954 1.85267
0.970431 0.24067 0.0184788 96.6708 -0.240999 0.970352 0.0183291 -57.7009 -0.0135197 -0.0222405 0.999661 1.85208
0.974124 0.225299 0.0179866 97.1511 -0.225582 0.974099 0.0156101 -57.7991 -0.0140038 -0.0192636 0.999716 1.8534
0.976917 0.212802 0.0186644 97.655 -0.213146 0.976837 0.0189108 -57.8863 -0.0142078 -0.0224526 0.999647 1.86241
0.978926 0.203247 0.0198756 98.1587 -0.203701 0.97873 0.0243636 -57.9668 -0.014501 -0.0278988 0.999506 1.84963
0.980184 0.19713 0.0194854 98.6756 -0.197659 0.979796 0.0305076 -58.0436 -0.0130777 -0.0337545 0.999345 1.84762
0.980766 0.194464 0.0168053 99.1994 -0.194961 0.980142 0.0362313 -58.1261 -0.00942586 -0.0388107 0.999202 1.83999
0.98089 0.194025 0.0144739 99.74 -0.194447 0.980164 0.0383354 -58.2192 -0.00674879 -0.0404172 0.99916 1.83205
0.980425 0.196612 0.0105076 100.293 -0.196865 0.979783 0.0356212 -58.3315 -0.00329164 -0.0369925 0.99931 1.83143
0.979649 0.200692 0.00338717 100.848 -0.200692 0.97908 0.0335338 -58.4573 0.00341367 -0.0335312 0.999432 1.83516
0.978774 0.204944 3.2044e-05 101.421 -0.20481 0.978131 0.036232 -58.5766 0.00739418 -0.0354695 0.999343 1.84013
0.977799 0.209538 0.00186655 102.001 -0.209429 0.976919 0.042058 -58.6787 0.00698925 -0.0415151 0.999113 1.84531
0.976606 0.214945 0.00623953 102.603 -0.215006 0.975574 0.0450273 -58.7986 0.00359128 -0.0453154 0.998966 1.84115
0.975562 0.219483 0.0103076 103.215 -0.219724 0.974619 0.0428881 -58.9388 -0.000632725 -0.0441048 0.999027 1.8408
0.974638 0.22326 0.0153695 103.839 -0.223706 0.97384 0.039889 -59.0826 -0.00606184 -0.0423155 0.999086 1.83824
0.973755 0.226742 0.0197101 104.472 -0.227344 0.9731 0.0372969 -59.2269 -0.0107232 -0.040799 0.99911 1.84002
0.973083 0.22966 0.0191295 105.111 -0.230185 0.972605 0.0324728 -59.3883 -0.0111478 -0.0360021 0.99929 1.83172
0.972963 0.230462 0.0151986 105.764 -0.230809 0.972607 0.0276099 -59.5462 -0.00841925 -0.0303714 0.999503 1.82893
0.973128 0.230124 0.00801411 106.433 -0.230255 0.972803 0.0252534 -59.6998 -0.00198473 -0.0264201 0.999649 1.83997
0.973323 0.22943 0.0020831 107.094 -0.22939 0.972891 0.0293942 -59.8495 0.00471728 -0.0290879 0.999566 1.83656
0.973896 0.226994 -0.000401878 107.78 -0.226853 0.973353 0.033488 -60 0.00799273 -0.0325226 0.999439 1.84561
0.97451 0.224315 0.0036973 108.479 -0.224299 0.973845 0.0362839 -60.164 0.00453841 -0.0361883 0.999335 1.83786
0.974869 0.22253 0.0104882 109.195 -0.222759 0.974318 0.0328998 -60.3346 -0.00289761 -0.0344093 0.999404 1.8441
0.975446 0.219658 0.0159843 109.916 -0.220063 0.974996 0.0308907 -60.4909 -0.00879921 -0.0336498 0.999395 1.84509
0.97578 0.218182 0.015835 110.651 -0.218599 0.975261 0.0328691 -60.6368 -0.00827178 -0.0355345 0.999334 1.84884
0.976325 0.215928 0.0128446 111.394 -0.21627 0.975564 0.0387579 -60.7926 -0.00416179 -0.0406182 0.999166 1.84995
0.977105 0.212626 0.00745301 112.143 -0.212753 0.976288 0.0399772 -60.9479 0.00122391 -0.0406476 0.999173 1.85281
0.97798 0.208651 0.00444 112.904 -0.20866 0.977175 0.0398758 -61.1127 0.00398146 -0.0399242 0.999195 1.85503
0.978811 0.204702 0.00516404 113.69 -0.20475 0.978088 0.0377102 -61.2766 0.00266847 -0.0379685 0.999275 1.8547
0.979551 0.201102 0.00622276 114.491 -0.201197 0.978978 0.0335052 -61.444 0.00064601 -0.0340721 0.999419 1.86521
0.979994 0.198846 0.00854881 115.289 -0.199021 0.979453 0.0326017 -61.6119 -0.00189045 -0.0336508 0.999432 1.86576
0.980193 0.197782 0.0102511 116.09 -0.198 0.979773 0.029004 -61.771 -0.0043073 -0.0304592 0.999527 1.86334
0.980337 0.197049 0.0104962 116.898 -0.197254 0.980043 0.024624 -61.94 -0.00543454 -0.0262103 0.999642 1.86924
0.980379 0.196735 0.0123799 117.727 -0.196996 0.980069 0.0256327 -62.099 -0.00709035 -0.0275685 0.999595 1.86854
0.980325 0.197019 0.0121274 118.541 -0.197299 0.979897 0.0295755 -62.253 -0.00605671 -0.0313863 0.999489 1.87691
0.980214 0.197684 0.0100564 119.367 -0.197917 0.979595 0.0349756 -62.4059 -0.00293713 -0.0362739 0.999338 1.87444
0.980086 0.198309 0.0102923 120.214 -0.198571 0.979089 0.0442152 -62.5625 -0.00130878 -0.0453785 0.998969 1.87973
0.979535 0.200868 0.0127985 121.045 -0.201263 0.978199 0.0511811 -62.7197 -0.00223884 -0.0527095 0.998607 1.88517
0.978913 0.203751 0.0146688 121.89 -0.204251 0.977436 0.0538519 -62.8781 -0.00336538 -0.0557125 0.998441 1.87862
0.978363 0.206428 0.0138942 122.743 -0.206879 0.976924 0.053111 -63.051 -0.00260996 -0.0548362 0.998492 1.88353
0.977962 0.208468 0.0114136 123.585 -0.20878 0.976638 0.0508801 -63.2191 -0.00054002 -0.0521418 0.99864 1.88441
0.977661 0.209932 0.0103508 124.436 -0.210186 0.976627 0.044973 -63.4123 -0.000667558 -0.0461439 0.998935 1.88748
0.977595 0.210306 0.00888611 125.277 -0.210493 0.976797 0.0394969 -63.6009 -0.000373503 -0.0404824 0.99918 1.90362
0.977443 0.211018 0.00872538 126.119 -0.211197 0.976722 0.0375426 -63.7889 -0.000600103 -0.0385386 0.999257 1.92721
0.977114 0.212392 0.0116998 126.965 -0.212693 0.976319 0.0395365 -63.9694 -0.00302545 -0.0411201 0.99915 1.93353
0.976755 0.213602 0.0180221 127.817 -0.214184 0.975905 0.041641 -64.146 -0.00869327 -0.0445331 0.99897 1.93207
0.976483 0.214423 0.0224662 128.668 -0.21524 0.975552 0.0443958 -64.3223 -0.0123975 -0.0481873 0.998761 1.92589
0.976295 0.215852 0.0159831 129.494 -0.216356 0.975326 0.0439237 -64.4961 -0.00610775 -0.0463406 0.998907 1.91483
0.976271 0.216553 0.000503098 130.305 -0.216394 0.975459 0.040653 -64.677 0.0083128 -0.0397972 0.999173 1.91508
0.97628 0.216387 -0.00739801 131.119 -0.21596 0.975658 0.0381062 -64.8622 0.0154636 -0.0356046 0.999246 1.95577
0.976523 0.215414 0.000593525 131.954 -0.215286 0.975842 0.0372136 -65.0457 0.00743713 -0.0364677 0.999307 1.96425
0.976681 0.213832 0.0192355 132.818 -0.214361 0.976236 0.0318106 -65.2286 -0.0119763 -0.0351921 0.999309 1.96373
0.976621 0.212396 0.0331708 133.643 -0.21326 0.976672 0.0251323 -65.4188 -0.027059 -0.0316187 0.999134 1.95555
0.977008 0.211419 0.0275272 134.46 -0.212123 0.976903 0.0257885 -65.59 -0.0214392 -0.0310347 0.999288 1.95301
0.977538 0.210273 0.0143203 135.276 -0.210644 0.976997 0.0332569 -65.745 -0.00699785 -0.0355264 0.999344 1.96406
0.977821 0.209332 0.00676694 136.086 -0.209439 0.977134 0.0366638 -65.9163 0.00106271 -0.0372679 0.999305 1.94909
0.978166 0.207757 0.00536692 136.894 -0.207817 0.977555 0.0346139 -66.086 0.00194482 -0.0349735 0.999386 1.96282
0.978733 0.205015 0.00717109 137.712 -0.20514 0.978174 0.0330557 -66.2564 -0.000237657 -0.0338238 0.999428 1.98575
0.979507 0.201318 0.00604691 138.527 -0.201408 0.978971 0.0324049 -66.4163 0.000603944 -0.0329587 0.999457 1.9939
0.980416 0.196881 0.00482271 139.334 -0.19693 0.979835 0.0337805 -66.5756 0.00192526 -0.0340686 0.999418 2.00044
0.981077 0.193545 0.00522171 140.138 -0.193603 0.980341 0.0380838 -66.7282 0.00225188 -0.038374 0.999261 2.01485
0.981529 0.191218 0.00606224 140.948 -0.191299 0.980563 0.0435891 -66.8691 0.00239063 -0.0439437 0.999031 2.01997
0.981804 0.189709 0.00847066 141.757 -0.189898 0.980746 0.0455662 -67.0122 0.000336778 -0.0463457 0.998925 2.0258
0.982062 0.188171 0.0121254 142.563 -0.188529 0.981049 0.0447287 -67.1694 -0.00347896 -0.0462123 0.998926 2.02238
0.982353 0.186628 0.0123384 143.362 -0.186992 0.981406 0.0433109 -67.318 -0.00402595 -0.0448537 0.998985 2.03231
0.982848 0.184187 0.00917027 144.168 -0.184409 0.982 0.0408472 -67.464 -0.00148169 -0.0418377 0.999123 2.04216
0.983659 0.179975 0.00488324 144.972 -0.18003 0.982928 0.0379784 -67.6132 0.0020353 -0.0382369 0.999267 2.05075
0.984781 0.173768 0.00338213 145.777 -0.173779 0.984164 0.0349585 -67.75 0.00274609 -0.0350142 0.999383 2.05986
0.985923 0.167037 0.00742854 146.573 -0.167196 0.985289 0.0353668 -67.8877 -0.0014117 -0.036111 0.999347 2.05733
0.986847 0.160983 0.0147516 147.37 -0.16139 0.986352 0.0326058 -68.0122 -0.00930129 -0.0345577 0.999359 2.05823
0.987366 0.156634 0.0239775 148.176 -0.15735 0.987036 0.0316328 -68.1489 -0.0187119 -0.035006 0.999212 2.06316
0.987914 0.152492 0.0277746 148.97 -0.153404 0.987568 0.0343186 -68.2537 -0.022196 -0.0381646 0.999025 2.06543
0.988701 0.148015 0.0237014 149.78 -0.148782 0.988259 0.0347681 -68.3663 -0.0182769 -0.0379017 0.999114 2.05993
0.989825 0.141606 0.0139253 150.59 -0.142012 0.989261 0.0345723 -68.4666 -0.00888013 -0.0361981 0.999305 2.07005
0.990828 0.134911 0.00761508 151.376 -0.135088 0.990315 0.03206 -68.5791 -0.00321608 -0.0327946 0.999457 2.06041
0.991709 0.128256 0.00793808 152.196 -0.128457 0.991104 0.0348157 -68.6846 -0.00340213 -0.0355468 0.999362 2.05638
0.992648 0.120485 0.0115531 153.015 -0.120862 0.991827 0.0408878 -68.7728 -0.0065323 -0.0419835 0.999097 2.06042
0.993594 0.112533 0.0103349 153.839 -0.112884 0.992615 0.0444124 -68.8456 -0.00526071 -0.0452946 0.99896 2.06365
0.994679 0.102867 0.0056259 154.661 -0.103018 0.993577 0.0468139 -68.9203 -0.000774168 -0.0471444 0.998888 2.06407
0.995543 0.0942791 0.00255067 155.472 -0.0942971 0.994497 0.0456531 -69.001 0.0017675 -0.0456901 0.998954 2.06777
0.996265 0.0862342 0.00443461 156.298 -0.0863471 0.995193 0.0462012 -69.061 -0.000429174 -0.0464116 0.998922 2.07216
0.996885 0.0781366 0.0107492 157.134 -0.0785685 0.995731 0.0484425 -69.1145 -0.00691823 -0.0491361 0.998768 2.07089
0.997424 0.06983 0.0163942 157.979 -0.0705824 0.996203 0.0509765 -69.158 -0.0127723 -0.0520023 0.998565 2.07269
0.997899 0.0618918 0.0191438 158.801 -0.0627978 0.99672 0.0510365 -69.2044 -0.0159222 -0.0521315 0.998513 2.06725
0.998232 0.0554885 0.0212881 159.627 -0.0565114 0.997103 0.0509049 -69.245 -0.0184018 -0.0520179 0.998477 2.06388
0.998502 0.0510072 0.0197803 160.445 -0.0519431 0.997392 0.0501076 -69.2899 -0.0171729 -0.05106 0.998548 2.06024
0.998791 0.046757 0.0152042 161.28 -0.0475146 0.997409 0.0540158 -69.312 -0.0126391 -0.0546729 0.998424 2.06953
0.999036 0.042963 0.00897767 162.088 -0.0434196 0.997308 0.059088 -69.3322 -0.0064149 -0.0594209 0.998212 2.06864
0.999185 0.039917 0.00606326 162.91 -0.0402149 0.997294 0.0615378 -69.3586 -0.00359045 -0.0617315 0.998086 2.0599
0.999265 0.0366399 0.0112722 163.744 -0.0372828 0.997291 0.0634081 -69.3798 -0.00891839 -0.0637818 0.997924 2.0618
0.999229 0.0338227 0.0199244 164.588 -0.035077 0.997177 0.0663878 -69.4026 -0.0176228 -0.0670355 0.997595 2.04282
0.999151 0.0302711 0.0279311 165.432 -0.0321054 0.997186 0.0677487 -69.4192 -0.0258017 -0.0685879 0.997311 2.04339
0.999362 0.0254861 0.0250258 166.238 -0.0269784 0.997759 0.0612234 -69.4462 -0.0234094 -0.0618595 0.99781 2.02437
0.999659 0.0207452 0.0158801 167.049 -0.0215094 0.998539 0.0495692 -69.4691 -0.0148286 -0.0498938 0.998644 2.02903
0.999843 0.0142969 0.0104512 167.866 -0.0147768 0.998767 0.0473828 -69.4877 -0.00976091 -0.0475298 0.998822 2.0241
0.999911 0.00719155 0.0112793 168.694 -0.00779906 0.998468 0.0547754 -69.4816 -0.0108681 -0.0548584 0.998435 2.02005
0.999871 -0.00084407 0.0160198 169.532 -1.37799e-05 0.998569 0.0534739 -69.4756 -0.016042 -0.0534672 0.998441 2.00106
0.999771 -0.0081101 0.0198173 170.373 0.00714348 0.998804 0.0483698 -69.4778 -0.0201859 -0.0482172 0.998633 2.00399
0.999628 -0.0141621 0.023293 171.214 0.0132287 0.999122 0.0397494 -69.4736 -0.0238355 -0.0394265 0.998938 1.97717
0.999525 -0.0198777 0.02355 172.061 0.0191014 0.999281 0.0327411 -69.4654 -0.0241839 -0.0322757 0.999186 1.97517
0.999495 -0.0260532 0.0181783 172.889 0.0255894 0.999352 0.0252968 -69.4463 -0.0188256 -0.0248188 0.999515 1.98988
0.999408 -0.033312 0.00863582 173.715 0.0331628 0.999307 0.016881 -69.4216 -0.00919218 -0.0165846 0.99982 1.97622
0.99921 -0.0394744 0.00452111 174.56 0.0394103 0.999132 0.0134896 -69.4158 -0.00504968 -0.0133008 0.999899 1.97073
0.998873 -0.0463441 0.0102321 175.409 0.0461268 0.998725 0.0205324 -69.3612 -0.0111706 -0.0200373 0.999737 1.96183
0.998438 -0.0513091 0.0221172 176.256 0.0506314 0.998261 0.0301866 -69.2974 -0.0236276 -0.0290196 0.9993 1.95137
0.997969 -0.056166 0.0300659 177.112 0.0551303 0.997892 0.0342358 -69.2383 -0.0319254 -0.0325087 0.998961 1.94004
0.997817 -0.0596389 0.0283628 177.958 0.0588045 0.997837 0.0293956 -69.1835 -0.0300545 -0.0276635 0.999165 1.92575
0.997914 -0.0617757 0.0187556 178.795 0.0612004 0.997679 0.0298378 -69.1269 -0.0205553 -0.0286277 0.999379 1.93312
0.997885 -0.0643341 0.00931399 179.624 0.0639286 0.997203 0.0387341 -69.0482 -0.0117799 -0.0380567 0.999206 1.92818
0.99778 -0.0663992 0.00515162 180.468 0.0661349 0.996975 0.0408238 -68.9828 -0.00784671 -0.0403925 0.999153 1.91125
0.997608 -0.0684907 0.0093002 181.322 0.0681029 0.99699 0.0370451 -68.9284 -0.0118095 -0.0363231 0.99927 1.897
0.997496 -0.0686584 0.0169851 182.181 0.0680119 0.997031 0.0360929 -68.8659 -0.0194128 -0.0348473 0.999204 1.88112
0.997347 -0.0691627 0.0226846 183.042 0.0682651 0.996935 0.0382086 -68.8042 -0.0252577 -0.0365587 0.999012 1.86434
0.997234 -0.0706808 0.0229849 183.9 0.0698777 0.996974 0.034046 -68.738 -0.0253217 -0.0323457 0.999156 1.86593
0.997262 -0.0723293 0.0153851 184.743 0.0718918 0.997038 0.0273096 -68.6778 -0.0173148 -0.0261288 0.999509 1.86614
0.997221 -0.0743616 0.00454301 185.586 0.0742608 0.997051 0.019341 -68.6276 -0.00596784 -0.0189499 0.999803 1.85853
0.997112 -0.0759497 0.000482887 186.44 0.0759378 0.997035 0.0124315 -68.5713 -0.00142563 -0.012359 0.999923 1.85788
0.997016 -0.0770758 0.00432562 187.305 0.0769777 0.996842 0.0195031 -68.4942 -0.00581518 -0.0191119 0.9998 1.85948
0.996836 -0.0783653 0.0133008 188.163 0.0780055 0.996622 0.0256971 -68.4182 -0.0152696 -0.0245783 0.999581 1.84425
0.996645 -0.0799385 0.0175487 189.012 0.0794966 0.996532 0.0245794 -68.3434 -0.0194527 -0.0231019 0.999544 1.84599
0.996628 -0.0806525 0.0150845 189.843 0.08034 0.996561 0.0202886 -68.2737 -0.0166689 -0.0190083 0.99968 1.85559
0.996717 -0.0804093 0.00949516 190.673 0.0802008 0.996566 0.0206059 -68.2049 -0.0111195 -0.0197767 0.999743 1.8612
0.996698 -0.0808068 0.00795507 191.519 0.0805303 0.996287 0.0304616 -68.1171 -0.010387 -0.0297204 0.999504 1.84977
0.996643 -0.0812129 0.0103687 192.362 0.0808157 0.996141 0.0342406 -68.0418 -0.0131094 -0.0332877 0.99936 1.84367
0.996549 -0.0820099 0.0128271 193.195 0.081449 0.995898 0.0394129 -67.9601 -0.0160067 -0.0382322 0.999141 1.83407
0.996499 -0.0821974 0.015283 194.03 0.0814667 0.995727 0.0434933 -67.8881 -0.0187928 -0.042096 0.998937 1.82881
0.996459 -0.0827135 0.0150992 194.856 0.0819891 0.995681 0.0435475 -67.8087 -0.0186359 -0.0421553 0.998937 1.82029
0.996467 -0.0831516 0.0118422 195.686 0.0825746 0.995661 0.0428995 -67.7377 -0.015358 -0.0417701 0.999009 1.82639
0.996426 -0.0841876 0.00685259 196.506 0.0838117 0.995527 0.0436143 -67.6582 -0.0104937 -0.0428841 0.999025 1.82573
0.996315 -0.0854807 0.0070939 197.32 0.08506 0.995283 0.046655 -67.5838 -0.0110485 -0.0458796 0.998886 1.82879
0.996053 -0.0874918 0.0149429 198.132 0.0866695 0.995038 0.0488633 -67.508 -0.0191439 -0.0473753 0.998694 1.80262
