0.472931 -0.880677 0.0272844 0.71929 0.881096 0.472786 -0.0119463 0.464429 -0.00237887 0.0296899 0.999556 1.08554
0.471743 -0.881372 0.0253304 1.07228 0.881736 0.471564 -0.013005 1.1247 -0.000482721 0.0284698 0.999595 1.08056
0.470473 -0.882125 0.0225763 1.48374 0.882413 0.470272 -0.0138353 1.8994 0.00158741 0.0264308 0.999649 1.07508
0.469014 -0.882974 0.0195823 1.95066 0.883188 0.468838 -0.0130672 2.78432 0.00235711 0.0234236 0.999723 1.07249
0.46804 -0.88349 0.0196174 2.31381 0.883707 0.467897 -0.0116023 3.47478 0.0010716 0.0227663 0.99974 1.07392
0.466476 -0.884296 0.0204863 2.83863 0.884533 0.466381 -0.00950024 4.47407 -0.00115338 0.0225524 0.999745 1.07618
0.465676 -0.884708 0.020928 3.20355 0.884951 0.46562 -0.00776163 5.17669 -0.00287772 0.0221346 0.999751 1.07678
0.464681 -0.885231 0.0209154 3.57588 0.885467 0.464663 -0.00597962 5.89821 -0.00442526 0.0212985 0.999763 1.07592
0.463543 -0.885822 0.0211135 4.05986 0.886061 0.463536 -0.00554122 6.84173 -0.00487832 0.0212764 0.999762 1.07316
0.462967 -0.886114 0.021518 4.42361 0.886342 0.463024 -0.00254437 7.56186 -0.00770873 0.0202502 0.999765 1.0721
0.462641 -0.886291 0.0212195 4.91767 0.886455 0.462803 0.0031965 8.55159 -0.0126535 0.0173313 0.99977 1.07401
0.463039 -0.886079 0.0214221 5.32548 0.886142 0.46331 0.00984927 9.3845 -0.0186523 0.0144224 0.999722 1.07513
0.463961 -0.885563 0.0227689 5.69796 0.885488 0.464356 0.0168775 10.1537 -0.025519 0.012331 0.999598 1.07327
0.465492 -0.884751 0.0230838 6.19016 0.884553 0.465947 0.0214196 11.1718 -0.0297069 0.0104482 0.999504 1.06645
0.466706 -0.884158 0.0212385 6.6002 0.883887 0.467122 0.0232614 12.0305 -0.0304878 0.0079162 0.999504 1.05606
0.467785 -0.883633 0.0192373 6.98464 0.883313 0.468148 0.024424 12.8324 -0.0305877 0.00556736 0.999517 1.04626
0.469 -0.883052 0.0160371 7.48357 0.882814 0.469254 0.0209518 13.8573 -0.026027 0.00433142 0.999652 1.03756
0.469915 -0.882546 0.0171094 7.91448 0.882347 0.47019 0.0196246 14.7227 -0.0253642 0.00587451 0.999661 1.0392
0.470199 -0.882326 0.0203229 8.31868 0.882096 0.470574 0.02159 15.5288 -0.0286128 0.00777518 0.99956 1.04461
0.469572 -0.88256 0.0242995 8.82745 0.882336 0.470076 0.0226178 16.541 -0.0313842 0.0108196 0.999449 1.05138
0.468905 -0.882726 0.030382 9.22988 0.882637 0.469583 0.0210661 17.3181 -0.0328625 0.0169382 0.999316 1.05345
0.467724 -0.883186 0.0348769 9.72545 0.883395 0.468405 0.0144637 18.2732 -0.0291106 0.0240451 0.999287 1.04741
0.466652 -0.883738 0.0352455 10.1641 0.884088 0.467221 0.00962859 19.1144 -0.0249766 0.0266669 0.999332 1.04073
0.463647 -0.885409 0.0328893 11.1462 0.885874 0.463924 0.000911464 21.0428 -0.0160651 0.0287132 0.999459 1.0424
0.46288 -0.885771 0.0339437 11.5488 0.886275 0.463159 0.000425707 21.7985 -0.0160984 0.0298864 0.999424 1.0494
0.461542 -0.886504 0.0329994 12.0838 0.887032 0.461696 -0.00324236 22.8305 -0.0123613 0.030768 0.99945 1.05391
0.460518 -0.887029 0.0332118 12.5223 0.887593 0.460592 -0.00581888 23.6753 -0.0101356 0.0321583 0.999431 1.05507
0.460022 -0.887211 0.035154 12.9264 0.887832 0.46014 -0.00512957 24.4514 -0.0116247 0.0335705 0.999369 1.05575
0.459562 -0.887505 0.0337152 13.4186 0.888057 0.459721 -0.00331987 25.4131 -0.0125532 0.0314667 0.999426 1.05207
0.459488 -0.88761 0.0319249 13.8987 0.888128 0.459566 -0.005272 26.3495 -0.00999214 0.0307759 0.999476 1.04287
0.459246 -0.887716 0.0324653 14.3429 0.888281 0.459217 -0.00877153 27.2009 -0.00712201 0.0328666 0.999434 1.03347
0.45936 -0.887691 0.0315103 14.7607 0.888241 0.459227 -0.0117665 28.0076 -0.00402539 0.0333938 0.999434 1.02217
0.459199 -0.887832 0.0298457 15.2684 0.888333 0.458917 -0.0160932 28.9892 0.000591385 0.0339029 0.999425 1.01426
0.457517 -0.888616 0.032258 16.1776 0.889195 0.457075 -0.0203755 30.7564 0.00336163 0.0380057 0.999272 1.00374
0.456927 -0.888936 0.0317762 16.5712 0.889498 0.456495 -0.020161 31.5146 0.00341619 0.037477 0.999292 1.00026
0.456501 -0.889289 0.0277926 17.0546 0.889676 0.455932 -0.0245628 32.4568 0.00917187 0.0359393 0.999312 0.992386
0.456386 -0.889414 0.0255637 17.5198 0.88966 0.455661 -0.0296262 33.359 0.0147016 0.036264 0.999234 0.99176
0.456056 -0.889564 0.0262555 17.9479 0.889829 0.455306 -0.0300183 34.1844 0.0147489 0.0370529 0.999204 1.00053
0.456029 -0.88947 0.0296698 18.4132 0.889867 0.455231 -0.0300276 35.0781 0.013202 0.0400957 0.999109 1.01222
0.455363 -0.889715 0.0324223 18.7899 0.890245 0.454605 -0.0282387 35.8118 0.0103851 0.0417227 0.999075 1.01638
0.455236 -0.889684 0.0349591 19.2702 0.890305 0.454372 -0.0300625 36.749 0.0108617 0.0448098 0.998937 1.01563
0.455151 -0.88963 0.0373724 19.7311 0.890311 0.454057 -0.0343405 37.6319 0.0135811 0.0489032 0.998711 1.01449
0.454263 -0.89001 0.0390869 20.1537 0.890762 0.453097 -0.0352963 38.4465 0.0137039 0.0508509 0.998612 1.01658
0.45294 -0.890521 0.0426449 20.5793 0.891478 0.45182 -0.0335584 39.2706 0.0106166 0.0532169 0.998527 1.02367
0.451395 -0.891017 0.0482775 21.0071 0.892311 0.450433 -0.0298426 40.0979 0.00484448 0.0565494 0.998388 1.03172
0.45029 -0.891486 0.0499152 21.4659 0.892882 0.449551 -0.0257856 40.9965 0.000548017 0.0561794 0.998421 1.03282
0.448758 -0.892269 0.0497246 21.8526 0.893652 0.448144 -0.0235157 41.7621 -0.00130143 0.0549894 0.998486 1.02547
0.447346 -0.893192 0.0457133 22.2896 0.894353 0.446551 -0.0269078 42.634 0.00362046 0.052921 0.998592 1.01063
0.446021 -0.894031 0.0421076 22.692 0.89498 0.445049 -0.0306819 43.4399 0.00869063 0.0513702 0.998642 1.00132
0.445219 -0.89468 0.0364318 23.1585 0.895342 0.444271 -0.031388 44.3794 0.0118966 0.0465935 0.998843 0.999763
0.443323 -0.895666 0.035315 23.5031 0.89632 0.442579 -0.0270991 45.0848 0.0086421 0.0436673 0.999009 1.00716
0.441193 -0.896825 0.0324489 24.3372 0.897387 0.440619 -0.0234959 46.7634 0.00677411 0.0394855 0.999197 1.01032
0.439139 -0.897845 0.032124 24.6662 0.898403 0.438634 -0.0217315 47.4385 0.00542077 0.0384034 0.999248 1.01147
0.437887 -0.898501 0.0308391 25.0998 0.899016 0.437433 -0.0205526 48.3222 0.00497652 0.0367246 0.999313 1.01436
0.435965 -0.89943 0.0309721 25.4204 0.899956 0.435562 -0.0191172 48.9846 0.00370436 0.036208 0.999337 1.01867
0.43379 -0.900458 0.0316469 25.7688 0.901012 0.433439 -0.0175634 49.7017 0.00209809 0.036133 0.999345 1.02222
0.432358 -0.901158 0.031319 26.1438 0.901702 0.432086 -0.0153344 50.4835 0.000286264 0.0348703 0.999392 1.02542
0.431411 -0.901631 0.0307646 26.5014 0.90215 0.431272 -0.01136 51.2346 -0.00302536 0.0326551 0.999462 1.0289
0.429985 -0.902319 0.0305442 26.8242 0.902816 0.429955 -0.00790132 51.9117 -0.00600311 0.0309733 0.999502 1.03011
0.427702 -0.903492 0.0278008 27.1242 0.903901 0.42769 -0.00668629 52.5447 -0.00584912 0.0279889 0.999591 1.02643
0.427047 -0.903949 0.0225025 27.4744 0.904229 0.426903 -0.011085 53.2861 0.000413935 0.0250812 0.999685 1.01673
0.426794 -0.90414 0.0194445 27.7926 0.904315 0.426493 -0.0178294 53.959 0.00782728 0.0251934 0.999652 1.00981
0.425471 -0.9048 0.0176673 28.0374 0.904915 0.425143 -0.0195694 54.4855 0.0101952 0.0243136 0.999652 1.0117
0.425396 -0.904861 0.0162788 28.3808 0.904958 0.425115 -0.0181281 55.2167 0.00948301 0.0224432 0.999703 1.01937
0.423253 -0.905866 0.016219 28.6065 0.905988 0.423044 -0.0148408 55.705 0.00658245 0.0209756 0.999758 1.03227
0.421572 -0.906636 0.0169747 28.9181 0.906768 0.421343 -0.01551 56.3612 0.00690975 0.0219307 0.999736 1.04072
0.420021 -0.907301 0.0196863 29.1529 0.907464 0.419671 -0.0196341 56.8532 0.00955228 0.0261114 0.999613 1.04514
0.419957 -0.90726 0.0227144 29.4315 0.907424 0.419363 -0.0267489 57.432 0.0147426 0.031845 0.999384 1.04616
0.421892 -0.906362 0.0227058 29.6948 0.906473 0.421189 -0.0301173 57.9876 0.0177338 0.0332884 0.999288 1.04982
0.423196 -0.905806 0.0204996 29.91 0.905892 0.422615 -0.02749 58.4484 0.0162372 0.0302042 0.999412 1.0568
0.428204 -0.903448 0.0205713 30.2061 0.90359 0.427724 -0.0240186 59.0612 0.0129008 0.0288729 0.9995 1.06504
0.429726 -0.902644 0.0238715 30.3972 0.902907 0.429268 -0.0220762 59.4375 0.00967968 0.0310405 0.999471 1.07368
0.436139 -0.899358 0.0306138 30.6831 0.899868 0.435712 -0.0198101 59.9873 0.00447762 0.0361884 0.999335 1.08652
0.443374 -0.895791 0.0312641 30.9107 0.896333 0.443007 -0.0182153 60.4345 0.00246693 0.0360992 0.999345 1.0898
0.454722 -0.89022 0.0271399 31.1564 0.89063 0.454429 -0.0164841 60.908 0.00234129 0.0316673 0.999496 1.08726
0.467691 -0.883599 0.0227391 31.3832 0.883891 0.467495 -0.0136395 61.331 0.00142145 0.026478 0.999648 1.08367
0.480577 -0.876681 0.0217992 31.5957 0.876952 0.480422 -0.0122142 61.6879 0.000235136 0.0249867 0.999688 1.08026
0.504983 -0.862776 0.0247035 31.8889 0.863128 0.504821 -0.0128555 62.1478 -0.00137944 0.0278142 0.999612 1.07626
0.523716 -0.851468 0.0268873 32.1006 0.851887 0.523571 -0.0127351 62.4575 -0.00323387 0.0295745 0.999557 1.07488
0.552868 -0.832776 0.0286444 32.3871 0.833247 0.552775 -0.0117708 62.8561 -0.00603153 0.0303756 0.99952 1.0733
0.578406 -0.815216 0.0294743 32.6276 0.815709 0.57836 -0.0109382 63.168 -0.0081297 0.0303691 0.999506 1.07115
0.614519 -0.788347 0.0295831 32.9398 0.788842 0.614504 -0.0106593 63.5418 -0.00977566 0.0298867 0.999505 1.06415
0.688469 -0.724722 0.0280902 33.5656 0.725176 0.688476 -0.0109513 64.1718 -0.0114028 0.02791 0.999545 1.04748
0.721797 -0.691596 0.026528 33.8448 0.692018 0.721783 -0.0118687 64.3957 -0.0109391 0.0269247 0.999578 1.04185
0.759446 -0.650082 0.0251866 34.1682 0.650485 0.759403 -0.0132772 64.6223 -0.0104955 0.0264668 0.999595 1.03303
0.800402 -0.598981 0.0240406 34.5325 0.599372 0.800336 -0.0146634 64.8411 -0.0104575 0.0261459 0.999603 1.02015
0.874951 -0.48373 0.021598 35.283 0.484114 0.8748 -0.0189451 65.1985 -0.00972958 0.027032 0.999587 0.990113
0.898951 -0.437523 0.0214763 35.5712 0.437927 0.898778 -0.0204514 65.2832 -0.0103544 0.0277899 0.99956 0.982976
0.930444 -0.365773 0.0219798 36.0139 0.366219 0.930277 -0.0216285 65.3965 -0.0125362 0.0281735 0.999524 0.973847
0.951865 -0.305634 0.023251 36.3867 0.306106 0.951777 -0.0204699 65.4654 -0.0158734 0.0266019 0.99952 0.964686
0.970611 -0.239443 0.0241227 36.7984 0.239926 0.970593 -0.0196317 65.5184 -0.0187126 0.0248424 0.999516 0.952849
0.981596 -0.189432 0.0241653 37.1218 0.189944 0.98157 -0.0209915 65.5386 -0.0197435 0.0251953 0.999488 0.942792
0.992271 -0.121868 0.0233826 37.5692 0.122465 0.99213 -0.026078 65.5419 -0.0200205 0.02874 0.999386 0.928344
0.997886 -0.0612073 0.0218357 37.9854 0.0617943 0.997715 -0.0273016 65.5225 -0.0201147 0.0285932 0.999389 0.917557
0.999659 -0.0160806 0.0205592 38.3096 0.0165918 0.999551 -0.0249413 65.4975 -0.0201489 0.0252739 0.999477 0.911427
0.998898 0.0431273 0.018499 38.7456 -0.0427308 0.998859 -0.0213171 65.4407 -0.0193972 0.0205031 0.999602 0.901136
0.995349 0.0949537 0.016257 39.1472 -0.0945645 0.995247 -0.0232373 65.3593 -0.0183862 0.0215919 0.999598 0.88543
0.991164 0.131731 0.015533 39.4655 -0.131201 0.990863 -0.0312407 65.2771 -0.0195064 0.0289267 0.999391 0.86757
0.984252 0.176085 0.0155688 39.8915 -0.175311 0.983625 -0.0417978 65.1503 -0.0226738 0.0384102 0.999005 0.845128
0.976723 0.21403 0.0142334 40.2927 -0.21328 0.97609 -0.0419443 65.0294 -0.0228704 0.0379322 0.999018 0.826819
0.969171 0.246112 0.0116737 40.6564 -0.245621 0.968804 -0.0330102 64.9202 -0.0194337 0.0291253 0.999387 0.819578
0.961228 0.27557 0.010107 41.0232 -0.275283 0.961081 -0.0233011 64.7996 -0.0161347 0.0196154 0.999677 0.819299
0.953776 0.300396 0.00860022 41.3678 -0.300193 0.953684 -0.0192753 64.6742 -0.0139921 0.0158026 0.999777 0.820399
0.944118 0.329565 0.00535158 41.8054 -0.329396 0.943967 -0.0205814 64.4941 -0.0118346 0.0176684 0.999774 0.816327
0.937014 0.349291 -0.000418013 42.1468 -0.349203 0.936749 -0.0236392 64.3542 -0.00786539 0.0222963 0.99972 0.805685
0.927374 0.37397 -0.011088 42.6083 -0.374132 0.927068 -0.0238844 64.1502 0.00134725 0.0262982 0.999653 0.785617
0.920365 0.390801 -0.0142146 42.9498 -0.39103 0.920135 -0.0211684 64.0033 0.00480673 0.025041 0.999675 0.786547
0.90341 0.428741 -0.00565169 43.9007 -0.42877 0.903238 -0.0178119 63.5256 -0.00253186 0.0185147 0.999825 0.806894
0.897478 0.441046 -0.00352419 44.2243 -0.441033 0.897307 -0.018169 63.3772 -0.00485106 0.0178605 0.999829 0.817598
0.888768 0.45835 -0.00277079 44.7411 -0.458306 0.888559 -0.0204829 63.1116 -0.00692633 0.0194744 0.999786 0.823387
0.882154 0.470946 -0.00385442 45.1755 -0.470909 0.881903 -0.022174 62.8872 -0.00704352 0.021376 0.999747 0.826078
0.876364 0.481623 -0.00510728 45.6245 -0.481604 0.876084 -0.0231319 62.6505 -0.00666645 0.0227316 0.999719 0.827149
0.872123 0.489253 -0.00579396 46.0542 -0.489243 0.871823 -0.0238027 62.4225 -0.00659425 0.0235936 0.9997 0.826256
0.867116 0.498058 -0.00697767 46.6146 -0.498071 0.866799 -0.0242023 62.1158 -0.00600592 0.0244616 0.999683 0.823917
0.862717 0.505628 -0.0076789 47.1031 -0.505659 0.862413 -0.0234968 61.8512 -0.00525827 0.024154 0.999694 0.820445
0.85834 0.513013 -0.00832591 47.6586 -0.513055 0.858021 -0.0239773 61.5457 -0.00515686 0.0248523 0.999678 0.816526
0.856089 0.516753 -0.00877393 48.1212 -0.516798 0.855736 -0.0252108 61.2935 -0.00551961 0.0261171 0.999644 0.810603
0.850819 0.525382 -0.00896345 49.3408 -0.525416 0.850409 -0.0272582 60.5934 -0.0066984 0.0279014 0.999588 0.800952
0.849319 0.527792 -0.00960983 49.843 -0.527828 0.848841 -0.0294437 60.3167 -0.00738291 0.0300794 0.99952 0.793305
0.847722 0.530322 -0.011223 50.5424 -0.530382 0.847121 -0.0328878 59.9188 -0.00793387 0.0338322 0.999396 0.785213
0.847461 0.530716 -0.0122685 51.1335 -0.530794 0.846774 -0.0350855 59.5879 -0.00823181 0.0362456 0.999309 0.776079
0.848454 0.529102 -0.0132631 51.6828 -0.529205 0.847699 -0.0367288 59.2848 -0.00819017 0.0381817 0.999237 0.766049
0.849966 0.526649 -0.0140808 52.3827 -0.526772 0.84914 -0.03836 58.8969 -0.00824563 0.0400221 0.999165 0.755557
0.851643 0.523935 -0.0139692 53.0049 -0.524047 0.850771 -0.0395393 58.5581 -0.00883145 0.040994 0.99912 0.744977
0.853285 0.521288 -0.0128125 53.7543 -0.521343 0.852371 -0.0408022 58.1519 -0.0103487 0.0414955 0.999085 0.733922
0.854806 0.518847 -0.0102044 54.4918 -0.518801 0.853931 -0.0405797 57.7621 -0.0123409 0.0399818 0.999124 0.72037
0.856475 0.516128 -0.00788527 55.0969 -0.516002 0.855655 -0.0399485 57.4512 -0.0138715 0.0382837 0.999171 0.706274
0.858187 0.513299 -0.00623406 55.9449 -0.513138 0.857454 -0.0382274 57.0135 -0.0142766 0.0360052 0.99925 0.689415
0.859509 0.511075 -0.00682396 56.6386 -0.510976 0.85887 -0.0353044 56.6604 -0.0121823 0.0338313 0.999353 0.674675
0.860308 0.509702 -0.00857494 57.3389 -0.509719 0.859848 -0.0290985 56.3068 -0.00745841 0.0294045 0.99954 0.658251
0.860651 0.509099 -0.00991065 57.9982 -0.50918 0.860311 -0.0245204 55.9797 -0.00395709 0.0261498 0.99965 0.645707
0.860591 0.509205 -0.00964078 58.8439 -0.509292 0.86035 -0.0204622 55.5619 -0.00212502 0.0225196 0.999744 0.639884
0.860684 0.509081 -0.00772127 59.4915 -0.50913 0.860476 -0.0192041 55.2456 -0.00313248 0.0204598 0.999786 0.640783
0.860703 0.509072 -0.00602192 60.3465 -0.509088 0.860506 -0.0189646 54.8186 -0.00447244 0.0193886 0.999802 0.64153
0.86095 0.508667 -0.00469401 61.049 -0.508661 0.860772 -0.0183041 54.4684 -0.00527023 0.0181466 0.999821 0.640582
0.861433 0.507863 -0.00290169 62.5457 -0.507846 0.861319 -0.0148871 53.7189 -0.0050613 0.0142978 0.999885 0.637597
0.861613 0.50756 -0.00248985 63.1683 -0.507549 0.861533 -0.0124323 53.4097 -0.00416502 0.0119755 0.99992 0.633007
0.861245 0.508187 -0.00158617 64.0259 -0.508178 0.861202 -0.00922997 52.9828 -0.00332454 0.00875533 0.999956 0.629664
0.860376 0.50966 -0.000131717 64.629 -0.509646 0.860351 -0.00753755 52.6825 -0.00372826 0.00655225 0.999972 0.628919
0.858714 0.512448 0.00258711 65.4369 -0.512426 0.858708 -0.00638016 52.2775 -0.00549108 0.00415303 0.999976 0.630667
0.85673 0.515736 0.00556484 66.1997 -0.515709 0.856746 -0.00560589 51.8888 -0.00765881 0.0019329 0.999969 0.63284
0.854358 0.519643 0.0065554 66.8858 -0.519621 0.854383 -0.00482619 51.5317 -0.00810872 0.00071697 0.999967 0.634348
0.851364 0.524538 0.00628823 67.5068 -0.524522 0.851387 -0.00406864 51.2012 -0.00748787 0.00016558 0.999972 0.631811
0.847158 0.531319 0.00484571 68.3159 -0.531307 0.847172 -0.00369856 50.7616 -0.00607025 0.000558709 0.999981 0.625856
0.84346 0.537175 0.00431412 68.906 -0.537162 0.84347 -0.003958 50.43 -0.00576497 0.00102104 0.999983 0.622135
0.838527 0.544838 0.0048564 69.7124 -0.544821 0.83854 -0.00444771 49.9667 -0.00649558 0.00108366 0.999978 0.619199
0.83457 0.550879 0.00496603 70.269 -0.55086 0.834584 -0.0047633 49.6321 -0.00676857 0.00123973 0.999976 0.617851
0.829428 0.558598 0.00414033 71.0104 -0.558576 0.829435 -0.00545154 49.1769 -0.00647936 0.00220897 0.999977 0.614685
0.82504 0.565067 0.00276902 71.7541 -0.565051 0.825041 -0.00505086 48.7034 -0.00513863 0.00260253 0.999983 0.609355
0.821724 0.569884 0.00156929 72.3056 -0.569873 0.821721 -0.00444401 48.3368 -0.00382208 0.00275745 0.999989 0.604835
0.817562 0.57584 -4.47091e-05 72.9171 -0.575836 0.817556 -0.00386993 47.9246 -0.00219191 0.00318966 0.999992 0.599337
0.813419 0.581675 -0.00178297 73.5739 -0.581678 0.81341 -0.0037961 47.4719 -0.000757815 0.00412494 0.999991 0.594488
0.809867 0.586604 -0.00333964 74.1583 -0.586614 0.809857 -0.00401757 47.0541 0.000347905 0.00521277 0.999986 0.593026
0.806062 0.591812 -0.00466558 74.8372 -0.591829 0.806054 -0.00400808 46.5592 0.00138868 0.00599199 0.999981 0.593285
0.803083 0.595839 -0.00575414 75.3405 -0.595865 0.80307 -0.00483232 46.1786 0.00174169 0.00730945 0.999972 0.594038
0.799639 0.60045 -0.00606075 75.8383 -0.60048 0.799615 -0.00627779 45.7973 0.00107677 0.00865933 0.999962 0.593093
0.796473 0.604638 -0.00666413 76.5054 -0.604674 0.796418 -0.00934946 45.282 -0.000345599 0.0114762 0.999934 0.59026
0.795266 0.606216 -0.00736891 77.0361 -0.606257 0.795164 -0.0129235 44.8557 -0.00197494 0.0147451 0.999889 0.587913
0.794808 0.606809 -0.0079576 77.6035 -0.606852 0.794657 -0.0158115 44.3969 -0.00327101 0.0173962 0.999843 0.583323
0.794728 0.606909 -0.0082987 78.1119 -0.606952 0.794548 -0.0173997 43.9834 -0.00396631 0.0188649 0.999814 0.57666
0.794581 0.607099 -0.00848274 78.6149 -0.607144 0.794392 -0.0178139 43.5768 -0.00407619 0.0193049 0.999805 0.569003
0.794889 0.606676 -0.00977143 79.1068 -0.606746 0.794687 -0.0182398 43.1784 -0.0033004 0.0204274 0.999786 0.559644
0.79735 0.6034 -0.0118964 79.6688 -0.603515 0.797138 -0.0184588 42.7189 -0.00165499 0.0218978 0.999759 0.549881
0.799832 0.600082 -0.0130873 80.0853 -0.600224 0.799616 -0.0186022 42.3784 -0.000697983 0.0227339 0.999741 0.543823
0.802895 0.595964 -0.0136439 80.501 -0.59612 0.802685 -0.0183743 42.0443 1.34669e-06 0.0228861 0.999738 0.539794
0.809391 0.587104 -0.0139789 81.0211 -0.587269 0.809198 -0.0176989 41.6345 0.000920553 0.0225347 0.999746 0.536765
0.816031 0.57784 -0.0139359 81.4458 -0.578007 0.81584 -0.0176935 41.3104 0.00114546 0.0224935 0.999746 0.538534
0.825024 0.564919 -0.014214 81.8992 -0.565093 0.824862 -0.0165435 40.9775 0.00237886 0.0216811 0.999762 0.540437
0.836085 0.548372 -0.0158217 82.3415 -0.548577 0.835968 -0.0148766 40.6677 0.00506851 0.0211176 0.999764 0.541806
0.84585 0.53314 -0.0172972 82.7128 -0.533363 0.845791 -0.0127323 40.4255 0.00784173 0.0199953 0.999769 0.545117
0.859421 0.510932 -0.0185436 83.1651 -0.51116 0.85942 -0.0105932 40.1446 0.0105243 0.0185827 0.999772 0.548648
0.874554 0.484575 -0.0184954 83.6254 -0.484794 0.874573 -0.0098618 39.8795 0.0113968 0.0175911 0.99978 0.554274
0.885328 0.464661 -0.0168638 83.9847 -0.464855 0.885328 -0.0101783 39.6969 0.0102005 0.0168504 0.999806 0.562627
0.904344 0.4266 -0.0132063 84.5119 -0.426747 0.904296 -0.0116585 39.4482 0.00696887 0.016179 0.999845 0.570637
0.917456 0.397733 -0.00911104 84.9082 -0.397822 0.917379 -0.0123873 39.2938 0.00343146 0.0149893 0.999882 0.578672
0.935275 0.353908 -0.00312889 85.4229 -0.353919 0.935197 -0.012163 39.1174 -0.00137846 0.0124831 0.999921 0.585418
0.948865 0.31568 0.00115298 85.8618 -0.31565 0.948815 -0.0107624 39.0021 -0.00449142 0.00984809 0.999941 0.589921
0.966895 0.255143 0.00402983 86.4395 -0.255097 0.96687 -0.00939499 38.8766 -0.00629339 0.00805597 0.999948 0.589132
0.976509 0.215442 0.00390981 86.8307 -0.215389 0.976468 -0.0108796 38.8293 -0.00616173 0.00978193 0.999933 0.591826
0.989099 0.14725 0.000920793 87.3872 -0.147225 0.989016 -0.0131108 38.7762 -0.00284124 0.0128323 0.999914 0.592043
0.995323 0.0965737 -0.00254058 87.8068 -0.0966009 0.995211 -0.0149305 38.7746 0.00108652 0.0151061 0.999885 0.596695
0.999896 0.0122473 -0.00755722 88.4091 -0.0123615 0.999807 -0.0152596 38.8032 0.00736888 0.0153514 0.999855 0.597779
0.998953 -0.0446966 -0.00970404 88.8265 0.0445598 0.99891 -0.0138895 38.8695 0.0103143 0.0134426 0.999856 0.604419
0.994939 -0.0998584 -0.0112035 89.2368 0.0997005 0.994921 -0.0138678 38.9613 0.0125314 0.0126806 0.999841 0.612028
0.983909 -0.178302 -0.0114188 89.7808 0.178116 0.983885 -0.0156519 39.1116 0.0140256 0.0133662 0.999812 0.621023
0.973009 -0.230602 -0.00866641 90.1661 0.230444 0.972951 -0.0161902 39.2582 0.0121655 0.0137561 0.999831 0.634782
0.951394 -0.307974 -0.00139763 90.7007 0.307922 0.951299 -0.0146647 39.4916 0.0058459 0.0135215 0.999891 0.650943
0.930268 -0.366854 0.00451385 91.1243 0.366881 0.930181 -0.0127049 39.7222 0.000462141 0.013475 0.999909 0.663564
0.90379 -0.427845 0.0106186 91.5764 0.427941 0.903757 -0.00951097 40.0044 -0.00552744 0.0131401 0.999898 0.673737
0.881039 -0.472807 0.0149799 91.9412 0.472929 0.881081 -0.00583866 40.2687 -0.010438 0.0122285 0.999871 0.681561
0.850045 -0.526423 0.0173914 92.3958 0.526515 0.850165 -0.000915639 40.628 -0.0143035 0.00993516 0.999848 0.687273
0.831161 -0.555773 0.0169589 92.6866 0.555799 0.831309 0.00358832 40.8894 -0.0160923 0.00644324 0.99985 0.691965
0.803349 -0.595353 0.0135926 93.1225 0.595298 0.803463 0.00824987 41.2954 -0.0158327 0.00146412 0.999874 0.689441
0.782471 -0.622598 0.0105147 93.4721 0.622519 0.78254 0.0100535 41.646 -0.0144874 -0.00132097 0.999894 0.683273
0.766894 -0.641676 0.0112038 93.7854 0.641625 0.766975 0.00818726 41.9723 -0.0138466 0.00090988 0.999904 0.683058
0.749947 -0.661344 0.0142859 94.225 0.661355 0.750059 0.00460157 42.4474 -0.0137585 0.00599715 0.999887 0.687611
0.740321 -0.672122 0.0133139 94.5602 0.672121 0.740423 0.00516654 42.8208 -0.0133304 0.00512363 0.999898 0.696758
0.734015 -0.679044 0.0110306 94.8381 0.679009 0.734095 0.00723596 43.1423 -0.013011 0.00217858 0.999913 0.704229
0.72716 -0.686442 0.00594131 95.2334 0.68636 0.727172 0.0114054 43.6097 -0.0121495 -0.00421569 0.999917 0.707152
0.724159 -0.689633 0.000462128 95.541 0.689565 0.724097 0.0135664 43.9779 -0.00969047 -0.00950558 0.999908 0.716107
0.721919 -0.691959 -0.00504699 95.9831 0.691953 0.721814 0.0136422 44.5015 -0.00579684 -0.0133408 0.999894 0.730534
0.722229 -0.691625 -0.0064123 96.2986 0.691646 0.722143 0.0116582 44.865 -0.0034325 -0.0128549 0.999911 0.750399
0.724084 -0.689665 -0.00801126 96.6388 0.689711 0.724052 0.00683092 45.2463 0.00108952 -0.0104716 0.999945 0.767332
0.727133 -0.686409 -0.0109661 97.0801 0.686447 0.72718 -0.000402929 45.7351 0.00825092 -0.00723467 0.99994 0.784778
0.730135 -0.683157 -0.0141205 97.4964 0.683221 0.730211 -0.000355553 46.1924 0.0105538 -0.0093878 0.9999 0.810328
0.733093 -0.679955 -0.015367 97.8281 0.680064 0.733147 0.00284279 46.5491 0.0093333 -0.0125346 0.999878 0.837783
0.737466 -0.675266 -0.0126107 98.3352 0.675367 0.737453 0.00659386 47.0863 0.00484719 -0.0133796 0.999899 0.875369
0.740414 -0.672113 -0.00710541 98.7549 0.672151 0.740373 0.00779468 47.5115 2.1752e-05 -0.0105472 0.999944 0.907881
0.742783 -0.669527 -0.00248502 99.1272 0.669518 0.742738 0.00926356 47.8842 -0.00435648 -0.00854458 0.999954 0.930386
0.745741 -0.666232 0.00246399 99.6734 0.66619 0.745727 0.00904922 48.4283 -0.00786634 -0.00510688 0.999956 0.951439
0.747055 -0.664746 0.00462329 100.051 0.664725 0.747068 0.00544472 48.7889 -0.00707327 -0.000994284 0.999974 0.961584
0.747464 -0.664292 0.0036639 100.629 0.664301 0.747462 -0.00218864 49.3511 -0.00128473 0.00406986 0.999991 0.972576
0.747586 -0.664165 0.000480192 101.007 0.664152 0.747566 -0.0068311 49.7131 0.00417801 0.00542575 0.999977 0.977869
0.747033 -0.66477 -0.00471339 101.503 0.664712 0.747037 -0.00966719 50.201 0.00994754 0.00408866 0.999942 0.982642
0.745349 -0.666657 -0.00478293 102.104 0.666596 0.745352 -0.0100504 50.7942 0.0102651 0.00430277 0.999938 0.995426
0.744364 -0.667774 0.000548948 102.589 0.667756 0.744338 -0.00793092 51.2683 0.00488746 0.00627005 0.999968 1.016
0.743521 -0.668696 0.00468307 103.019 0.668712 0.743505 -0.00486291 51.6838 -0.000230082 0.0067473 0.999977 1.03326
0.74221 -0.670145 0.0054512 103.601 0.67016 0.742215 -0.00138324 52.2577 -0.00311899 0.00467983 0.999984 1.04961
0.741227 -0.671252 0.00186056 104.069 0.671253 0.741228 -0.000437238 52.7261 -0.0010856 0.001573 0.999998 1.05654
0.739222 -0.673451 -0.00377872 104.668 0.673445 0.739231 -0.00306913 53.3298 0.00486026 -0.000275997 0.999988 1.06382
0.737097 -0.675758 -0.00630182 105.135 0.675732 0.737124 -0.00596663 53.8003 0.00867722 0.000139641 0.999962 1.07014
0.734342 -0.678756 -0.00565446 105.767 0.678707 0.73436 -0.00843976 54.4415 0.00988095 0.00235995 0.999948 1.08422
0.732155 -0.68113 -0.00343955 106.238 0.681081 0.732149 -0.00928489 54.9177 0.00884249 0.00445536 0.999951 1.09774
0.72916 -0.684333 0.00371431 107.496 0.684333 0.729108 -0.0094796 56.195 0.00377907 0.00945397 0.999948 1.13723
0.728503 -0.685012 0.00651421 107.934 0.685038 0.728432 -0.0104864 56.644 0.00243815 0.0121019 0.999924 1.14543
0.728099 -0.685406 0.00950724 108.607 0.685472 0.72802 -0.0107174 57.3374 0.000424293 0.0143203 0.999897 1.15689
0.728048 -0.685484 0.00755002 109.158 0.685525 0.727991 -0.00914436 57.915 0.000771971 0.0118333 0.99993 1.1609
0.728268 -0.68529 0.00202762 109.71 0.685284 0.72824 -0.00720505 58.4991 0.00346096 0.00663671 0.999972 1.16134
0.728436 -0.685108 -0.00292492 110.228 0.685094 0.728441 -0.00445173 59.0495 0.00518054 0.00123895 0.999986 1.16219
0.729642 -0.683764 -0.00944312 110.884 0.683805 0.729663 0.0016119 59.7437 0.00578814 -0.00763336 0.999954 1.16698
0.731051 -0.68222 -0.0118552 111.396 0.682308 0.731038 0.00619256 60.2892 0.00444193 -0.012616 0.99991 1.17132
0.733128 -0.679968 -0.0128998 112.075 0.680081 0.733088 0.00847284 60.9998 0.00369547 -0.0149846 0.999881 1.17953
0.734483 -0.678466 -0.0147989 112.642 0.678603 0.734467 0.00747546 61.5936 0.00579745 -0.0155332 0.999862 1.18439
0.735609 -0.677309 -0.0114311 113.273 0.677374 0.735634 0.00271901 62.2391 0.00656747 -0.00974324 0.999931 1.19405
0.735512 -0.677468 -0.00766157 113.774 0.677483 0.735538 -0.000751851 62.7482 0.00614473 -0.00463759 0.99997 1.20247
0.736417 -0.676515 -0.0042046 114.497 0.676495 0.736428 -0.0052717 63.4782 0.00666277 0.00103778 0.999977 1.21836
0.736416 -0.676513 -0.00461581 114.981 0.676504 0.73643 -0.00359507 63.9733 0.00583134 -0.000475144 0.999983 1.2229
0.737342 -0.675508 -0.00408235 115.719 0.675519 0.737338 0.00257861 64.7202 0.0012682 -0.00465902 0.999988 1.23067
0.737768 -0.675049 -0.00270865 116.294 0.675042 0.737723 0.00913966 65.3086 -0.00417149 -0.0085714 0.999955 1.23621
0.738356 -0.674393 -0.00497769 116.92 0.674408 0.738309 0.00857629 65.9454 -0.00210871 -0.00968935 0.999951 1.23449
0.738059 -0.674688 -0.00803499 117.368 0.67472 0.738072 0.00181628 66.404 0.00470498 -0.00676189 0.999966 1.2251
0.737244 -0.675544 -0.0105045 118.702 0.675381 0.737307 -0.0154785 67.7186 0.0182015 0.00431685 0.999825 1.2355
0.735873 -0.677118 -0.00150044 119.16 0.677086 0.735857 -0.0083392 68.1907 0.00675073 0.00512067 0.999964 1.24494
0.734224 -0.678725 0.0157099 119.863 0.678722 0.734368 0.00636696 68.9052 -0.0158583 0.0059879 0.999856 1.26454
0.733001 -0.680008 0.0172753 120.43 0.67994 0.733193 0.0104377 69.4936 -0.0197638 0.00409531 0.999796 1.25712
0.732277 -0.680982 0.00583414 121.033 0.680965 0.7323 0.00473232 70.1257 -0.00749496 0.000507474 0.999972 1.22703
0.731329 -0.682014 -0.00375409 121.633 0.682009 0.731338 -0.00273477 70.7523 0.00461066 -0.000560308 0.999989 1.2005
0.729933 -0.683504 -0.00447925 122.134 0.683469 0.729943 -0.00731836 71.2755 0.00827172 0.00228048 0.999963 1.19353
0.727678 -0.685913 -0.00277498 122.642 0.685881 0.727674 -0.00762824 71.8031 0.00725159 0.0036476 0.999967 1.19499
0.725016 -0.688728 -0.00231163 123.303 0.688694 0.725008 -0.00798861 72.493 0.00717793 0.00419986 0.999965 1.19995
0.721614 -0.692287 -0.00354186 123.895 0.692235 0.721609 -0.0095738 73.1176 0.00918365 0.00445679 0.999948 1.20183
0.718756 -0.695243 -0.0051925 124.336 0.6952 0.718772 -0.00796623 73.5936 0.00927069 0.00211595 0.999955 1.20172
0.716393 -0.697611 -0.010915 125.016 0.697626 0.716456 -0.00302463 74.3349 0.00993017 -0.00544778 0.999936 1.20108
0.714784 -0.699235 -0.0124639 125.493 0.69929 0.714838 0.000111414 74.8618 0.00883174 -0.00879549 0.999922 1.19918
0.713122 -0.700964 -0.0103291 126.076 0.701022 0.713132 0.00331887 75.4957 0.00503962 -0.0096077 0.999941 1.20106
0.711364 -0.702775 -0.00825677 126.54 0.702818 0.711354 0.00459893 76.0018 0.00264149 -0.00907453 0.999955 1.20008
0.709473 -0.704689 -0.00788051 127.193 0.704719 0.709485 0.00166336 76.7097 0.00441896 -0.00673366 0.999968 1.20022
0.706661 -0.707514 -0.00734939 127.716 0.707514 0.706692 -0.00305604 77.2798 0.00735595 -0.00304022 0.999968 1.20106
0.702628 -0.711531 -0.00609872 128.172 0.711499 0.702654 -0.00683276 77.7841 0.00914702 0.000461651 0.999958 1.20006
0.697026 -0.717037 -0.00359039 128.763 0.717007 0.697031 -0.00701061 78.4424 0.00752948 0.00231224 0.999969 1.20107
0.692025 -0.721871 0.00192844 129.32 0.721873 0.692022 -0.00213928 79.0784 0.000209766 0.00287253 0.999996 1.20274
0.688031 -0.725641 0.00762373 129.773 0.725646 0.688063 0.0027036 79.6017 -0.00720745 0.00367196 0.999967 1.20535
0.684085 -0.729345 0.00909415 130.433 0.72925 0.684144 0.0118536 80.3717 -0.0148671 -0.00147698 0.999888 1.19868
0.681143 -0.732127 0.00587303 130.881 0.732029 0.681154 0.0127734 80.9099 -0.0133522 -0.00440128 0.999901 1.18484
0.676594 -0.736356 0.00046037 131.377 0.736331 0.676575 0.00794107 81.5047 -0.00615893 -0.0050339 0.999968 1.16423
0.671073 -0.741385 -0.00309094 131.919 0.741388 0.671077 -0.000333049 82.159 0.00232118 -0.00206808 0.999995 1.14411
0.66609 -0.745866 -0.00277559 132.413 0.745857 0.666095 -0.0038258 82.7701 0.00470234 0.000478135 0.999989 1.13506
0.660299 -0.750993 -0.00378247 132.905 0.751 0.660302 0.000439976 83.3926 0.00216716 -0.00313115 0.999993 1.13199
0.654451 -0.756067 -0.00746409 133.364 0.756104 0.654432 0.00505403 83.9873 0.00106356 -0.00895124 0.999959 1.12693
0.646652 -0.76266 -0.0137852 133.926 0.762767 0.646655 0.00483642 84.7213 0.00522573 -0.0136424 0.999893 1.11849
0.632626 -0.774294 -0.0159057 134.973 0.774401 0.632695 0.000913047 86.0912 0.00935648 -0.012895 0.999873 1.11302
0.627382 -0.778568 -0.0149611 135.347 0.778692 0.627387 0.00496143 86.6159 0.00552358 -0.0147628 0.999876 1.11552
0.620118 -0.784393 -0.0134215 135.914 0.784505 0.619979 0.0133001 87.4136 -0.00211146 -0.0187769 0.999821 1.11885
0.614289 -0.788989 -0.0120563 136.333 0.78906 0.614086 0.0168201 88.0158 -0.00586722 -0.0198455 0.999786 1.11479
0.608408 -0.793556 -0.0104604 136.838 0.793574 0.608167 0.0193 88.7429 -0.00895391 -0.0200433 0.999759 1.10717
0.603955 -0.79695 -0.0104215 137.336 0.796966 0.603713 0.019391 89.4697 -0.00916202 -0.0200169 0.999758 1.09438
0.600586 -0.799452 -0.0131812 137.728 0.799535 0.600353 0.0178927 90.0589 -0.006391 -0.0212849 0.999753 1.08407
0.596833 -0.802102 -0.020537 138.196 0.802364 0.5966 0.0167378 90.7663 -0.00117305 -0.0264678 0.999649 1.07167
0.593929 -0.804067 -0.0269241 138.68 0.804506 0.593771 0.014385 91.5064 0.00442023 -0.0302043 0.999534 1.06114
0.591327 -0.805981 -0.0269631 139.163 0.806427 0.591103 0.016503 92.2433 0.00263691 -0.0315025 0.9995 1.06087
0.589218 -0.807586 -0.0250556 139.601 0.807963 0.58876 0.0236236 92.9199 -0.00432637 -0.0341635 0.999407 1.06443
0.587108 -0.809217 -0.0217078 140.018 0.809415 0.586423 0.0309086 93.5678 -0.0122818 -0.0357174 0.999286 1.06723
0.583504 -0.811867 -0.0198748 140.479 0.811946 0.582719 0.0343924 94.2817 -0.0163407 -0.0362054 0.999211 1.0638
0.579466 -0.814806 -0.017609 140.923 0.814913 0.578962 0.0268325 94.9658 -0.0116683 -0.0298983 0.999485 1.04608
0.573677 -0.818941 -0.0151485 141.433 0.819077 0.573518 0.0137863 95.7492 -0.0026022 -0.0203166 0.99979 1.02229
0.568239 -0.822678 -0.0174477 141.857 0.822863 0.568107 0.0122481 96.428 -0.000164067 -0.0213169 0.999773 1.00861
0.562874 -0.826397 -0.0155452 142.25 0.826536 0.562691 0.0147571 97.0729 -0.00344809 -0.0211551 0.99977 1.00287
0.556244 -0.830966 -0.00940512 142.702 0.830975 0.556063 0.0165428 97.8176 -0.00851665 -0.0170173 0.999819 1.00163
0.544872 -0.838502 0.00543469 143.648 0.838393 0.544891 0.013828 99.392 -0.0145561 -0.00297807 0.99989 0.981808
0.540805 -0.84112 0.00686524 143.969 0.841049 0.540849 0.0109102 99.9474 -0.0128898 -0.000126285 0.999917 0.974066
0.534807 -0.84495 0.00635652 144.422 0.844962 0.534825 0.00143368 100.736 -0.00461101 0.00460428 0.999979 0.957207
0.529114 -0.848493 0.00986847 144.815 0.848543 0.529026 -0.0102651 101.409 0.00348919 0.0138052 0.999899 0.944848
0.5231 -0.852158 0.0139056 145.244 0.852265 0.522964 -0.0123947 102.157 0.00329008 0.0183349 0.999826 0.940544
0.517529 -0.85555 0.0140573 145.714 0.855631 0.517587 0.000598622 103.013 -0.00778801 0.011718 0.999901 0.940981
0.513718 -0.857858 0.0131671 146.054 0.857809 0.513855 0.0107998 103.649 -0.0160307 0.00574681 0.999855 0.941965
0.509677 -0.860284 0.0118471 146.456 0.860126 0.509812 0.0165642 104.412 -0.0202897 0.00174758 0.999793 0.935007
0.507243 -0.861752 0.00938556 146.875 0.861694 0.507322 0.0103682 105.211 -0.0136963 0.00282828 0.999902 0.912077
0.504984 -0.863124 -0.00260231 147.284 0.863123 0.504969 0.00499268 106.007 -0.00299522 -0.00476735 0.999984 0.887267
0.503155 -0.864139 -0.0099089 147.69 0.864189 0.503165 0.00157231 106.802 0.00362712 -0.00935427 0.99995 0.87508
0.501391 -0.865184 -0.0079429 148.017 0.865212 0.501407 2.37059e-05 107.429 0.00396211 -0.00688417 0.999968 0.878316
0.49999 -0.866029 -0.00185702 148.456 0.866027 0.49998 0.00424121 108.27 -0.00274454 -0.00372879 0.999989 0.885923
0.499807 -0.866136 0.000884911 148.811 0.866086 0.499788 0.0103029 108.959 -0.00936601 -0.00438307 0.999947 0.889405
0.499092 -0.866547 0.00200684 149.218 0.866455 0.499071 0.0135417 109.752 -0.012736 -0.0050197 0.999906 0.886806
0.497678 -0.867362 0.000502627 149.599 0.867308 0.497654 0.0108032 110.489 -0.00962037 -0.00494056 0.999941 0.877386
0.495783 -0.868446 0.000379229 149.995 0.868446 0.495783 -0.000155363 111.246 -5.30877e-05 0.000406364 1 0.864825
0.493533 -0.869708 0.0057331 150.44 0.869676 0.493421 -0.0141128 112.083 0.00944521 0.0119511 0.999884 0.858379
0.4923 -0.870378 0.00915957 150.852 0.870376 0.492131 -0.015889 112.871 0.00932172 0.0157944 0.999832 0.866405
0.491385 -0.870881 0.0103243 151.223 0.87094 0.491324 -0.00797118 113.597 0.0018694 0.0129087 0.999915 0.881286
0.489995 -0.871659 0.0107689 151.597 0.87171 0.490022 -8.9528e-05 114.331 -0.00519899 0.00943126 0.999942 0.897701
0.489083 -0.872162 0.0114373 151.97 0.872218 0.489116 0.000161635 115.065 -0.00573517 0.00989681 0.999935 0.904235
0.488539 -0.872485 0.0099461 152.327 0.872541 0.488523 -0.00414963 115.771 -0.00123841 0.0107056 0.999942 0.898647
0.488566 -0.872512 0.00513246 152.704 0.872522 0.488533 -0.00641755 116.53 0.00309201 0.00761357 0.999966 0.894531
0.48816 -0.872753 0.00160744 153.102 0.872752 0.488154 -0.00294868 117.325 0.00178879 0.00284232 0.999994 0.899155
0.487681 -0.873022 0.000485871 153.464 0.873021 0.487681 0.0011225 118.047 -0.00121692 -0.000123253 0.999999 0.908194
0.487131 -0.873328 -0.00108729 153.828 0.873319 0.487119 0.00528801 118.772 -0.00408853 -0.00352551 0.999985 0.913286
0.486773 -0.873519 -0.00411798 154.251 0.873509 0.486726 0.00891309 119.621 -0.00578142 -0.00793575 0.999952 0.914842
0.486358 -0.873747 -0.00475505 154.603 0.873749 0.486318 0.00755936 120.324 -0.0042925 -0.00783128 0.99996 0.918577
0.485587 -0.874151 -0.00805208 154.983 0.874188 0.485574 0.00367855 121.089 0.000694273 -0.00882529 0.999961 0.918921
0.484626 -0.874656 -0.0106465 155.282 0.874715 0.484632 0.00219514 121.69 0.00323963 -0.0103764 0.999941 0.918977
0.483003 -0.875552 -0.0108227 155.663 0.875619 0.482971 0.00556656 122.451 0.000353228 -0.0121652 0.999926 0.920014
0.482461 -0.875828 -0.0125039 156.024 0.875917 0.482429 0.0056752 123.169 0.00106174 -0.0136904 0.999906 0.931283
0.482406 -0.875829 -0.0144182 156.382 0.875945 0.482378 0.00557858 123.878 0.00206915 -0.0153207 0.99988 0.953686
0.482847 -0.875548 -0.0165714 156.736 0.875698 0.48283 0.00528131 124.581 0.00337714 -0.0170616 0.999849 0.98495
0.483748 -0.875002 -0.0189572 157.088 0.875193 0.48375 0.00479182 125.279 0.00497768 -0.0189092 0.999809 1.01749
0.485298 -0.874082 -0.0215979 157.432 0.874322 0.48533 0.00407461 125.966 0.00692059 -0.0208609 0.999758 1.05598
0.48742 -0.872824 -0.0244733 157.772 0.873119 0.487497 0.0031394 126.641 0.0091905 -0.0228983 0.999696 1.0974
0.490118 -0.871219 -0.027589 158.107 0.871576 0.490256 0.00199501 127.306 0.0117876 -0.0250237 0.999617 1.14267
0.493398 -0.869253 -0.0309529 158.435 0.869679 0.493617 0.000650023 127.962 0.0147138 -0.0272398 0.999521 1.19175
0.497238 -0.866926 -0.0345606 158.758 0.867428 0.497561 -0.000889348 128.607 0.017967 -0.0295367 0.999402 1.243
0.501673 -0.864204 -0.0384063 159.076 0.864789 0.502129 -0.00263206 129.239 0.0215596 -0.0318929 0.999259 1.29594
0.506607 -0.86113 -0.042491 159.391 0.861801 0.507226 -0.00455247 129.86 0.0254728 -0.0343125 0.999086 1.35211
0.512069 -0.857666 -0.0468282 159.699 0.85843 0.512888 -0.00664549 130.47 0.0297173 -0.0367958 0.998881 1.40865
0.517983 -0.853844 -0.0514144 160.004 0.854703 0.51904 -0.00889522 131.071 0.0342813 -0.0393365 0.998638 1.46617
0.524278 -0.849688 -0.0562477 160.305 0.850647 0.525617 -0.0112872 131.664 0.0391554 -0.0419293 0.998353 1.52327
0.53162 -0.844724 -0.0618175 160.629 0.845795 0.533323 -0.0140505 132.305 0.0448375 -0.0448154 0.997989 1.5886
0.536766 -0.841327 -0.0636522 160.859 0.842426 0.538603 -0.0150091 132.739 0.0469108 -0.0455659 0.997859 1.62136
0.544415 -0.836661 -0.0600917 161.213 0.837659 0.546029 -0.0134249 133.414 0.0440439 -0.0430276 0.998103 1.70288
0.549204 -0.83395 -0.0538762 161.474 0.834737 0.550513 -0.0122499 133.875 0.0398754 -0.0382447 0.998472 1.74284
0.555341 -0.830389 -0.0452743 161.82 0.830842 0.556355 -0.0130324 134.488 0.0360106 -0.0303784 0.99889 1.80332
0.559302 -0.827881 -0.0423553 162.102 0.82823 0.560227 -0.0134859 134.973 0.0348933 -0.0275372 0.999012 1.82789
0.56211 -0.82592 -0.0434585 162.448 0.826359 0.563023 -0.0116605 135.582 0.0340988 -0.0293578 0.998987 1.85877
0.562947 -0.825331 -0.04381 162.723 0.825823 0.563833 -0.0103841 136.049 0.0332719 -0.0303337 0.998986 1.86121
0.562993 -0.825364 -0.0425826 163.105 0.825896 0.563766 -0.00794858 136.724 0.0305671 -0.0306938 0.999061 1.89328
0.563022 -0.825418 -0.0411195 163.382 0.825978 0.563676 -0.00547527 137.191 0.0276975 -0.0308811 0.999139 1.88938
0.562549 -0.825527 -0.0452098 163.665 0.826268 0.563264 -0.00381469 137.673 0.0286141 -0.0352094 0.99897 1.87682
0.561532 -0.825582 -0.0556421 164.016 0.826666 0.562663 -0.00583404 138.302 0.0361243 -0.0427215 0.998434 1.87012
0.559684 -0.826412 -0.061616 164.32 0.827511 0.561321 -0.0119795 138.823 0.0444864 -0.0442832 0.998028 1.85162
0.556628 -0.828445 -0.0619934 164.653 0.829153 0.558643 -0.0205794 139.392 0.0516811 -0.039947 0.997864 1.84519
0.553365 -0.830868 -0.0586998 164.961 0.831402 0.55525 -0.0216434 139.918 0.0505759 -0.0368264 0.998041 1.83826
0.550409 -0.832881 -0.0579594 165.236 0.833771 0.551943 -0.0135772 140.401 0.0432985 -0.0408518 0.998227 1.82789
0.546779 -0.835742 -0.0506687 165.595 0.836806 0.547499 -0.000376322 141.06 0.0280556 -0.0421942 0.998715 1.84135
0.543112 -0.838724 -0.0396316 165.91 0.839515 0.54329 0.00707702 141.607 0.0155958 -0.0371149 0.999189 1.83511
