1 0 0 0 0 1 0 0 0 0 1 0
0.950407 -0.310802 0.0113257 -0.350984 0.310848 0.950457 -0.00244749 1.69436 -0.0100039 0.00584668 0.999933 -0.0244262
0.917921 -0.396551 0.0129968 -0.951875 0.396633 0.917967 -0.00436695 3.24703 -0.010199 0.00916349 0.999906 -0.0455429
0.963214 -0.268009 0.019724 -1.35618 0.268157 0.963361 -0.00525229 4.92952 -0.0175937 0.0103482 0.999792 -0.0602726
0.981903 -0.18849 0.0183761 -1.65823 0.188596 0.982046 -0.00416228 6.78375 -0.0172616 0.00755261 0.999822 -0.0744494
0.989991 -0.140804 0.009619 -1.88069 0.140762 0.990031 0.00489345 8.70023 -0.0102121 -0.00349047 0.999942 -0.0911993
0.9928 -0.119582 0.00700364 -2.06574 0.119498 0.99277 0.0113426 10.8754 -0.00830937 -0.010424 0.999911 -0.142465
0.994873 -0.100813 0.00802738 -2.19702 0.100689 0.994811 0.0145994 12.8863 -0.00945753 -0.0137163 0.999861 -0.175851
0.996985 -0.077232 0.00749572 -2.28391 0.0771356 0.996943 0.0124011 15.0454 -0.00843057 -0.0117855 0.999895 -0.250986
0.998479 -0.0531835 0.0145391 -2.30336 0.0529929 0.998508 0.0131939 17.3373 -0.0152191 -0.0124033 0.999807 -0.300682
0.998957 -0.0455576 0.00299373 -2.3529 0.0455384 0.998943 0.00621732 19.2879 -0.00327381 -0.00607451 0.999976 -0.254457
0.999291 -0.0370917 0.0063871 -2.36605 0.0369498 0.999095 0.0210562 21.7336 -0.00716234 -0.0208053 0.999758 -0.344411
0.999662 -0.0258689 0.0025967 -2.35951 0.0258203 0.999518 0.0172653 24.1376 -0.00304208 -0.0171924 0.999848 -0.443563
0.999753 -0.0219249 0.00371971 -2.28767 0.0218473 0.999566 0.0197632 26.031 -0.0041514 -0.019677 0.999798 -0.508095
0.999859 -0.0165525 0.00276455 -2.27232 0.0165104 0.999757 0.0146163 28.3099 -0.00300581 -0.0145686 0.999889 -0.595545
0.999762 -0.017625 0.0128851 -2.22374 0.0174759 0.99978 0.0115925 30.5884 -0.0130866 -0.0113646 0.99985 -0.73164
0.999735 -0.0202409 0.011008 -2.17977 0.0199772 0.999523 0.0235602 32.6122 -0.0114796 -0.023334 0.999662 -0.728819
0.999497 -0.0315614 -0.0029408 -2.16709 0.0316229 0.999213 0.0239438 34.8764 0.00218279 -0.0240248 0.999709 -0.780893
0.999198 -0.038183 -0.0120717 -2.16466 0.0384651 0.99897 0.0240723 36.9638 0.0111401 -0.0245173 0.999637 -0.885085
0.999051 -0.0435349 0.00160727 -2.16072 0.0434949 0.998859 0.0197134 38.9789 -0.00246366 -0.0196248 0.999804 -1.02898
0.998904 -0.0459531 0.00888297 -2.18319 0.045792 0.998797 0.0175528 41.0041 -0.00967889 -0.0171268 0.999806 -1.07259
0.999033 -0.0437637 -0.00426926 -2.17758 0.0438296 0.998898 0.0168025 42.991 0.00352922 -0.0169733 0.99985 -1.13909
0.999414 -0.0342018 -0.000982435 -2.16917 0.0342107 0.999351 0.0113167 44.9986 0.000594747 -0.0113437 0.999936 -1.24215
0.999642 -0.0263473 -0.00473036 -2.13321 0.0263885 0.999612 0.00886887 47.0407 0.00449485 -0.00899052 0.999949 -1.26335
0.999634 -0.0269407 -0.00226584 -2.10383 0.0269694 0.999542 0.0137633 49.2757 0.00189401 -0.0138194 0.999903 -1.3489
0.999614 -0.0267112 -0.00762923 -2.0717 0.0268722 0.9994 0.0218429 51.5193 0.00704121 -0.0220395 0.999732 -1.39557
0.999593 -0.0281083 0.00490273 -2.05392 0.0279931 0.999362 0.0221581 53.458 -0.00552243 -0.0220119 0.999742 -1.45687
0.999522 -0.0309243 -0.000182541 -2.01944 0.0309215 0.999311 0.0205084 55.4077 -0.000451794 -0.0205043 0.99979 -1.56763
0.999396 -0.0346754 -0.00212637 -2.05731 0.0347068 0.99925 0.0171482 57.775 0.00153015 -0.0172117 0.999851 -1.63053
0.999318 -0.036129 0.00764306 -1.99093 0.0359951 0.999208 0.0169902 59.7211 -0.00825084 -0.0167035 0.999826 -1.66478
0.999437 -0.0312783 0.0121571 -1.97092 0.0310255 0.999309 0.0204514 62.0409 -0.0127883 -0.0200627 0.999717 -1.69803
0.999566 -0.0280689 0.00898865 -1.97686 0.0278783 0.999398 0.0206709 64.3513 -0.00956344 -0.0204113 0.999746 -1.81697
0.99968 -0.0242038 0.00733098 -1.95585 0.0240702 0.999552 0.0177898 66.4724 -0.00775827 -0.0176076 0.999815 -1.829
0.999766 -0.0216431 -0.000266465 -1.8941 0.0216443 0.999593 0.0186098 68.6092 -0.000136417 -0.0186112 0.999827 -1.91282
0.999876 -0.0150203 -0.00464828 -1.82598 0.015096 0.999746 0.0167078 70.821 0.00439615 -0.0167759 0.99985 -2.01369
0.999985 0.00117077 -0.00534332 -1.71375 -0.0010913 0.999889 0.0148505 73.0979 0.00536012 -0.0148444 0.999875 -2.06002
0.999932 0.0114916 -0.0020763 -1.62784 -0.0114599 0.999826 0.0147274 74.9793 0.00224518 -0.0147026 0.999889 -2.11222
0.999892 0.0143607 0.00317993 -1.51269 -0.0143989 0.999821 0.012311 76.9033 -0.00300257 -0.0123555 0.999919 -2.18294
0.999757 0.0122973 0.018308 -1.40245 -0.0127226 0.999648 0.0232967 78.9014 -0.0180151 -0.0235239 0.999561 -2.25456
0.999834 0.00372174 0.0178618 -1.28827 -0.00419456 0.99964 0.0265069 80.9154 -0.0177567 -0.0265774 0.999489 -2.35623
0.999786 -0.00839637 0.0189292 -1.22288 0.00795616 0.999699 0.0232118 83.0327 -0.0191184 -0.0230562 0.999551 -2.41683
0.999777 -0.0185965 0.00996994 -1.15212 0.0183898 0.999622 0.0204319 85.0961 -0.0103461 -0.020244 0.999742 -2.48513
0.999715 -0.021579 0.0102243 -1.14737 0.0213646 0.999559 0.0206361 87.3232 -0.0106651 -0.0204117 0.999735 -2.54973
0.999868 -0.011443 0.0115088 -1.05914 0.0112632 0.999815 0.0155713 89.4913 -0.0116849 -0.0154396 0.999813 -2.66018
0.999877 -0.00259765 0.015466 -0.97994 0.00233603 0.999854 0.0169098 91.5945 -0.0155077 -0.0168716 0.999737 -2.69025
0.999904 0.00469611 0.0130189 -0.893062 -0.00491297 0.999849 0.0166758 93.8392 -0.0129386 -0.0167382 0.999776 -2.75407
0.999915 0.0101968 0.00809461 -0.732411 -0.0104065 0.9996 0.0262962 96.0296 -0.00782324 -0.0263782 0.999621 -2.84657
0.999849 0.0118984 0.0126586 -0.609372 -0.0123003 0.999407 0.0321607 98.1218 -0.0122685 -0.0323115 0.999403 -2.94538
0.999842 0.0102151 0.014568 -0.441991 -0.0105948 0.9996 0.0262285 100.422 -0.0142942 -0.0263787 0.99955 -2.98926
0.999799 0.00537713 0.0193228 -0.351225 -0.00591191 0.999598 0.0277267 102.685 -0.0191659 -0.0278353 0.999429 -3.11532
0.999818 0.000588938 0.019062 -0.236141 -0.00110152 0.999638 0.0268911 105.062 -0.0190392 -0.0269072 0.999457 -3.18451
0.999801 -0.00225777 0.0198236 -0.136918 0.0017239 0.999636 0.0269067 107.413 -0.0198771 -0.0268672 0.999441 -3.27803
0.999628 -0.00601281 0.0266212 -0.069877 0.00510796 0.999411 0.0339284 109.751 -0.0268095 -0.0337797 0.99907 -3.45717
0.999582 -0.00918117 0.0273982 0.0211285 0.00844314 0.999602 0.0269324 112.109 -0.0276345 -0.0266898 0.999262 -3.43437
0.999442 -0.012068 0.0311459 0.0996049 0.0113578 0.999674 0.0228786 114.454 -0.0314119 -0.0225121 0.999253 -3.49955
0.999402 -0.0159376 0.0306703 0.15037 0.0152326 0.999617 0.0230864 116.903 -0.0310265 -0.0226054 0.999263 -3.54152
0.999481 -0.0193619 0.0257463 0.175545 0.0185157 0.999293 0.03271 119.32 -0.0263614 -0.0322163 0.999133 -3.65275
0.999246 -0.0186412 0.0340671 0.272558 0.0175788 0.999358 0.0312224 121.601 -0.0346273 -0.0306 0.998932 -3.79717
0.999199 -0.0190028 0.0352216 0.330545 0.0180954 0.999501 0.0259044 123.97 -0.0356963 -0.0252463 0.999044 -3.89671
0.99903 -0.0188816 0.039776 0.373215 0.0176758 0.99938 0.030451 126.288 -0.0403263 -0.0297184 0.998744 -4.00912
0.998512 -0.0171127 0.0517699 0.407158 0.0156746 0.999483 0.0280586 128.588 -0.0522233 -0.0272053 0.998265 -4.18258
0.99878 -0.0156233 0.0468427 0.483634 0.0144724 0.999587 0.02481 130.832 -0.047211 -0.0241018 0.998594 -4.17936
0.999017 -0.0142097 0.0419902 0.557865 0.0130317 0.999517 0.0281974 133.125 -0.0423707 -0.0276225 0.99872 -4.26543
0.999023 -0.0151068 0.0415262 0.594729 0.0142167 0.999665 0.021648 135.344 -0.0418393 -0.0210365 0.998903 -4.34908
0.999289 -0.0173321 0.0334774 0.651087 0.0164512 0.999516 0.0264121 137.481 -0.033919 -0.0258426 0.99909 -4.4484
0.999345 -0.0185856 0.0310573 0.727261 0.0176449 0.999385 0.0302922 139.646 -0.0316012 -0.0297244 0.999058 -4.55591
0.999677 -0.0177654 0.0181481 0.76115 0.0172224 0.999412 0.029648 141.825 -0.0186641 -0.0293259 0.999396 -4.64066
0.999655 -0.0142319 0.0220871 0.812463 0.0136639 0.999577 0.0256587 143.804 -0.022443 -0.0253481 0.999427 -4.66095
0.999773 -0.0108798 0.0183104 0.881474 0.0103514 0.999534 0.028707 145.892 -0.0186142 -0.028511 0.99942 -4.74736
0.999882 -0.00676887 0.0137903 0.991074 0.00640302 0.999631 0.0264032 147.815 -0.013964 -0.0263118 0.999556 -4.81378
0.999495 -0.00290906 0.0316518 1.00404 0.00168481 0.999252 0.0386369 149.653 -0.0317406 -0.0385641 0.998752 -4.9749
0.999346 0.0207806 0.0295795 1.17224 -0.021661 0.999322 0.0297624 151.753 -0.028941 -0.0303837 0.999119 -5.04608
0.997762 0.0612839 0.0267599 1.30512 -0.062136 0.997546 0.0322656 153.681 -0.0247169 -0.0338561 0.999121 -5.0974
0.989161 0.142775 0.0342833 1.53847 -0.144032 0.988861 0.0375271 155.715 -0.0285435 -0.0420582 0.998707 -5.18624
0.957384 0.287957 0.0223043 2.03824 -0.288424 0.957258 0.0216489 157.368 -0.015117 -0.0271593 0.999517 -5.30452
0.87796 0.478591 0.0116969 2.76674 -0.478734 0.877703 0.0212311 158.763 -0.000105417 -0.0242398 0.999706 -5.36831
0.75776 0.65252 -0.0042819 3.67022 -0.652296 0.757645 0.0219999 159.815 0.0175995 -0.0138776 0.999749 -5.43362
0.604086 0.796362 -0.0298047 4.86419 -0.796484 0.604569 0.0104407 160.601 0.0263336 0.0174319 0.999501 -5.38367
0.442396 0.896057 -0.0369669 6.21317 -0.895861 0.443453 0.0279677 161.327 0.0414537 0.0207444 0.998925 -5.38835
0.263733 0.963709 -0.0413409 7.95368 -0.963899 0.264929 0.0266792 161.747 0.0366634 0.0328122 0.998789 -5.35915
0.146227 0.987709 -0.0552153 9.94996 -0.98846 0.148114 0.0317599 161.983 0.0395477 0.049934 0.997969 -5.26035
0.0813398 0.99534 -0.0517853 11.7822 -0.996223 0.0827768 0.0262332 162.048 0.0303976 0.0494559 0.998314 -5.15355
0.0405399 0.9981 -0.0464029 13.9943 -0.999095 0.0410921 0.0110085 162.004 0.0128943 0.0459146 0.998862 -5.11015
0.0301696 0.998329 -0.0492758 15.9957 -0.99933 0.0311486 0.0192224 161.993 0.0207252 0.0486629 0.9986 -4.98193
0.0214875 0.998971 -0.0399306 18.0565 -0.999718 0.0218736 0.0092571 161.943 0.010121 0.0397204 0.99916 -4.98361
0.0140261 0.998988 -0.0427339 20.1673 -0.999869 0.0143588 0.00748816 161.861 0.00809419 0.0426233 0.999058 -4.91911
0.00917906 0.998915 -0.0456524 22.4521 -0.999931 0.00950348 0.00689368 161.807 0.00732006 0.045586 0.998934 -4.82308
0.0166602 0.998913 -0.0435357 24.7624 -0.99983 0.016988 0.00717016 161.744 0.00790194 0.0434088 0.999026 -4.75366
0.0242237 0.998706 -0.0447247 26.6767 -0.999696 0.0244067 0.00355045 161.706 0.00463744 0.0446251 0.998993 -4.68156
0.0354984 0.998287 -0.0465012 29.0463 -0.999352 0.0357387 0.00434514 161.668 0.00599959 0.0463168 0.998909 -4.59102
0.0398082 0.998089 -0.0472674 31.0772 -0.999193 0.040015 0.00343715 161.66 0.00532198 0.0470924 0.998876 -4.50448
0.0411041 0.997966 -0.0487198 33.0583 -0.999117 0.0414761 0.00664742 161.711 0.0086546 0.0484036 0.99879 -4.38789
0.0413381 0.997698 -0.053756 35.0771 -0.999097 0.0418052 0.00759416 161.754 0.00982396 0.0533935 0.998525 -4.40339
0.0370352 0.998169 -0.0478318 37.2211 -0.999229 0.0376149 0.0112749 161.736 0.0130535 0.0473773 0.998792 -4.2831
0.0334095 0.998129 -0.0512058 39.341 -0.999041 0.0348027 0.026561 161.683 0.0282934 0.0502693 0.998335 -4.29842
0.0307281 0.997998 -0.0552829 41.5467 -0.999264 0.0319434 0.0212356 161.679 0.022959 0.0545897 0.998245 -4.23109
0.0240742 0.999029 -0.0369004 43.7589 -0.999302 0.0251026 0.0276658 161.613 0.0285652 0.0362086 0.998936 -4.15087
0.0199431 0.998879 -0.0429154 45.9998 -0.999516 0.0209434 0.0229857 161.57 0.0238588 0.0424363 0.998814 -4.15355
0.0143889 0.99904 -0.0413804 48.2841 -0.999556 0.0154523 0.0254928 161.534 0.0261077 0.0409952 0.998818 -4.00276
0.00942242 0.999577 -0.0275219 50.5526 -0.999789 0.00991952 0.0179818 161.474 0.0182472 0.0273466 0.999459 -3.94067
0.00565165 0.999313 -0.0366328 52.6966 -0.999849 0.00624955 0.0162265 161.386 0.0164443 0.0365356 0.999197 -3.96386
0.00656164 0.999233 -0.038597 54.8447 -0.999941 0.00689232 0.00844188 161.3 0.00870143 0.0385393 0.999219 -3.86671
0.00930291 0.999293 -0.0364204 56.9824 -0.999936 0.0090642 -0.00671522 161.213 -0.00638035 0.0364805 0.999314 -3.90836
0.0137246 0.999493 -0.0287272 58.9716 -0.999899 0.0136147 -0.00401841 161.155 -0.00362526 0.0287795 0.999579 -3.7229
0.0135124 0.998981 -0.0430662 61.0746 -0.999894 0.0132656 -0.00601072 161.097 -0.00543329 0.0431429 0.999054 -3.80223
0.0121714 0.999577 -0.0264304 63.1401 -0.999901 0.0119786 -0.00744148 160.998 -0.00712173 0.0265183 0.999623 -3.7492
0.0139701 0.999613 -0.0240432 65.2417 -0.999803 0.013626 -0.014417 160.907 -0.0140838 0.0242398 0.999607 -3.63885
0.0114143 0.998845 -0.0466675 67.3207 -0.999847 0.0107833 -0.0137531 160.865 -0.013234 0.0468174 0.998816 -3.66401
0.0145128 0.998844 -0.0458297 69.4178 -0.999881 0.0142592 -0.00585743 160.816 -0.00519717 0.0459093 0.998932 -3.60849
0.0148817 0.998402 -0.0545164 71.4612 -0.999884 0.0150341 0.00238626 160.758 0.00320205 0.0544745 0.99851 -3.50481
0.0131865 0.998733 -0.04857 73.537 -0.999913 0.0131384 -0.0013104 160.679 -0.000670604 0.0485831 0.998819 -3.4729
0.0132316 0.999397 -0.0321037 75.5904 -0.999911 0.0131707 -0.00210917 160.65 -0.00168507 0.0321287 0.999482 -3.42182
0.0101622 0.999454 -0.031451 77.59 -0.999874 0.0105401 0.0118708 160.633 0.0121958 0.0313264 0.999435 -3.28319
0.00698668 0.999334 -0.0358144 79.5603 -0.999972 0.00708145 0.00251957 160.534 0.00277151 0.0357958 0.999355 -3.30887
0.00751209 0.999641 -0.0256984 81.5728 -0.999925 0.00775766 0.00947044 160.514 0.00966641 0.0256253 0.999625 -3.29978
0.00762779 0.99956 -0.0286608 83.5706 -0.99997 0.00766385 0.00114886 160.436 0.001368 0.0286512 0.999589 -3.27404
0.00286376 0.999612 -0.0277179 85.4881 -0.999962 0.00309002 0.00812417 160.339 0.00820666 0.0276936 0.999583 -3.23722
0.00103551 0.999172 -0.0406674 87.4569 -0.999922 0.000527501 -0.0125007 160.272 -0.0124689 0.0406771 0.999095 -3.24531
-0.00081408 0.999652 -0.0263603 89.4491 -0.999934 -0.0011158 -0.0114319 160.148 -0.0114573 0.0263492 0.999587 -3.20695
0.0016166 0.999402 -0.0345394 91.3673 -0.999924 0.0011943 -0.0122435 160.111 -0.0121949 0.0345566 0.999328 -3.13242
0.00179797 0.99964 -0.0267573 93.3607 -0.999836 0.00131422 -0.0180865 160.014 -0.0180449 0.0267854 0.999478 -3.13584
0.00419271 0.999351 -0.0357725 95.2901 -0.999971 0.00396186 -0.00652281 159.93 -0.00637686 0.0357988 0.999339 -3.06516
0.00608397 0.999209 -0.039295 97.2069 -0.99992 0.00564182 -0.0113531 159.851 -0.0111224 0.0393609 0.999163 -3.00586
0.00702357 0.999008 -0.0439811 99.0355 -0.999514 0.0056771 -0.0306645 159.714 -0.0303844 0.0441751 0.998562 -2.96644
0.0144696 0.998901 -0.044568 101.361 -0.999534 0.0132517 -0.0275007 159.689 -0.0268799 0.0449452 0.998628 -2.87723
0.0226792 0.998823 -0.0428795 103.622 -0.999637 0.022032 -0.015506 159.588 -0.0145431 0.0432156 0.99896 -2.84258
0.0278899 0.998768 -0.0410509 105.807 -0.999534 0.027355 -0.0135343 159.604 -0.0123947 0.0414093 0.999065 -2.74345
0.0326517 0.998608 -0.0414283 107.917 -0.999413 0.0321906 -0.0117501 159.608 -0.0104001 0.0417876 0.999072 -2.70763
0.0350366 0.998453 -0.0431832 109.95 -0.999367 0.0347373 -0.00766231 159.555 -0.00615039 0.0434243 0.999038 -2.65492
0.0360934 0.998408 -0.0433476 111.961 -0.99933 0.0357943 -0.00765596 159.541 -0.00609218 0.0435948 0.999031 -2.53862
0.0400211 0.998433 -0.0391196 113.935 -0.999186 0.0397878 -0.00672357 159.518 -0.00515654 0.0393569 0.999212 -2.54836
0.0440944 0.997961 -0.046149 115.776 -0.999 0.044389 0.00537669 159.584 0.00741423 0.0458657 0.99892 -2.45069
0.0464909 0.997781 -0.0476677 117.91 -0.998915 0.0465661 0.000466686 159.586 0.00268535 0.0475943 0.998863 -2.31104
0.0340836 0.998958 -0.0303476 119.801 -0.999416 0.0341352 0.00118359 159.529 0.00221828 0.0302896 0.999539 -2.24101
-0.0341184 0.998521 -0.0423247 121.896 -0.999413 -0.0339493 0.00470921 159.376 0.00326535 0.0424605 0.999093 -2.20299
-0.150032 0.98816 -0.0320918 123.755 -0.988675 -0.150065 0.0014008 159.03 -0.00343164 0.0319385 0.999484 -2.1763
-0.305635 0.951676 -0.0300133 125.408 -0.952147 -0.305428 0.0113788 158.452 0.00166203 0.0320548 0.999485 -2.13585
-0.488956 0.871808 -0.029545 126.694 -0.872308 -0.488709 0.0155631 157.638 -0.000870831 0.033382 0.999442 -2.10261
-0.677061 0.734502 -0.0457822 127.877 -0.735795 -0.676806 0.0232164 156.636 -0.0139332 0.0494052 0.998682 -2.05322
-0.811446 0.582895 -0.0422918 128.773 -0.584349 -0.810394 0.0424018 155.326 -0.00955725 0.0591199 0.998205 -2.01863
-0.905069 0.424561 -0.0244697 129.456 -0.425248 -0.90406 0.0428826 153.919 -0.00391582 0.0492174 0.99878 -1.93638
-0.965051 0.261337 -0.0194987 129.908 -0.261828 -0.964664 0.0294707 152.348 -0.0111079 0.033546 0.999375 -1.89465
-0.990509 0.136837 -0.0129843 130.13 -0.137297 -0.989454 0.0461596 150.595 -0.00653101 0.0475042 0.99885 -1.80305
-0.997459 0.0701636 -0.0123802 130.229 -0.0706028 -0.996719 0.039585 148.761 -0.00956215 0.0403585 0.999139 -1.70449
-0.998721 0.0505449 -0.00151667 130.258 -0.0505626 -0.997744 0.0441528 146.795 0.000718452 0.044173 0.999024 -1.71486
-0.998766 0.0496393 -0.00131574 130.298 -0.0496509 -0.997891 0.0418196 144.728 0.000762929 0.0418334 0.999124 -1.64285
-0.998868 0.0474751 0.0030376 130.312 -0.0473277 -0.998171 0.0376038 142.618 0.00481729 0.0374174 0.999288 -1.60911
-0.999235 0.038241 -0.00813705 130.308 -0.0385232 -0.998537 0.037936 140.333 -0.00667444 0.0382205 0.999247 -1.59013
-0.999675 0.0253694 -0.00236788 130.292 -0.0254412 -0.99895 0.0380877 138.302 -0.00139914 0.0381356 0.999272 -1.56332
-0.999786 0.0201036 -0.00478734 130.252 -0.0202675 -0.999107 0.0370889 136.312 -0.00403744 0.037178 0.9993 -1.52541
-0.999856 0.0169979 0.000132235 130.199 -0.0169845 -0.99932 0.0327158 134.339 0.000688246 0.0327089 0.999465 -1.43692
-0.999866 0.014029 -0.00837069 130.192 -0.0143747 -0.998981 0.0427729 132.232 -0.0077621 0.0428875 0.99905 -1.40347
-0.999916 0.0123078 -0.0041646 130.064 -0.0124676 -0.999089 0.0408214 130.079 -0.00365838 0.0408699 0.999158 -1.2524
-0.999946 0.00648181 0.00817465 129.995 -0.00617003 -0.999274 0.0376058 127.954 0.00841247 0.0375533 0.999259 -1.23208
-0.99993 -0.00309466 0.0113966 129.931 0.00353395 -0.999243 0.0387295 125.613 0.0112681 0.0387671 0.999185 -1.23507
-0.999846 -0.00467862 0.0168975 129.834 0.00535422 -0.999179 0.0401612 123.759 0.0166957 0.0402455 0.99905 -1.12283
-0.999891 -0.0142758 0.00387349 129.742 0.0144139 -0.99916 0.0383472 121.875 0.0033228 0.0383989 0.999257 -1.07887
-0.999849 -0.0173595 0.000729171 129.602 0.0173748 -0.999029 0.0404838 119.908 2.56871e-05 0.0404903 0.99918 -0.97978
-0.999839 -0.0179569 -0.000271169 129.459 0.0179303 -0.998981 0.0414145 117.567 -0.00101457 0.0414029 0.999142 -0.915185
-0.999826 -0.0141209 -0.0121628 129.324 0.0137343 -0.999415 0.0313076 115.346 -0.0125978 0.0311351 0.999436 -0.904342
-0.999763 -0.0100116 -0.0193623 129.2 0.0093152 -0.999318 0.0357298 113.113 -0.0197069 0.0355409 0.999174 -0.814035
-0.999864 -0.00579906 -0.0154731 129.092 0.00519479 -0.999233 0.0388113 110.945 -0.0156863 0.0387256 0.999127 -0.776192
-0.999913 0.00264678 -0.0128861 128.998 -0.00315143 -0.999223 0.0393013 108.917 -0.012772 0.0393385 0.999144 -0.705948
-0.999662 0.025357 -0.00568521 128.906 -0.0255468 -0.999016 0.0362568 106.674 -0.00476026 0.0363897 0.999326 -0.665042
-0.999136 0.0401519 -0.0107066 128.929 -0.0405344 -0.998444 0.0382913 104.495 -0.00915249 0.0386922 0.999209 -0.606713
-0.998926 0.04488 -0.0114881 128.95 -0.0453008 -0.998194 0.0394503 102.188 -0.00969682 0.0399284 0.999155 -0.531714
-0.998981 0.0448009 -0.00536836 128.984 -0.0449969 -0.997982 0.0448086 100.148 -0.00335005 0.0450045 0.998981 -0.514069
-0.998912 0.046442 -0.00411429 128.989 -0.046566 -0.998177 0.0383953 97.9373 -0.00232363 0.0385452 0.999254 -0.326434
-0.998882 0.0472511 -0.00106493 128.991 -0.0472571 -0.998142 0.0384728 95.6168 0.000754936 0.0384802 0.999259 -0.307249
-0.998904 0.0458027 -0.00965452 129.012 -0.0461224 -0.998287 0.036005 93.2119 -0.00798885 0.0364108 0.999305 -0.255011
-0.999087 0.0417649 -0.00903013 129.035 -0.0420597 -0.998489 0.0353788 90.8352 -0.00753889 0.0357263 0.999333 -0.224003
-0.999374 0.0349196 0.00564301 129.06 -0.0346979 -0.998767 0.0355008 88.4644 0.00687573 0.0352827 0.999354 -0.176225
-0.99967 0.0229301 0.0115713 128.986 -0.0225696 -0.999284 0.0303761 86.203 0.0122595 0.0301049 0.999472 -0.124943
-0.999926 0.0121827 -0.000255434 128.959 -0.0121841 -0.999303 0.0352874 83.9306 0.000174639 0.0352878 0.999377 -0.0636045
-0.999997 0.00158815 -0.00186458 128.848 -0.00164963 -0.999439 0.0334457 81.6654 -0.00181042 0.0334486 0.999439 -0.0570119
-0.999987 -0.00353227 0.00359836 128.748 0.00363586 -0.999567 0.0292011 79.7953 0.00349365 0.0292138 0.999567 -0.0183252
-0.999884 -0.0145766 0.00429596 128.646 0.0147009 -0.999427 0.0304796 77.5142 0.00384921 0.0305392 0.999526 0.0277297
-0.999674 -0.0253538 0.0030404 128.488 0.0254228 -0.999355 0.02534 75.2326 0.00239597 0.0254091 0.999674 0.0498696
-0.999467 -0.0323288 0.00438918 128.328 0.0324519 -0.99897 0.0317102 73.2721 0.00335951 0.0318357 0.999487 0.0643464
-0.99958 -0.0286353 -0.00436582 128.2 0.0285233 -0.999308 0.0238553 71.3905 -0.0050459 0.0237207 0.999706 0.0971741
-0.999855 -0.0142402 -0.00928809 128.056 0.0139668 -0.999486 0.0288598 69.4349 -0.00969428 0.0287259 0.99954 0.10808
-0.999888 0.010384 -0.0107874 127.97 -0.0106352 -0.999667 0.0234963 67.4677 -0.0105399 0.0236084 0.999666 0.153354
-0.999332 0.0337554 -0.0139779 127.943 -0.0341244 -0.999051 0.0270619 65.5178 -0.0130512 0.0275208 0.999536 0.177933
-0.998798 0.048347 -0.00812751 127.948 -0.0485664 -0.998387 0.0294046 63.4951 -0.00669278 0.029764 0.999535 0.208935
-0.998685 0.0507043 -0.00761779 127.98 -0.0509257 -0.998177 0.0324018 61.4921 -0.00596099 0.0327471 0.999446 0.243088
-0.998678 0.0486942 -0.0164636 128.024 -0.0491269 -0.998428 0.0269853 59.4532 -0.0151237 0.0277584 0.9995 0.307051
-0.998774 0.048314 -0.0108015 128.009 -0.0486059 -0.998408 0.0286277 57.3112 -0.00940118 0.0291176 0.999532 0.2996
-0.998864 0.047396 -0.00497801 128.039 -0.0475297 -0.998373 0.0315011 55.2482 -0.00347688 0.0317019 0.999491 0.392116
-0.999024 0.0441414 0.00190821 128.031 -0.0440845 -0.998752 0.0234984 53.13 0.00294308 0.0233913 0.999722 0.41999
-0.999143 0.0413793 -0.000236424 128.049 -0.0413726 -0.998839 0.0246637 50.9798 0.000784419 0.0246524 0.999696 0.518872
-0.999249 0.0379603 -0.00774486 128.059 -0.0381527 -0.998922 0.0264185 48.8474 -0.00673366 0.0266942 0.999621 0.530165
-0.999504 0.0313228 -0.00335922 128.034 -0.0313996 -0.99917 0.0259594 46.6339 -0.00254331 0.026052 0.999657 0.585706
-0.999503 0.0298705 -0.0100353 128.029 -0.0301886 -0.998992 0.0331979 44.417 -0.00903351 0.0334844 0.999398 0.626352
-0.999647 0.0252142 -0.00839239 127.989 -0.0254464 -0.999261 0.0288118 42.2328 -0.00765971 0.0290152 0.99955 0.595711
-0.999713 0.0232078 -0.00596892 127.966 -0.0233079 -0.999579 0.0172841 39.9914 -0.00556529 0.0174182 0.999833 0.685685
-0.99975 0.0209087 -0.00793893 127.897 -0.0210924 -0.999494 0.023809 37.7484 -0.0074371 0.0239705 0.999685 0.684436
-0.999751 0.0204077 -0.00902077 127.816 -0.0206705 -0.999334 0.0300654 35.4767 -0.0084012 0.0302444 0.999507 0.720764
-0.999801 0.0195145 0.00413074 127.771 -0.0194058 -0.999502 0.0248804 33.1996 0.00461421 0.0247953 0.999682 0.763657
-0.999821 0.0189244 -0.000488432 127.719 -0.0189306 -0.999551 0.0232188 30.847 -4.88106e-05 0.0232239 0.99973 0.773433
-0.999858 0.0168167 0.000309618 127.636 -0.0168027 -0.999509 0.0264224 28.4821 0.000753805 0.0264135 0.999651 0.795255
-0.999923 0.0124067 0.000689117 127.603 -0.012382 -0.999517 0.0284983 26.5738 0.00104235 0.0284875 0.999594 0.859857
-0.999997 0.0014178 -0.0021843 127.535 -0.0014816 -0.999564 0.0294896 24.1127 -0.00214154 0.0294927 0.999563 0.88102
-0.999895 -0.0110065 -0.00937201 127.41 0.010727 -0.999511 0.02937 22.2861 -0.00969069 0.0292663 0.999525 0.957884
-0.999359 -0.0236675 -0.0268612 127.29 0.0230201 -0.999443 0.0241578 20.3594 -0.027418 0.023524 0.999347 0.952005
-0.998759 -0.035931 -0.0344961 127.151 0.0351856 -0.999139 0.0219799 18.4441 -0.0352561 0.0207388 0.999163 0.956946
-0.998222 -0.0489065 -0.0340717 126.951 0.0480161 -0.998496 0.02648 16.4535 -0.0353155 0.0247969 0.999069 0.988916
-0.99723 -0.0618711 -0.0412794 126.751 0.0606335 -0.997692 0.0305872 14.438 -0.0430766 0.0279996 0.998679 0.968522
-0.996189 -0.0701456 -0.051843 126.505 0.0686016 -0.997163 0.0309867 12.4984 -0.0538694 0.0273121 0.998174 1.04874
-0.995202 -0.074763 -0.0631174 126.254 0.0732238 -0.996967 0.0263595 10.5616 -0.0648967 0.0216114 0.997658 1.02459
-0.9951 -0.0787355 -0.0598058 126.028 0.0771743 -0.996625 0.0279829 8.58415 -0.0618072 0.0232303 0.997818 1.06333
-0.995239 -0.0760629 -0.0609413 125.738 0.0741501 -0.996699 0.0330608 6.67231 -0.0632548 0.0283846 0.997594 1.08191
-0.996408 -0.0681375 -0.0502881 125.52 0.0669236 -0.997434 0.0254416 4.74324 -0.0518926 0.0219848 0.998411 1.11525
-0.997018 -0.0570651 -0.051942 125.298 0.0556749 -0.998061 0.0278291 2.89013 -0.0534294 0.0248543 0.998262 1.1615
-0.997627 -0.042508 -0.0541555 125.143 0.040835 -0.998665 0.0316344 0.995735 -0.0554279 0.0293479 0.998031 1.16848
-0.998789 -0.0250505 -0.0423428 124.967 0.0237364 -0.999229 0.0312587 -1.45858 -0.0430932 0.0302158 0.998614 1.19754
-0.998981 -0.0143007 -0.0427939 124.872 0.0136593 -0.99979 0.0152417 -3.32036 -0.0430029 0.0146417 0.998968 1.30114
-0.998085 -0.00862954 -0.0612587 124.73 0.00684828 -0.999549 0.0292283 -5.73057 -0.0614833 0.0287528 0.997694 1.24308
-0.998756 -0.00972605 -0.0489037 124.598 0.00869764 -0.999738 0.0211981 -7.88381 -0.049097 0.0207464 0.998579 1.32972
-0.99915 -0.0155476 -0.038176 124.483 0.0147885 -0.999689 0.0200874 -10.1166 -0.0384764 0.0195057 0.999069 1.34434
-0.998804 -0.0397507 -0.028474 124.344 0.0386591 -0.998533 0.0379138 -11.9616 -0.0299393 0.0367677 0.998875 1.31873
-0.993591 -0.112763 -0.00787306 124.214 0.112405 -0.992987 0.0366229 -13.9645 -0.0119476 0.0355032 0.999298 1.3595
-0.932052 -0.362251 -0.00732764 123.574 0.361727 -0.931485 0.0385966 -15.4958 -0.0208072 0.0333235 0.999228 1.41293
-0.751981 -0.659165 -0.00516976 122.447 0.658553 -0.751579 0.0378996 -16.5317 -0.0288676 0.0250952 0.999268 1.4602
-0.490856 -0.871241 -0.000647221 121.095 0.870421 -0.490426 0.0430031 -17.1928 -0.0377834 0.0205449 0.999075 1.45111
-0.22639 -0.974034 0.00216428 119.408 0.972555 -0.225923 0.0556327 -17.5362 -0.0536992 0.0146996 0.998449 1.39179
-0.0478549 -0.998851 -0.00236377 117.242 0.997972 -0.047912 0.0419032 -17.5426 -0.0419683 -0.000353692 0.999119 1.4311
-0.0226216 -0.999743 -0.00145307 115.225 0.999193 -0.0226574 0.0331621 -17.5204 -0.0331865 -0.000701714 0.999449 1.37784
-0.0086273 -0.999912 -0.0100612 112.994 0.999126 -0.00903118 0.0408116 -17.4122 -0.0408989 -0.00970036 0.999116 1.33399
-0.0040952 -0.999858 -0.0163642 111.029 0.999065 -0.00479519 0.0429649 -17.3129 -0.0430373 -0.016173 0.998943 1.2962
-0.00352204 -0.999905 -0.0133178 108.917 0.999663 -0.00386298 0.025657 -17.2532 -0.025706 -0.013223 0.999582 1.26184
-0.00501859 -0.999888 -0.0141286 106.592 0.999554 -0.00543189 0.0293638 -17.1968 -0.0294372 -0.0139749 0.999469 1.17876
-0.00727713 -0.999894 -0.0125962 104.218 0.999477 -0.00766981 0.0314084 -17.0811 -0.0315017 -0.012361 0.999427 1.16285
-0.0106715 -0.999582 -0.0268557 102.343 0.999318 -0.0116103 0.0350488 -17.021 -0.035346 -0.0264634 0.999025 1.00443
-0.0159541 -0.99965 -0.0210936 100.364 0.999254 -0.016683 0.0348412 -16.942 -0.0351809 -0.020522 0.99917 0.923664
-0.0182664 -0.999647 -0.0193159 98.3377 0.999408 -0.0188185 0.028797 -16.9017 -0.0291503 -0.0187784 0.999399 0.914162
-0.0172485 -0.999662 -0.0194756 96.2846 0.99902 -0.0180249 0.0404244 -16.8396 -0.0407618 -0.0187592 0.998993 0.840786
-0.0166278 -0.999721 -0.0167938 94.1997 0.998837 -0.0173688 0.0449861 -16.7979 -0.0452652 -0.0160263 0.998846 0.783853
-0.0163167 -0.999741 -0.0158472 92.0811 0.999094 -0.0169251 0.0390554 -16.7502 -0.0393135 -0.0151956 0.999111 0.649258
-0.0159371 -0.999199 -0.0367029 89.8677 0.999086 -0.0173699 0.0390557 -16.6632 -0.0396619 -0.0360469 0.998563 0.603402
-0.0174571 -0.999698 -0.0173025 87.5987 0.99874 -0.0182495 0.0467479 -16.6263 -0.0470495 -0.0164646 0.998757 0.481031
-0.0165278 -0.999688 -0.0187423 85.3402 0.999191 -0.0172013 0.0363637 -16.5694 -0.0366747 -0.0181262 0.999163 0.397405
-0.0163617 -0.999553 -0.0250272 83.0606 0.999118 -0.0173125 0.0382603 -16.5093 -0.0386764 -0.0243791 0.998954 0.319474
-0.0151893 -0.999636 -0.0222893 80.7279 0.999243 -0.0159742 0.0354639 -16.4782 -0.0358071 -0.0217337 0.999122 0.247048
-0.0153908 -0.999514 -0.0271093 78.3671 0.999189 -0.0163835 0.0367909 -16.3847 -0.0372171 -0.0265211 0.998955 0.194917
-0.0172719 -0.999737 -0.0151146 76.0154 0.999176 -0.0178137 0.0364814 -16.3272 -0.0367411 -0.014472 0.99922 0.0770472
-0.0171297 -0.999317 -0.032742 73.7019 0.998965 -0.0184852 0.0415532 -16.2993 -0.0421301 -0.0319964 0.9986 0.0207854
-0.0174325 -0.999632 -0.0207752 71.2578 0.999203 -0.0181637 0.0355453 -16.2472 -0.0359096 -0.020139 0.999152 -0.0805993
-0.0157963 -0.999341 -0.0326729 68.7571 0.999595 -0.0165566 0.0231314 -16.179 -0.0236571 -0.0322943 0.999198 -0.182129
-0.0150334 -0.999399 -0.0312434 66.3146 0.999449 -0.0159445 0.0291216 -16.1082 -0.0296022 -0.0307884 0.999087 -0.269211
-0.0172385 -0.999492 -0.026793 63.8137 0.999575 -0.0178571 0.0230194 -16.034 -0.0234862 -0.0263849 0.999376 -0.330069
-0.0185949 -0.999635 -0.0195986 61.205 0.999429 -0.0191371 0.0278559 -15.9835 -0.0282208 -0.0190694 0.99942 -0.436091
-0.0185398 -0.999638 -0.0195063 58.5617 0.999301 -0.0191599 0.0320987 -15.9146 -0.0324608 -0.0188976 0.999294 -0.536756
-0.0195062 -0.999371 -0.0296134 55.9975 0.9994 -0.0203379 0.0280513 -15.8602 -0.0286359 -0.0290484 0.999168 -0.705045
-0.0192034 -0.999352 -0.0304503 53.3589 0.999515 -0.019935 0.0239097 -15.7848 -0.0245012 -0.0299764 0.99925 -0.712219
-0.0194398 -0.999292 -0.0322183 50.6462 0.999527 -0.0201927 0.023212 -15.6747 -0.0238462 -0.0317518 0.999211 -0.763548
-0.0207055 -0.99943 -0.0266794 47.9422 0.999332 -0.0214921 0.0295447 -15.6506 -0.0301012 -0.0260498 0.999207 -0.928771
-0.0202105 -0.99939 -0.0284866 45.2344 0.999529 -0.0208547 0.0225032 -15.612 -0.0230836 -0.0280184 0.999341 -1.06401
-0.0187308 -0.999484 -0.0260788 42.4811 0.999607 -0.0192643 0.0203594 -15.5445 -0.0208513 -0.0256872 0.999453 -1.10752
-0.0178875 -0.99947 -0.0271949 39.757 0.99983 -0.0180033 0.00401887 -15.4229 -0.00450633 -0.0271184 0.999622 -1.29625
-0.0147197 -0.999297 -0.0344641 37.107 0.999836 -0.0150745 0.0100596 -15.3802 -0.010572 -0.0343104 0.999355 -1.40988
-0.0117046 -0.999715 -0.0208255 34.4362 0.999805 -0.012032 0.0156695 -15.3026 -0.0159156 -0.020638 0.99966 -1.49142
-0.00880504 -0.999682 -0.0236276 31.8356 0.999797 -0.00922918 0.0179001 -15.2052 -0.0181125 -0.0234652 0.999561 -1.52523
-0.00457466 -0.999808 -0.0190532 29.3025 0.99974 -0.00499809 0.0222363 -15.0824 -0.0223273 -0.0189465 0.999571 -1.59051
-0.00185645 -0.999816 -0.0191147 26.7497 0.999812 -0.00222492 0.0192704 -14.9846 -0.0193094 -0.0190753 0.999632 -1.65941
0.00166929 -0.999598 -0.0282957 24.3471 0.99967 0.000942588 0.0256774 -14.8776 -0.0256404 -0.0283292 0.99927 -1.78458
0.00119334 -0.999734 -0.0230441 21.9228 0.999748 0.000676215 0.0224354 -14.7693 -0.0224138 -0.0230651 0.999483 -1.84848
0.00171679 -0.999588 -0.0286403 19.5601 0.999837 0.0012008 0.0180241 -14.6855 -0.0179823 -0.0286666 0.999427 -1.93205
0.000220001 -0.999724 -0.0235041 17.3202 0.999791 -0.000260234 0.0204287 -14.5813 -0.0204291 -0.0235037 0.999515 -2.01578
-0.00295651 -0.999599 -0.0281732 15.089 0.9999 -0.00334513 0.0137558 -14.4999 -0.0138445 -0.0281297 0.999508 -2.03983
-0.00564253 -0.999506 -0.0309315 13.03 0.999826 -0.00618958 0.0176176 -14.431 -0.0178003 -0.0308267 0.999366 -2.18617
-0.00725257 -0.999619 -0.0266174 11.0814 0.999888 -0.00759733 0.0128729 -14.346 -0.0130703 -0.0265211 0.999563 -2.20985
-0.00896955 -0.999567 -0.0280254 9.14534 0.99976 -0.00952399 0.0197103 -14.2924 -0.0199686 -0.0278419 0.999413 -2.29464
-0.00829399 -0.999558 -0.0285333 6.89731 0.999848 -0.00872695 0.0150844 -14.1865 -0.0153267 -0.0284039 0.999479 -2.36396
0.0168315 -0.999366 -0.0313785 4.80004 0.999783 0.0164378 0.0127625 -14.1016 -0.0122386 -0.0315865 0.999426 -2.43976
0.100649 -0.994408 -0.0319781 2.76991 0.994857 0.100222 0.0146951 -13.7999 -0.0114081 -0.0332926 0.999381 -2.57346
0.228783 -0.9732 -0.0232236 1.16211 0.973462 0.228581 0.0110703 -13.3167 -0.00546514 -0.02514 0.999669 -2.60533
0.397856 -0.917128 -0.0242132 -0.228725 0.917367 0.398033 -0.00279364 -12.6763 0.0121998 -0.0211009 0.999703 -2.6672
0.571345 -0.820202 -0.0288774 -1.49341 0.820554 0.571568 0.00061716 -11.7584 0.0159992 -0.0240481 0.999583 -2.68849
0.734157 -0.677667 -0.0422054 -2.46122 0.678161 0.734905 -0.00341379 -10.6446 0.0333304 -0.0261158 0.999103 -2.69174
0.888038 -0.45802 -0.0400686 -3.21517 0.458044 0.888883 -0.00911868 -9.16075 0.0397928 -0.0102555 0.999155 -2.78426
0.985296 -0.167152 -0.0353809 -3.54616 0.166613 0.985864 -0.0176815 -7.37809 0.0378362 0.0115266 0.999217 -2.80432
0.995214 0.0939137 -0.0270206 -3.3921 -0.0948593 0.994834 -0.0361474 -5.4619 0.0234863 0.0385375 0.998981 -2.78312
0.983803 0.177428 -0.0255187 -3.04504 -0.178319 0.983224 -0.0383779 -3.56437 0.0182813 0.0423067 0.998937 -2.71679
0.988072 0.153308 -0.0144932 -2.74484 -0.153771 0.98731 -0.0396625 -1.89405 0.00822865 0.0414181 0.999108 -2.66824
0.996323 0.0856739 0.000486478 -2.51382 -0.0855631 0.995292 -0.0455217 -0.113975 -0.00438421 0.0453127 0.998963 -2.62943
0.99999 0.00185484 0.00414593 -2.38945 -0.00167746 0.9991 -0.0423855 1.85077 -0.00422082 0.0423781 0.999093 -2.50528
0.996781 -0.0791287 0.0128914 -2.37776 0.0796203 0.995872 -0.0435924 4.03284 -0.00938875 0.0444785 0.998966 -2.42454
0.991655 -0.12805 0.0149233 -2.48785 0.128579 0.99078 -0.0426856 5.91006 -0.00931983 0.0442482 0.998977 -2.38797
0.988346 -0.148312 0.0342754 -2.69172 0.149786 0.987676 -0.0453963 7.85543 -0.0271201 0.0500012 0.998381 -2.37344
0.98787 -0.154386 0.0166399 -2.91436 0.1549 0.987273 -0.036038 9.84242 -0.0108643 0.0381784 0.999212 -2.24962
0.987673 -0.15329 0.0316844 -3.16239 0.154081 0.987762 -0.0242013 11.9047 -0.0275868 0.028785 0.999205 -2.249
0.990448 -0.134069 0.0322159 -3.3251 0.134891 0.990549 -0.0248451 13.9562 -0.0285804 0.0289535 0.999172 -2.22189
0.994211 -0.10234 0.0327154 -3.47699 0.103181 0.994345 -0.0251225 16.043 -0.0299594 0.0283526 0.999149 -2.15804
0.997287 -0.0684701 0.0270163 -3.53363 0.0692019 0.997233 -0.0271484 18.1615 -0.0250827 0.0289443 0.999266 -2.15104
0.999254 -0.0358074 0.0144437 -3.53706 0.0362093 0.998935 -0.0285956 20.246 -0.0134043 0.0290973 0.999487 -2.1371
0.999891 -0.00843418 0.012111 -3.49159 0.00873963 0.999639 -0.0253932 22.4531 -0.0118925 0.0254963 0.999604 -2.07579
0.999958 0.0081997 0.00397505 -3.39534 -0.00809369 0.999629 -0.0259894 24.6008 -0.00418668 0.0259561 0.999654 -2.0229
0.999336 0.0134538 0.0338643 -3.27816 -0.0126404 0.999629 -0.0241213 26.8488 -0.0341763 0.0236773 0.999135 -2.06894
0.999539 0.0142518 0.0268129 -3.15627 -0.0135722 0.999586 -0.0253608 29.0055 -0.0271632 0.0249852 0.999319 -2.05792
0.999415 0.012902 0.0316704 -3.02085 -0.0120227 0.999541 -0.0278016 31.2906 -0.0320146 0.0274046 0.999112 -2.03427
0.999683 0.00833791 0.023738 -2.92506 -0.00765998 0.999564 -0.0285081 33.5551 -0.0239653 0.0283172 0.999312 -1.94587
0.999741 0.000909963 0.0227347 -2.8012 -0.000552092 0.999876 -0.0157425 35.8553 -0.0227462 0.0157259 0.999618 -1.95222
0.999795 -0.00786364 0.0186421 -2.75259 0.00820891 0.999795 -0.0185174 38.1794 -0.0184926 0.0186666 0.999655 -1.93406
0.999708 -0.0154504 0.0185591 -2.6624 0.015801 0.999697 -0.0188949 40.5699 -0.0182616 0.0191827 0.999649 -1.94591
0.999634 -0.0216587 0.0161851 -2.59377 0.0220256 0.999496 -0.0228424 42.9725 -0.0156822 0.0231905 0.999608 -1.88219
0.999399 -0.0282768 0.0200744 -2.56066 0.0287896 0.999254 -0.0257354 45.4094 -0.0193317 0.0262979 0.999467 -1.85929
0.999275 -0.0367646 0.00984578 -2.56298 0.0370196 0.998947 -0.0271084 47.8492 -0.00883878 0.0274533 0.999584 -1.75
0.999011 -0.0422571 0.0138559 -2.56895 0.0424976 0.998942 -0.017551 50.2695 -0.0130996 0.0181225 0.99975 -1.77872
0.99863 -0.0449109 0.0268553 -2.54503 0.045399 0.998809 -0.0178491 52.5939 -0.0260217 0.0190439 0.99948 -1.76243
0.998474 -0.0481765 0.0269953 -2.55145 0.0486916 0.998638 -0.0187582 54.9245 -0.0260548 0.020044 0.99946 -1.73343
0.998607 -0.0497228 0.0176655 -2.58194 0.0501193 0.998484 -0.0227606 57.2878 -0.016507 0.0236142 0.999585 -1.73809
0.998674 -0.050045 0.0121014 -2.60168 0.0503331 0.998424 -0.0248058 59.5365 -0.0108409 0.025382 0.999619 -1.74294
0.99877 -0.04935 0.00486487 -2.60844 0.0494549 0.998475 -0.0245173 61.7302 -0.00364753 0.0247277 0.999688 -1.73239
0.998772 -0.0491187 0.0065018 -2.63416 0.0492811 0.998399 -0.0277693 63.8911 -0.0051274 0.0280556 0.999593 -1.70528
0.998852 -0.0476984 -0.00438887 -2.67017 0.0475733 0.99855 -0.0251749 65.9275 0.00558331 0.0249372 0.999673 -1.7472
0.999582 -0.0256971 -0.013252 -2.63349 0.025402 0.999436 -0.0219812 68.3789 0.0138094 0.0216354 0.999671 -1.69232
0.999975 0.00619087 -0.00354296 -2.57528 -0.00627603 0.999679 -0.0245524 70.7469 0.00338982 0.024574 0.999692 -1.67021
0.999655 0.0259214 -0.00415483 -2.40044 -0.0260131 0.999378 -0.0237915 72.7392 0.00353554 0.0238914 0.999708 -1.66713
0.999307 0.0372186 0.00065797 -2.25381 -0.0371889 0.998969 -0.0260498 74.6783 -0.00162683 0.0260073 0.99966 -1.65081
0.999059 0.0431413 0.00453392 -2.03754 -0.0430022 0.998703 -0.0272597 76.7221 -0.00570405 0.027039 0.999618 -1.63181
0.999054 0.0418637 0.0118046 -1.85213 -0.0415533 0.998813 -0.0254152 78.6716 -0.0128545 0.0249006 0.999607 -1.58391
0.999047 0.0406206 0.0159902 -1.64825 -0.0404369 0.999114 -0.0116461 80.8321 -0.0164491 0.0109884 0.999804 -1.63822
0.999188 0.0389587 0.0102847 -1.46938 -0.0388022 0.999134 -0.0150042 82.9266 -0.0108603 0.0145929 0.999835 -1.64118
0.999048 0.0375293 0.0222543 -1.28444 -0.0369776 0.999011 -0.0247072 85.1473 -0.0231595 0.0238607 0.999447 -1.59206
0.999359 0.0311405 0.0176736 -1.07881 -0.0307361 0.99927 -0.0227073 87.3619 -0.0183678 0.0221495 0.999586 -1.57673
0.999637 0.0196487 0.0184271 -0.955946 -0.0191721 0.999486 -0.0256897 89.6286 -0.0189224 0.025327 0.9995 -1.56874
0.99989 0.0103563 0.0106293 -0.805814 -0.010085 0.99963 -0.0252688 91.9072 -0.010887 0.0251588 0.999624 -1.54024
0.999944 0.000631049 0.0105944 -0.688707 -0.000343218 0.999631 -0.027148 94.3222 -0.0106077 0.0271429 0.999575 -1.4723
0.999837 -0.00803097 0.0161645 -0.62618 0.00820515 0.999909 -0.0107376 96.6875 -0.0160768 0.0108685 0.999812 -1.54101
0.999823 -0.0157538 0.0102901 -0.545474 0.015874 0.999806 -0.0117044 99.0617 -0.0101037 0.0118657 0.999879 -1.51914
0.999656 -0.02365 0.0113438 -0.500427 0.0238013 0.999627 -0.0133948 101.562 -0.0110228 0.0136602 0.999846 -1.48929
0.999538 -0.0284655 0.0106893 -0.491781 0.0286095 0.999499 -0.0135682 104.117 -0.0102977 0.0138678 0.999851 -1.47567
0.999386 -0.0328304 0.0122137 -0.438504 0.0329798 0.999381 -0.0122383 106.628 -0.0118044 0.0126336 0.999851 -1.47409
0.999341 -0.0342926 0.011859 -0.427914 0.0344051 0.999364 -0.00941518 109.242 -0.0115286 0.00981699 0.999885 -1.512
0.999373 -0.0319659 0.0152565 -0.364185 0.0321512 0.99941 -0.0120601 111.846 -0.014862 0.0125431 0.999811 -1.50661
0.999515 -0.0283323 0.0129324 -0.375259 0.0285352 0.999468 -0.0157827 113.869 -0.0124784 0.0161441 0.999792 -1.52921
0.999588 -0.0242626 0.0153244 -0.339354 0.0245134 0.999565 -0.0163968 115.847 -0.0149199 0.0167657 0.999748 -1.48975
0.999587 -0.0206986 0.019959 -0.31193 0.0210356 0.999637 -0.0168285 117.919 -0.0196035 0.0172414 0.999659 -1.4711
0.999672 -0.0233589 0.0104719 -0.23754 0.0234086 0.999715 -0.00464452 119.931 -0.0103604 0.00488813 0.999934 -1.53436
0.999665 -0.0235251 0.0107805 -0.254294 0.0236214 0.999681 -0.00888762 122.002 -0.010568 0.00913929 0.999902 -1.55087
0.999641 -0.0226379 0.0143367 -0.189147 0.0228139 0.999665 -0.0122381 124.016 -0.0140549 0.0125608 0.999822 -1.55042
0.999559 -0.0234502 0.0182079 -0.141888 0.0236218 0.999678 -0.00926277 126.111 -0.0179848 0.00968879 0.999791 -1.52561
0.999351 -0.022959 0.0277564 -0.0849645 0.0229361 0.999736 0.00114364 128.229 -0.0277753 -0.000506277 0.999614 -1.56703
0.999409 -0.0206394 0.027497 -0.0424538 0.0211988 0.999571 -0.0202075 130.831 -0.0270682 0.0207785 0.999418 -1.51916
