0.984444 0.0292199 -0.173252 0.306046 -0.0353778 0.998843 -0.032562 -0.59323 0.1721 0.0381847 0.984339 -0.462615
0.946289 -0.279889 -0.161859 0.0914724 0.277595 0.959982 -0.0370942 0.963711 0.165764 -0.00982941 0.986116 -0.597665
0.916584 -0.366561 -0.159707 -0.375767 0.364769 0.930174 -0.0414776 2.33541 0.163759 -0.0202384 0.986293 -0.708928
0.95884 -0.23953 -0.152481 -0.707983 0.235339 0.97086 -0.0452366 3.88439 0.158874 0.00748996 0.987271 -0.740819
0.975083 -0.160449 -0.153194 -0.971474 0.155046 0.986805 -0.0466633 5.69415 0.15866 0.0217485 0.987094 -0.722169
0.980644 -0.111372 -0.161042 -1.15879 0.10635 0.993544 -0.0394988 7.71277 0.164401 0.0216075 0.986157 -0.661284
0.982586 -0.0893211 -0.16293 -1.28519 0.0848441 0.995806 -0.0342466 10.2385 0.165306 0.0198265 0.986043 -0.578446
0.984397 -0.0702119 -0.161346 -1.36954 0.0659678 0.997324 -0.031519 12.4717 0.163127 0.0203836 0.986395 -0.478047
0.985766 -0.0468194 -0.161472 -1.40963 0.0420351 0.998574 -0.0329212 14.7511 0.162783 0.0256651 0.986328 -0.384944
0.987829 -0.0219332 -0.153991 -1.38961 0.0175842 0.999409 -0.0295471 17.1042 0.154548 0.0264797 0.98763 -0.21162
0.986187 -0.0137118 -0.165068 -1.43664 0.00883184 0.999503 -0.0302611 19.0594 0.165401 0.0283853 0.985818 0.1073
0.986655 -0.00188093 -0.162812 -1.31344 -0.000283768 0.999912 -0.0132714 21.5713 0.162823 0.0131405 0.986568 -0.0832074
0.985689 0.00920154 -0.16832 -1.19407 -0.0121516 0.99979 -0.0165051 24.0233 0.168133 0.0183143 0.985594 -0.179577
0.985552 0.0141458 -0.168781 -1.05014 -0.0167217 0.999764 -0.0138505 25.9419 0.168546 0.0164727 0.985556 -0.169734
0.984993 0.0193272 -0.171507 -0.953516 -0.02266 0.99959 -0.017496 28.2354 0.171098 0.0211197 0.985028 -0.094152
0.986432 0.019003 -0.16307 -0.835336 -0.0219615 0.999625 -0.0163588 30.5057 0.162698 0.0197181 0.986479 0.0354341
0.985765 0.0188901 -0.167067 -0.684576 -0.0196081 0.999804 -0.00264871 32.5734 0.166984 0.00588687 0.985942 -0.0895451
0.982996 0.00788999 -0.183455 -0.56462 -0.00841041 0.999963 -0.00205889 34.844 0.183432 0.00356681 0.983026 -0.175217
0.980781 0.00138452 -0.195109 -0.464937 -0.00192405 0.999995 -0.00257576 36.9372 0.195104 0.00290165 0.980778 -0.248014
0.982812 -0.00482394 -0.184548 -0.367826 0.00335034 0.99996 -0.00829592 38.9577 0.184581 0.00753502 0.982788 -0.308218
0.983608 -0.00762465 -0.180156 -0.318351 0.00577539 0.999925 -0.0107871 40.9764 0.180225 0.00956978 0.983579 -0.23707
0.98065 -0.00523215 -0.195699 -0.24725 0.00345035 0.999949 -0.0094446 42.943 0.195738 0.00858662 0.980619 -0.131625
0.980764 0.00371798 -0.195161 -0.175598 -0.00591084 0.999926 -0.010655 44.9085 0.195107 0.0116036 0.980713 0.0126929
0.979674 0.0104031 -0.200327 -0.0678118 -0.0131355 0.999838 -0.0123151 46.9762 0.200166 0.0146961 0.979652 -0.111241
0.979897 0.0103742 -0.199232 0.0454216 -0.0123121 0.999888 -0.00849042 49.2102 0.199121 0.0107727 0.979916 -0.218875
0.978539 0.0119766 -0.205714 0.154622 -0.0126373 0.999918 -0.00189854 51.4498 0.205675 0.00445748 0.97861 -0.234719
0.980754 0.0104155 -0.194969 0.245429 -0.0113573 0.999929 -0.00371325 53.3753 0.194916 0.0058561 0.980802 -0.227389
0.979462 0.00716024 -0.201501 0.366159 -0.00855459 0.999945 -0.00604987 55.309 0.201446 0.00764938 0.97947 -0.215295
0.978765 0.00242046 -0.204972 0.431146 -0.0042464 0.999955 -0.00846885 57.6658 0.204942 0.00915941 0.978731 -0.10749
0.980467 0.000329397 -0.196684 0.576447 -0.0014627 0.999983 -0.00561681 59.5885 0.196678 0.00579478 0.980451 0.103993
0.981358 0.00542343 -0.192111 0.672094 -0.0059521 0.99998 -0.0021749 61.927 0.192095 0.00327782 0.981371 0.0010307
0.980724 0.00828178 -0.195224 0.765836 -0.00896572 0.999956 -0.00261999 64.2558 0.195194 0.00431981 0.980755 -0.100515
0.980349 0.0111086 -0.196957 0.858373 -0.0125466 0.999903 -0.00605478 66.3925 0.196871 0.00840694 0.980393 -0.0334818
0.978821 0.0134398 -0.204278 1.00301 -0.0145962 0.999885 -0.00415526 68.5363 0.204198 0.00704892 0.978904 0.0472751
0.977875 0.0190185 -0.208326 1.16654 -0.0198977 0.9998 -0.00212523 70.7392 0.208244 0.00622341 0.978057 0.201962
0.977373 0.0344123 -0.208707 1.3367 -0.0359596 0.999347 -0.00362305 73.0386 0.208446 0.0110461 0.977971 0.0886459
0.977699 0.0445551 -0.20523 1.48119 -0.0464517 0.998911 -0.00443011 74.9377 0.204809 0.0138646 0.978704 0.039444
0.978693 0.0470227 -0.199874 1.66328 -0.049523 0.998745 -0.0075253 76.8652 0.199269 0.0172633 0.979793 0.0476286
0.981734 0.0473537 -0.184271 1.84925 -0.0475286 0.998864 0.00347043 78.8531 0.184226 0.00535111 0.982869 0.119921
0.982137 0.0394541 -0.183984 2.05442 -0.0383654 0.999219 0.00947493 80.846 0.184214 -0.00224708 0.982884 0.23971
0.982954 0.0271355 -0.18184 2.18709 -0.0266134 0.999632 0.00531107 82.939 0.181917 -0.000381146 0.983314 0.126123
0.981721 0.016872 -0.189575 2.32961 -0.0169254 0.999856 0.00133733 84.9746 0.189571 0.00189575 0.981865 0.0806277
0.982039 0.0141717 -0.188147 2.42046 -0.014375 0.999897 0.000283956 87.1585 0.188132 0.00242576 0.982141 0.0909043
0.982315 0.0232122 -0.185791 2.59978 -0.0245457 0.999687 -0.00488026 89.2872 0.18562 0.00935433 0.982577 0.129922
0.983065 0.0320724 -0.18043 2.75818 -0.0328943 0.999458 -0.00156426 91.3573 0.180282 0.0074729 0.983587 0.305472
0.983037 0.0388467 -0.179246 2.9118 -0.0396433 0.999214 -0.000862811 93.5898 0.179072 0.00795407 0.983804 0.157265
0.982526 0.0460496 -0.18034 3.13558 -0.0453206 0.998939 0.0081632 95.773 0.180524 0.000152533 0.983571 0.0514774
0.98382 0.04906 -0.172313 3.32371 -0.0476626 0.998788 0.0122405 97.8657 0.172704 -0.00382963 0.984966 -0.0273661
0.984784 0.0467821 -0.167369 3.5549 -0.0467402 0.998898 0.00419189 100.146 0.167381 0.00369475 0.985885 -0.00597796
0.9863 0.0427682 -0.159322 3.73774 -0.0427257 0.99908 0.00369376 102.389 0.159333 0.00316398 0.98722 -0.0371638
0.986981 0.0382095 -0.156235 3.94663 -0.0383912 0.999261 0.00185535 104.73 0.15619 0.00416685 0.987718 0.0301826
0.987753 0.0353693 -0.151965 4.15427 -0.0354022 0.99937 0.00249002 107.05 0.151957 0.00292036 0.988383 0.119833
0.989457 0.0321506 -0.141211 4.36018 -0.0306423 0.999448 0.0128432 109.358 0.141546 -0.00838079 0.989896 0.189343
0.990169 0.027891 -0.13707 4.50962 -0.0275261 0.999611 0.00455736 111.713 0.137144 -0.00073956 0.990551 0.161804
0.991224 0.0243866 -0.129922 4.67587 -0.0248124 0.999691 -0.00165943 114.048 0.129841 0.00486855 0.991523 0.133085
0.991726 0.0202667 -0.126764 4.82929 -0.020787 0.99978 -0.00278273 116.472 0.12668 0.00539474 0.991929 0.208056
0.991679 0.0174684 -0.127541 4.97854 -0.0165642 0.99983 0.00814707 118.865 0.127662 -0.00596666 0.9918 0.308806
0.99329 0.0175301 -0.114316 5.14012 -0.0170253 0.999841 0.00539113 121.155 0.114392 -0.00340869 0.99343 0.127174
0.993977 0.0162561 -0.10838 5.27376 -0.0165393 0.999862 -0.00171451 123.524 0.108338 0.00349672 0.994108 0.0650053
0.994975 0.0168832 -0.0986866 5.40487 -0.0168391 0.999857 0.00127982 125.842 0.0986941 0.000388405 0.995118 0.0514889
0.996493 0.0179922 -0.0817242 5.54455 -0.0181762 0.999834 -0.00150782 128.142 0.0816835 0.00298797 0.996654 0.0368589
0.996502 0.0184265 -0.0815073 5.70845 -0.0186698 0.999823 -0.00222304 130.368 0.0814519 0.00373699 0.99667 0.255251
0.996531 0.0202829 -0.0807182 5.84509 -0.0202334 0.999794 0.0014312 132.672 0.0807307 0.000206969 0.996736 0.125182
0.996937 0.0187394 -0.0759349 5.95464 -0.0192346 0.999798 -0.00579629 134.896 0.075811 0.00723911 0.997096 0.0659606
0.99678 0.017224 -0.0783125 6.0893 -0.0173721 0.999848 -0.00120963 137.037 0.0782798 0.00256619 0.996928 0.0523952
0.997048 0.016373 -0.0750154 6.25334 -0.0161562 0.999863 0.00349566 139.194 0.0750624 -0.00227338 0.997176 0.0892405
0.996476 0.01665 -0.0822102 6.38976 -0.0161873 0.999849 0.00629216 141.35 0.0823025 -0.00493923 0.996595 0.204828
0.997106 0.0193927 -0.0735075 6.49172 -0.0193136 0.999812 0.00178639 143.355 0.0735283 -0.000361527 0.997293 0.127617
0.997124 0.0227069 -0.0723026 6.63092 -0.022484 0.99974 0.00389435 145.453 0.0723722 -0.0022575 0.997375 0.0617622
0.997061 0.0261873 -0.0719984 6.81394 -0.0261922 0.999657 0.000877293 147.389 0.0719966 0.00101108 0.997404 0.0714007
0.998352 0.0301774 -0.0488124 6.92716 -0.0295916 0.999482 0.0126808 149.244 0.0491698 -0.0112154 0.998727 0.0319671
0.997613 0.0514917 -0.0460016 7.2079 -0.0512757 0.998667 0.00586419 151.329 0.0462423 -0.00349143 0.998924 0.144627
0.995002 0.0893572 -0.0445718 7.39851 -0.0890355 0.995986 0.00915543 153.304 0.045211 -0.0051412 0.998964 0.00218819
0.985239 0.167988 -0.0329357 7.71309 -0.16762 0.985757 0.0136418 155.367 0.0347582 -0.00791974 0.999364 -0.100858
0.950398 0.308263 -0.0414444 8.27389 -0.308646 0.951172 -0.00302739 157.058 0.0384875 0.0156689 0.999136 -0.181941
0.867936 0.494323 -0.0482937 9.04247 -0.495084 0.868833 -0.00450586 158.482 0.0397319 0.0278203 0.998823 -0.181006
0.745771 0.663449 -0.0604976 9.96394 -0.664875 0.746939 -0.00476589 159.552 0.0420261 0.0437776 0.998157 -0.166685
0.59161 0.802015 -0.0822785 11.1373 -0.805467 0.59239 -0.0172235 160.341 0.0349274 0.0764622 0.996461 -0.0202635
0.430137 0.898767 -0.0848479 12.4677 -0.902044 0.431643 -0.000656011 161.041 0.0360344 0.0768187 0.996394 0.11177
0.25311 0.963823 -0.0835455 14.1956 -0.967258 0.253783 -0.00264377 161.451 0.0186543 0.0814792 0.9965 0.332878
0.134987 0.986358 -0.0942141 16.1693 -0.990711 0.135932 0.00365035 161.712 0.0164072 0.0928462 0.995545 0.384248
0.0694175 0.993621 -0.0888704 17.9928 -0.997574 0.0696126 -0.000906503 161.795 0.00528578 0.0887177 0.996043 0.486759
0.0277153 0.99624 -0.0820889 20.2185 -0.999532 0.0265569 -0.01517 161.751 -0.012933 0.082471 0.99651 0.590754
0.0153374 0.996441 -0.0828822 22.2331 -0.999872 0.0149002 -0.00589023 161.721 -0.00463431 0.0829619 0.996542 0.81466
0.00521232 0.99752 -0.0701915 24.3139 -0.999878 0.00416488 -0.0150613 161.642 -0.0147316 0.0702614 0.99742 0.976492
-0.00375541 0.997605 -0.0690637 26.4197 -0.999857 -0.00488358 -0.0161731 161.539 -0.0164716 0.0689931 0.997481 0.960421
-0.010186 0.997514 -0.0697299 28.6897 -0.999807 -0.0113301 -0.0160312 161.444 -0.0167813 0.0695531 0.997437 1.02069
-0.00425932 0.997781 -0.0664451 30.9866 -0.999872 -0.00527204 -0.0150731 161.332 -0.01539 0.0663724 0.997676 1.08352
0.00197665 0.99774 -0.0671657 32.8866 -0.999839 0.000774873 -0.0179136 161.244 -0.0178211 0.0671903 0.997581 1.15654
0.0120978 0.997548 -0.0689384 35.2457 -0.999807 0.0109985 -0.0163036 161.136 -0.0155054 0.0691223 0.997488 1.26808
0.0156423 0.997417 -0.0701009 37.262 -0.99976 0.0145258 -0.0164089 161.057 -0.0153483 0.0703407 0.997405 1.3759
0.0165036 0.997263 -0.0720677 39.2365 -0.999801 0.0156514 -0.0123741 161.031 -0.0112122 0.0722576 0.997323 1.52333
0.0166666 0.996847 -0.077579 41.259 -0.999818 0.0158971 -0.0105264 161.005 -0.0092599 0.0777403 0.996931 1.56049
0.012342 0.997328 -0.072005 43.3926 -0.99991 0.0119241 -0.00623117 160.924 -0.00535592 0.0720754 0.997385 1.73494
0.0083814 0.997137 -0.0751505 45.5072 -0.999909 0.00915052 0.00989622 160.821 0.0105555 0.0750607 0.997123 1.78573
0.00586106 0.996832 -0.0793207 47.7026 -0.999965 0.00631133 0.00542664 160.761 0.00591007 0.0792861 0.996834 1.9167
-0.000966136 0.998158 -0.0606556 49.9028 -0.999926 -0.000230581 0.0121331 160.643 0.0120968 0.0606629 0.998085 2.05573
-0.00502908 0.997773 -0.0665035 52.1386 -0.999955 -0.00448373 0.00834663 160.545 0.00802986 0.0665425 0.997751 2.11293
-0.0106485 0.997844 -0.064762 54.4129 -0.999884 -0.00991995 0.0115612 160.449 0.0108938 0.0648776 0.997834 2.31005
-0.0154174 0.998581 -0.0509772 56.676 -0.999874 -0.0152103 0.00444824 160.331 0.00366655 0.0510394 0.99869 2.42411
-0.0191392 0.998024 -0.0598491 58.8283 -0.999814 -0.0189539 0.00366154 160.189 0.00251993 0.059908 0.998201 2.45832
-0.0180335 0.99793 -0.0617228 60.9825 -0.999827 -0.018274 -0.00333374 160.048 -0.00445476 0.0616521 0.998088 2.60566
-0.0148579 0.998117 -0.0595174 63.1205 -0.999714 -0.0159439 -0.017814 159.903 -0.0187294 0.0592357 0.998068 2.61923
-0.0103159 0.998619 -0.051504 65.1156 -0.999832 -0.0110798 -0.0145696 159.788 -0.0151202 0.0513451 0.998567 2.84172
-0.0102861 0.997804 -0.0654285 67.2235 -0.999816 -0.0113218 -0.0154789 159.678 -0.0161856 0.0652572 0.997737 2.81937
-0.011533 0.998761 -0.0484031 69.2908 -0.999786 -0.0123487 -0.0165859 159.537 -0.017163 0.0482015 0.99869 2.91733
-0.0097093 0.998901 -0.0458428 71.3894 -0.99968 -0.0107671 -0.0228833 159.405 -0.0233518 0.0456059 0.998687 3.06622
-0.012542 0.997605 -0.0680201 73.4686 -0.999683 -0.0139949 -0.0209259 159.32 -0.0218277 0.0677361 0.997464 3.08877
-0.00997488 0.997728 -0.0666324 75.5607 -0.999866 -0.0108184 -0.0123108 159.227 -0.0130036 0.0665007 0.997702 3.185
-0.0102031 0.997143 -0.0748474 77.5954 -0.99994 -0.0104644 -0.00309945 159.121 -0.00387382 0.0748113 0.99719 3.32313
-0.0122334 0.997559 -0.0687419 79.6565 -0.9999 -0.0126892 -0.0061974 158.99 -0.00705456 0.0686592 0.997615 3.39654
-0.0123893 0.998569 -0.0520301 81.6982 -0.999896 -0.0127538 -0.00668023 158.897 -0.00733425 0.0519419 0.998623 3.48968
-0.0156202 0.998592 -0.0506985 83.6912 -0.999852 -0.0152322 0.00803019 158.808 0.00724664 0.0508164 0.998682 3.66943
-0.0181475 0.998347 -0.0545372 85.6609 -0.999834 -0.0182022 -0.000505254 158.635 -0.00149711 0.054519 0.998512 3.70951
-0.0166461 0.998946 -0.0427837 87.6714 -0.999843 -0.0163674 0.00685582 158.525 0.00614834 0.0428911 0.999061 3.80099
-0.0161175 0.998802 -0.0461986 89.6292 -0.999867 -0.0162128 -0.00168993 158.434 -0.00243692 0.0461652 0.998931 3.83226
-0.0210575 0.998742 -0.0455042 91.5245 -0.99977 -0.0208524 0.00497788 158.314 0.00402275 0.0455986 0.998952 3.89118
-0.022677 0.997986 -0.0592347 93.4824 -0.999599 -0.0236404 -0.0156137 158.207 -0.0169826 0.0588569 0.998122 3.925
-0.0247106 0.998681 -0.0450135 95.4697 -0.999561 -0.0254173 -0.0151948 158.036 -0.0163189 0.0446183 0.998871 4.01223
-0.0221835 0.998349 -0.0529864 97.3985 -0.999604 -0.0230671 -0.0161223 157.934 -0.017318 0.0526078 0.998465 4.14264
-0.0214023 0.998783 -0.0444457 99.4091 -0.999495 -0.0224201 -0.022528 157.761 -0.023497 0.0439411 0.998758 4.21768
-0.0190952 0.998404 -0.0531414 101.32 -0.99975 -0.0196861 -0.0106196 157.667 -0.0116488 0.0529253 0.998531 4.28933
-0.017269 0.998233 -0.0568559 103.229 -0.999719 -0.0181616 -0.0152206 157.56 -0.0162263 0.0565771 0.998266 4.3729
-0.0162286 0.997949 -0.0619291 105.065 -0.999243 -0.0183769 -0.0342801 157.384 -0.0353478 0.0613259 0.997492 4.45345
-0.00873561 0.99804 -0.0619604 107.401 -0.999463 -0.0106718 -0.0309876 157.284 -0.0315881 0.0616564 0.997597 4.60546
-1.59722e-05 0.998274 -0.0587263 109.685 -0.999819 -0.00113326 -0.0189921 157.092 -0.0190258 0.0587154 0.998093 4.72126
0.00566504 0.99843 -0.0557337 111.834 -0.999841 0.00471261 -0.0172056 157.071 -0.0169159 0.0558223 0.998297 4.82822
0.0108923 0.998424 -0.0550574 113.93 -0.999829 0.01005 -0.0155526 157.028 -0.0149748 0.0552174 0.998362 4.88748
0.0136944 0.998351 -0.0557418 115.958 -0.999848 0.0130692 -0.0115649 156.932 -0.0108173 0.0558917 0.998378 4.9649
0.0153076 0.99837 -0.0549814 117.97 -0.999824 0.0146861 -0.0116894 156.869 -0.0108629 0.0551506 0.998419 5.1026
0.019995 0.998563 -0.0497107 119.949 -0.99975 0.0194716 -0.0109907 156.791 -0.0100069 0.049918 0.998703 5.12159
0.025122 0.998141 -0.0555267 121.811 -0.999681 0.0252222 0.00110368 156.793 0.00250213 0.0554813 0.998457 5.2366
0.0291588 0.997989 -0.0562817 123.976 -0.999572 0.0289844 -0.00391374 156.728 -0.00227458 0.0563718 0.998407 5.3919
0.0186382 0.999102 -0.0380626 125.929 -0.999822 0.0185141 -0.00360946 156.616 -0.00290152 0.0381231 0.999269 5.48327
-0.0477706 0.997659 -0.0489311 127.997 -0.998854 -0.0478506 -0.000464427 156.471 -0.00280472 0.0488529 0.998802 5.5146
-0.16231 0.986003 -0.0381164 129.846 -0.986684 -0.162591 -0.00436712 156.142 -0.0105034 0.0369 0.999264 5.52291
-0.316953 0.947769 -0.0357048 131.508 -0.94842 -0.316972 0.00529028 155.585 -0.00630347 0.03554 0.999348 5.53859
-0.499285 0.865724 -0.0351626 132.819 -0.866386 -0.499289 0.00930176 154.787 -0.00950354 0.0351086 0.999338 5.55649
-0.685945 0.72584 -0.0513409 134.025 -0.727294 -0.686114 0.0170487 153.781 -0.0228511 0.0490344 0.998536 5.60015
-0.819 0.571813 -0.0476237 134.94 -0.5735 -0.81841 0.0360922 152.481 -0.0183377 0.0568717 0.998213 5.63232
-0.911103 0.411099 -0.0298196 135.632 -0.411997 -0.910464 0.036231 151.088 -0.0122551 0.0452957 0.998898 5.70746
-0.969069 0.245511 -0.0250874 136.079 -0.246076 -0.968986 0.0226553 149.53 -0.0187472 0.028128 0.999429 5.73929
-0.992754 0.118759 -0.0183226 136.283 -0.119401 -0.992071 0.0392123 147.78 -0.0135205 0.0411159 0.999063 5.81423
-0.998587 0.0500468 -0.0178741 136.36 -0.0506102 -0.998186 0.0325982 145.931 -0.0162102 0.0334568 0.999309 5.90083
-0.999581 0.028113 -0.00693497 136.369 -0.0283487 -0.998927 0.0366126 143.939 -0.00589825 0.0367938 0.999305 5.89427
-0.999677 0.024507 -0.00680497 136.39 -0.0247219 -0.999132 0.0335343 141.855 -0.00597724 0.0336917 0.999414 5.97568
-0.999777 0.0208888 -0.00297309 136.329 -0.0209646 -0.999381 0.0282662 139.778 -0.0023808 0.0283222 0.999596 5.98282
-0.999839 0.0104485 -0.0145591 136.249 -0.0108518 -0.999552 0.0279026 137.521 -0.014261 0.0280561 0.999505 5.98357
-0.999952 -0.00345084 -0.00922176 136.167 0.00320262 -0.999636 0.026798 135.509 -0.00931088 0.0267672 0.999598 5.99498
-0.99988 -0.00964087 -0.0121087 136.065 0.00933929 -0.999651 0.02472 133.52 -0.0123428 0.0246039 0.999621 6.01296
-0.999877 -0.0136201 -0.007764 135.951 0.0134698 -0.999727 0.0190923 131.528 -0.00802191 0.0189853 0.999788 6.07374
-0.999737 -0.0165389 -0.0158627 135.868 0.0160759 -0.999453 0.0288842 129.454 -0.0163317 0.0286216 0.999457 6.08033
-0.999769 -0.0180973 -0.0116235 135.675 0.0177864 -0.999496 0.0263137 127.326 -0.0120939 0.0261008 0.999586 6.19625
-0.999719 -0.0236801 0.000695536 135.538 0.0236897 -0.999476 0.0220738 125.215 0.000172463 0.022084 0.999756 6.19404
-0.99945 -0.0329135 0.00401424 135.399 0.0329948 -0.999209 0.0222049 122.901 0.00328022 0.0223251 0.999745 6.16774
-0.999373 -0.0340709 0.00961656 135.242 0.0342802 -0.999159 0.0225165 121.064 0.00884131 0.022832 0.9997 6.25242
-0.999064 -0.04313 -0.00340318 135.09 0.0430535 -0.998872 0.0200187 119.195 -0.00426275 0.0198535 0.999794 6.26933
-0.998934 -0.0457066 -0.00643778 134.894 0.0455615 -0.998738 0.0211269 117.246 -0.00739529 0.0208111 0.999756 6.33408
-0.998923 -0.0458129 -0.00737396 134.686 0.0456505 -0.99874 0.0208581 114.914 -0.00832023 0.020499 0.999755 6.35753
-0.99895 -0.041465 -0.0195032 134.493 0.0412803 -0.9991 0.00978043 112.694 -0.0198912 0.00896506 0.999762 6.32492
-0.998961 -0.0370567 -0.0265197 134.315 0.0367121 -0.999237 0.0133631 110.47 -0.0269947 0.0123756 0.999559 6.35021
-0.999216 -0.0325825 -0.022472 134.152 0.0322375 -0.999359 0.0155468 108.31 -0.0229641 0.0148102 0.999627 6.32307
-0.999521 -0.0237992 -0.0197851 134 0.0234978 -0.999606 0.0153245 106.285 -0.020142 0.0148523 0.999687 6.33492
-0.999921 -0.000559312 -0.012574 133.839 0.000413952 -0.999933 0.01156 104.031 -0.0125797 0.0115538 0.999854 6.31368
-0.999735 0.0150368 -0.0174473 133.788 -0.015272 -0.999793 0.0134299 101.845 -0.0172417 0.0136927 0.999758 6.30387
-0.999618 0.02088 -0.0181021 133.734 -0.0211482 -0.999667 0.0147577 99.5364 -0.017788 0.0151349 0.999727 6.29621
-0.999687 0.0215635 -0.0126498 133.723 -0.0218142 -0.999561 0.0200252 97.5363 -0.0122125 0.0202949 0.999719 6.26473
-0.999641 0.0237888 -0.0123378 133.691 -0.0239615 -0.999614 0.014046 95.3526 -0.0119989 0.0143366 0.999825 6.372
-0.999643 0.0247482 -0.0100615 133.663 -0.0248961 -0.99958 0.0148569 93.0562 -0.00968954 0.0151021 0.999839 6.31656
-0.999543 0.0231395 -0.019469 133.647 -0.0234069 -0.999633 0.0136201 90.6659 -0.0191467 0.0140696 0.999718 6.29961
-0.999632 0.0187343 -0.0196193 133.627 -0.0190122 -0.99972 0.0140738 88.2913 -0.0193501 0.0144417 0.999708 6.27386
-0.999917 0.0115087 -0.00570968 133.598 -0.0115922 -0.999823 0.014823 85.9167 -0.00553808 0.0148879 0.999874 6.27694
-0.999999 -0.000808949 -0.00067894 133.471 0.000801923 -0.999947 0.0102866 83.6389 -0.000687225 0.0102861 0.999947 6.29332
-0.999844 -0.0117928 -0.0131714 133.378 0.0115826 -0.999806 0.0159217 81.3419 -0.0133566 0.0157667 0.999786 6.32436
-0.99963 -0.022272 -0.0156439 133.197 0.0220502 -0.999656 0.0142082 79.0446 -0.015955 0.013858 0.999777 6.30366
-0.999569 -0.0275345 -0.0101884 133.06 0.0274429 -0.999583 0.00902796 77.2098 -0.0104327 0.00874447 0.999907 6.31201
-0.999206 -0.0387299 -0.00936613 132.901 0.0386412 -0.999208 0.00946705 74.9442 -0.00972538 0.00909761 0.999911 6.31095
-0.998711 -0.0496296 -0.0106486 132.692 0.0495942 -0.998763 0.00356106 72.6634 -0.0108121 0.00302836 0.999937 6.28095
-0.99833 -0.0570654 -0.0090383 132.495 0.0569829 -0.998333 0.00914582 70.6974 -0.00954514 0.00861552 0.999917 6.2472
-0.998389 -0.0538557 -0.0178751 132.332 0.05385 -0.998549 0.000800301 68.7837 -0.0178922 -0.000163562 0.99984 6.23248
-0.998936 -0.0401417 -0.0227043 132.184 0.0400398 -0.999186 0.00492218 66.8832 -0.0228834 0.00400787 0.99973 6.1563
-0.999568 -0.0164924 -0.0243413 132.077 0.0165177 -0.999863 -0.000836125 64.9513 -0.0243242 -0.00123783 0.999703 6.11643
-0.999608 0.00565873 -0.027411 132.007 -0.00573777 -0.99998 0.00280557 63.0214 -0.0273946 0.00296175 0.99962 6.06542
-0.999586 0.0191704 -0.0214661 131.949 -0.0192882 -0.9998 0.00529389 61.0156 -0.0213603 0.00570574 0.999756 6.02553
-0.999569 0.0206903 -0.0208337 131.908 -0.0208787 -0.999743 0.00886578 59.0238 -0.0206449 0.00929694 0.999744 5.99291
-0.99939 0.0182105 -0.0298006 131.874 -0.0183546 -0.999821 0.0045704 56.9928 -0.0297121 0.00511459 0.999545 5.99184
-0.999558 0.0174756 -0.0240586 131.783 -0.0176487 -0.99982 0.00699864 54.8637 -0.023932 0.00742015 0.999686 5.92785
-0.999701 0.0164318 -0.018111 131.734 -0.0166275 -0.999804 0.0107071 52.7901 -0.0179316 0.011005 0.999779 5.97106
-0.999844 0.0134643 -0.0114473 131.645 -0.013503 -0.999903 0.00331315 50.6504 -0.0114015 0.0034672 0.999929 5.9647
-0.999845 0.0112925 -0.013525 131.57 -0.0113612 -0.999923 0.00501492 48.46 -0.0134674 0.0051678 0.999896 6.04058
-0.999739 0.00907149 -0.0209817 131.478 -0.00921233 -0.999936 0.00662564 46.2588 -0.0209202 0.0068172 0.999758 6.05649
-0.999858 0.00312972 -0.0165656 131.414 -0.00324057 -0.999973 0.00666894 44.1158 -0.0165443 0.00672167 0.999841 6.02091
-0.999734 0.00209421 -0.0229786 131.358 -0.00244155 -0.999883 0.0150982 41.9385 -0.0229443 0.0151503 0.999622 5.99664
-0.999769 -0.00210301 -0.0213944 131.265 0.00185237 -0.999929 0.0117282 39.7726 -0.0214176 0.0116859 0.999702 5.92183
-0.999809 -0.00364443 -0.0192173 131.186 0.00362064 -0.999993 0.00127299 37.5372 -0.0192218 0.00120317 0.999815 5.96768
-0.999763 -0.0058733 -0.0209455 131.066 0.00568802 -0.999944 0.0088945 35.2923 -0.0209966 0.00877326 0.999741 5.93368
-0.999742 -0.00642947 -0.0218025 130.931 0.00607972 -0.999852 0.0160701 33.0141 -0.0219026 0.0159334 0.999633 5.9424
-0.999936 -0.00716927 -0.00875418 130.821 0.00707173 -0.999913 0.0111228 30.7238 -0.00883316 0.0110602 0.9999 5.96817
-0.999883 -0.00737103 -0.0134068 130.691 0.00724265 -0.999928 0.00959935 28.3561 -0.0134766 0.00950113 0.999864 5.97439
-0.999884 -0.00853894 -0.0125766 130.512 0.00838818 -0.999893 0.0119923 25.9623 -0.0126777 0.0118854 0.999849 6.00411
-0.999858 -0.0125065 -0.0112977 130.454 0.0123605 -0.99984 0.0129018 24.108 -0.0114573 0.0127603 0.999853 6.0069
-0.999644 -0.0231241 -0.0132817 130.332 0.0229503 -0.999651 0.0130957 21.6729 -0.0135799 0.0127863 0.999826 5.97369
-0.999191 -0.0351223 -0.0196011 130.159 0.034885 -0.999315 0.012321 19.8491 -0.0200204 0.0116272 0.999732 6.01578
-0.998231 -0.0470312 -0.0363712 129.974 0.0468298 -0.998883 0.00637147 17.9137 -0.0366302 0.00465694 0.999318 5.99508
-0.997368 -0.058163 -0.04328 129.762 0.058105 -0.998307 0.00259702 15.9778 -0.0433578 7.53949e-05 0.99906 6.00146
-0.996693 -0.0684368 -0.0438128 129.568 0.0682883 -0.997654 0.00487928 14.0322 -0.044044 0.00187125 0.999028 5.94541
-0.995499 -0.0793005 -0.0518975 129.37 0.0790128 -0.996845 0.00757586 12.0491 -0.0523346 0.0034412 0.998624 5.83883
-0.994279 -0.0860215 -0.0633181 129.128 0.0857328 -0.996292 0.00726847 10.1226 -0.0637085 0.00179845 0.997967 5.82823
-0.993122 -0.089543 -0.0754351 128.881 0.0896188 -0.995973 0.00238645 8.19435 -0.075345 -0.00439037 0.997148 5.72522
-0.99301 -0.0928784 -0.072836 128.651 0.0928438 -0.995673 0.00386715 6.22687 -0.0728801 -0.00292225 0.997336 5.69049
-0.993152 -0.0899076 -0.0745996 128.353 0.0894801 -0.995947 0.00906056 4.32254 -0.0751119 0.00232333 0.997172 5.64632
-0.99456 -0.0815904 -0.0647508 128.113 0.081667 -0.996659 0.00146688 2.39811 -0.0646541 -0.00382911 0.9979 5.62262
-0.995278 -0.070184 -0.0670591 127.86 0.070069 -0.997534 0.00406892 0.545017 -0.0671793 -0.000649057 0.997741 5.61917
-0.996031 -0.0550596 -0.06993 127.663 0.0546367 -0.998475 0.00794691 -1.34187 -0.0702609 0.00409463 0.99752 5.5858
-0.997601 -0.0364113 -0.0588717 127.429 0.0360472 -0.999324 0.00723585 -3.78899 -0.0590953 0.00509633 0.998239 5.56131
-0.997905 -0.0236703 -0.0602055 127.279 0.0242584 -0.999665 -0.00905693 -5.63977 -0.0599709 -0.0104985 0.998145 5.62179
-0.996724 -0.0159198 -0.0792946 127.085 0.0156131 -0.999868 0.00448692 -8.03502 -0.0793556 0.00323419 0.996841 5.51684
-0.997602 -0.0140382 -0.0677681 126.907 0.0143693 -0.999887 -0.00440058 -10.2089 -0.0676987 -0.00536381 0.997691 5.55228
-0.99819 -0.0164982 -0.0578247 126.753 0.016903 -0.999836 -0.00651706 -12.468 -0.0577077 -0.00748267 0.998305 5.51731
-0.998099 -0.0374432 -0.0489626 126.59 0.0369867 -0.999264 0.0101976 -14.385 -0.0493083 0.00836725 0.998749 5.44822
-0.993861 -0.106707 -0.0292079 126.453 0.106515 -0.994278 0.00807183 -16.4331 -0.0299021 0.0049112 0.999541 5.42073
-0.934955 -0.35355 -0.0293583 125.856 0.353424 -0.935415 0.00955913 -18.0025 -0.0308418 -0.00143857 0.999523 5.38703
-0.759181 -0.650304 -0.0273518 124.806 0.650337 -0.759594 0.00889877 -19.0908 -0.0265632 -0.0110321 0.999586 5.32245
-0.501636 -0.864792 -0.0222832 123.533 0.864755 -0.501986 0.0144485 -19.8234 -0.0236808 -0.0120216 0.999647 5.19675
-0.238402 -0.970998 -0.0180719 121.911 0.970666 -0.238835 0.0276715 -20.2624 -0.0311852 -0.0109448 0.999454 5.02562
-0.0591955 -0.998049 -0.0198537 119.799 0.998124 -0.0594877 0.0144598 -20.3777 -0.0156127 -0.0189605 0.999698 4.96436
-0.03168 -0.999371 -0.0159394 117.838 0.999475 -0.0317835 0.00627837 -20.448 -0.00678103 -0.0157321 0.999853 4.85843
-0.0140311 -0.999661 -0.0219386 115.628 0.999793 -0.0143495 0.0144235 -20.4223 -0.0147334 -0.0217317 0.999655 4.80075
-0.00504209 -0.999646 -0.0261013 113.681 0.999838 -0.00549093 0.0171507 -20.39 -0.0172879 -0.0260106 0.999512 4.77793
0.000713235 -0.999762 -0.0218229 111.578 1 0.000703718 0.000440893 -20.3842 -0.00042543 -0.0218232 0.999762 4.77583
0.00182044 -0.999795 -0.0201837 109.276 0.999989 0.00173055 0.00446713 -20.2732 -0.00443129 -0.0201916 0.999786 4.6937
0.00171641 -0.99986 -0.0166449 106.908 0.999975 0.00160289 0.00682859 -20.1188 -0.00680095 -0.0166562 0.999838 4.68975
0.000320152 -0.999566 -0.0294414 105.039 0.99994 -3.45475e-06 0.010993 -20.0277 -0.0109883 -0.0294431 0.999506 4.56363
-0.00294726 -0.999736 -0.022768 103.071 0.999933 -0.00320105 0.0111185 -19.9273 -0.0111885 -0.0227337 0.999679 4.51246
-0.00303033 -0.999784 -0.0205837 101.047 0.99998 -0.00314332 0.00546005 -19.8739 -0.00552357 -0.0205667 0.999773 4.52609
-0.00081698 -0.999799 -0.0200255 99.004 0.999861 -0.00115002 0.0166284 -19.7484 -0.0166481 -0.0200092 0.999661 4.45641
0.000709341 -0.999856 -0.0169453 96.9227 0.999786 0.000358661 0.0206884 -19.6543 -0.0206793 -0.0169563 0.999642 4.41179
0.00188885 -0.999867 -0.0162193 94.7999 0.999896 0.00165705 0.0142973 -19.5639 -0.0142685 -0.0162446 0.999766 4.30268
0.0033855 -0.999286 -0.0376285 92.5739 0.999894 0.00284915 0.0142991 -19.4482 -0.0141817 -0.0376729 0.999189 4.28243
0.00239646 -0.999835 -0.0180039 90.3222 0.999753 0.00199731 0.0221555 -19.3413 -0.0221158 -0.0180525 0.999592 4.18765
0.00359413 -0.999794 -0.0199842 88.0709 0.999918 0.00334739 0.0123668 -19.2237 -0.0122973 -0.020027 0.999724 4.12563
0.00388446 -0.999634 -0.0267886 85.7844 0.999882 0.00348404 0.0149793 -19.1068 -0.0148805 -0.0268437 0.999529 4.05774
0.00514193 -0.999681 -0.0247412 83.4411 0.999907 0.00482836 0.012713 -19.0247 -0.0125895 -0.0248043 0.999613 3.98481
0.00536441 -0.999532 -0.0301083 81.067 0.999879 0.0049227 0.0147282 -18.8987 -0.0145731 -0.0301837 0.999438 3.9253
0.00362266 -0.999814 -0.0189448 78.7016 0.99986 0.00331264 0.0163724 -18.7534 -0.0163066 -0.0190014 0.999686 3.80898
0.00351406 -0.999298 -0.0372878 76.3647 0.999708 0.00261886 0.0240271 -18.6527 -0.0239126 -0.0373614 0.999016 3.74288
0.0027863 -0.999652 -0.0262395 73.9074 0.999798 0.00226239 0.0199759 -18.5418 -0.0199095 -0.0262899 0.999456 3.62746
0.00418172 -0.999231 -0.0389814 71.3919 0.999943 0.00379462 0.00999808 -18.4325 -0.00984247 -0.039021 0.99919 3.50228
0.00543195 -0.999279 -0.0375859 68.915 0.999824 0.00475307 0.018129 -18.3422 -0.0179373 -0.0376777 0.999129 3.37642
0.00255802 -0.999427 -0.0337458 66.4027 0.999919 0.00213485 0.0125679 -18.1916 -0.0124887 -0.0337752 0.999351 3.30625
0.000475541 -0.999635 -0.0269988 63.7857 0.99984 -7.8916e-06 0.0179034 -18.0817 -0.0178971 -0.0270029 0.999475 3.18398
0.000109472 -0.999627 -0.0273 61.1185 0.99974 -0.000512615 0.0227784 -17.9749 -0.0227839 -0.0272954 0.999368 3.0594
-0.000599438 -0.999289 -0.0376915 58.5076 0.999809 -0.00133564 0.0195115 -17.9059 -0.019548 -0.0376726 0.999099 2.85496
-0.000459866 -0.999202 -0.0399442 55.8743 0.999888 -0.00105755 0.0149452 -17.7568 -0.0149756 -0.0399328 0.99909 2.84044
-0.000866448 -0.999072 -0.0430534 53.1564 0.999903 -0.00146352 0.0138391 -17.5939 -0.0138893 -0.0430373 0.998977 2.76303
-0.00204312 -0.999251 -0.038651 50.427 0.999804 -0.00280311 0.019619 -17.5258 -0.0197126 -0.0386034 0.99906 2.56254
-0.000977859 -0.999147 -0.0412784 47.6691 0.999925 -0.00147969 0.0121295 -17.4642 -0.0121802 -0.0412635 0.999074 2.36543
0.000415297 -0.999232 -0.0391704 44.9595 0.99995 2.49784e-05 0.00996307 -17.3169 -0.00995445 -0.0391726 0.999183 2.33081
0.000940757 -0.999142 -0.0414171 42.2448 0.99998 0.0012023 -0.00629245 -17.1401 0.00633685 -0.0414103 0.999122 2.13357
0.00432871 -0.998777 -0.0492585 39.5614 0.999991 0.00433694 -5.82305e-05 -17.0556 0.000271782 -0.0492578 0.998786 1.97487
0.00825199 -0.999346 -0.0352173 36.8222 0.999953 0.00807076 0.00528518 -16.9555 -0.00499749 -0.0352592 0.999366 1.8049
0.0108463 -0.999203 -0.0384075 34.2537 0.999913 0.010551 0.00788043 -16.7834 -0.00746891 -0.0384896 0.999231 1.7956
0.0147315 -0.999286 -0.0347899 31.7134 0.99982 0.0143049 0.0124775 -16.6058 -0.0119709 -0.0349675 0.999317 1.72315
0.0171583 -0.999204 -0.0360028 29.1224 0.99981 0.0168131 0.00986582 -16.4643 -0.00925265 -0.0361652 0.999303 1.61555
0.0209761 -0.998739 -0.0456185 26.6497 0.999655 0.0202301 0.0167547 -16.3284 -0.0158107 -0.0459542 0.998818 1.4179
0.0202431 -0.99895 -0.0410951 24.2644 0.999706 0.0196751 0.0141795 -16.1468 -0.0133561 -0.04137 0.999055 1.40564
0.0201346 -0.998623 -0.0484398 21.9076 0.99975 0.0196384 0.0106983 -15.999 -0.00973225 -0.0486431 0.998769 1.33299
0.0179876 -0.998812 -0.0452947 19.6505 0.999753 0.0173761 0.0138588 -15.8431 -0.0130553 -0.0455328 0.998878 1.22411
0.0139006 -0.998563 -0.0517632 17.3923 0.999876 0.0134992 0.00809492 -15.7179 -0.00738452 -0.0518693 0.998627 1.13138
0.0106139 -0.998415 -0.0552619 15.2685 0.999869 0.00992202 0.0127783 -15.6148 -0.0122097 -0.0553903 0.99839 0.876402
0.00795744 -0.998519 -0.053826 13.329 0.999936 0.00751556 0.00840639 -15.4562 -0.00798941 -0.0538894 0.998515 0.906908
0.00491354 -0.998265 -0.0586803 11.4121 0.999868 0.00399596 0.0157427 -15.3341 -0.0154809 -0.05875 0.998153 0.818562
0.00335928 -0.998012 -0.0629341 9.14875 0.999929 0.00263407 0.0116033 -15.1653 -0.0114144 -0.0629686 0.99795 0.686404
0.0259318 -0.997274 -0.069078 7.01046 0.999632 0.0253171 0.00975953 -15.0346 -0.00798408 -0.0693056 0.997563 0.51109
0.107495 -0.991594 -0.0720171 4.91857 0.994197 0.106907 0.011979 -14.723 -0.00417917 -0.0728868 0.997331 0.237433
0.231911 -0.970561 -0.065028 3.24961 0.972708 0.231897 0.00786275 -14.2104 0.00744855 -0.0650768 0.997852 0.254063
0.397203 -0.91515 -0.0687732 1.79462 0.917142 0.398516 -0.00596817 -13.5731 0.032869 -0.0607043 0.997615 0.223628
0.568628 -0.818995 -0.0768713 0.45138 0.821336 0.570441 -0.00200567 -12.6939 0.0454931 -0.0619967 0.997039 0.215861
0.729814 -0.677146 -0.0940508 -0.606312 0.679808 0.733373 -0.00496691 -11.616 0.0723377 -0.0603116 0.995555 0.223781
0.883575 -0.458297 -0.0962211 -1.4605 0.459653 0.888054 -0.00888426 -10.1674 0.0895212 -0.0363784 0.99532 0.144859
0.981195 -0.167469 -0.0959753 -1.87701 0.16679 0.985877 -0.015111 -8.4003 0.0971505 -0.00118091 0.995269 0.136056
0.991313 0.0938966 -0.0921023 -1.77411 -0.0971167 0.994786 -0.0311166 -6.48037 0.0887004 0.039791 0.995263 0.166322
0.979123 0.179615 -0.0951706 -1.44496 -0.183289 0.98256 -0.0313096 -4.56878 0.0878872 0.0480996 0.994968 0.216466
0.983397 0.158201 -0.0888953 -1.13014 -0.161517 0.986371 -0.031392 -2.89723 0.0827174 0.0452289 0.995546 0.218104
0.992566 0.0926892 -0.0788715 -0.856217 -0.0958548 0.994695 -0.0373362 -1.1108 0.0749924 0.0446188 0.996185 0.17865
0.996719 0.0108561 -0.0802039 -0.673709 -0.0137753 0.999259 -0.0359337 0.837785 0.0797544 0.0369206 0.996131 0.189805
0.99466 -0.0692348 -0.076532 -0.605745 0.0662351 0.996959 -0.0410655 2.97154 0.0791424 0.0357771 0.996221 0.138857
0.989945 -0.114717 -0.0827545 -0.687368 0.111491 0.992851 -0.0426198 4.90102 0.0870521 0.0329648 0.995658 0.331063
0.988566 -0.132524 -0.0719352 -0.843379 0.129435 0.990518 -0.0460519 6.87904 0.0773561 0.0362145 0.996346 0.46379
0.986056 -0.134548 -0.0979271 -1.02039 0.131694 0.99067 -0.0350756 8.89418 0.101733 0.02169 0.994575 0.669146
0.987319 -0.129831 -0.0913507 -1.19988 0.128431 0.991495 -0.0210723 10.9789 0.0933096 0.0090728 0.995596 0.72381
0.989106 -0.108492 -0.0994911 -1.29119 0.107156 0.994066 -0.0186993 13.0607 0.100929 0.00783459 0.994863 0.761182
0.991352 -0.075091 -0.107621 -1.36533 0.0737441 0.997142 -0.0164465 15.1848 0.108549 0.00836783 0.994056 0.770769
0.991712 -0.0404778 -0.121937 -1.31884 0.038621 0.9991 -0.0175532 17.3524 0.122538 0.0126984 0.992383 0.654677
0.989674 -0.00818378 -0.143103 -1.19306 0.00514778 0.999754 -0.0215729 19.5075 0.143244 0.0206135 0.989473 0.438719
0.988418 0.0201418 -0.150416 -1.12033 -0.0228838 0.999602 -0.0165209 21.7063 0.150023 0.0197717 0.988485 0.66803
0.985841 0.0373788 -0.163465 -0.973898 -0.0401888 0.999095 -0.0139155 23.867 0.162797 0.0202879 0.986451 0.794251
0.989339 0.0438337 -0.138878 -0.771419 -0.0456829 0.998904 -0.0101541 26.1341 0.138281 0.0163902 0.990257 0.749156
0.987504 0.0449747 -0.151039 -0.556208 -0.0470013 0.998846 -0.00987296 28.3301 0.15042 0.0168486 0.988479 0.67128
0.987477 0.0430536 -0.151777 -0.301923 -0.0458264 0.99884 -0.014817 30.6604 0.150963 0.0215868 0.988304 0.50033
0.986117 0.0388104 -0.161451 -0.161349 -0.0416655 0.999029 -0.014335 32.9212 0.160737 0.0208629 0.986777 0.748128
0.985907 0.034428 -0.163715 0.0369105 -0.0347545 0.999395 0.000870151 35.2295 0.163646 0.00483194 0.986507 0.825966
0.985194 0.0257313 -0.169501 0.173595 -0.0259426 0.999663 0.000968257 37.5683 0.169469 0.00344339 0.985529 0.846457
0.985044 0.0184756 -0.171308 0.363559 -0.0183096 0.999829 0.00254907 39.9724 0.171326 0.000625634 0.985214 0.779811
0.98439 0.0115584 -0.175623 0.528075 -0.0120184 0.999927 -0.00155558 42.3968 0.175592 0.003642 0.984456 0.70617
0.984754 0.00382136 -0.173913 0.677973 -0.00541532 0.999948 -0.00869164 44.8628 0.173871 0.00950092 0.984723 0.5017
0.982915 -0.00490109 -0.183997 0.750304 0.00307399 0.999943 -0.010214 47.2551 0.184037 0.00947385 0.982874 0.711436
0.983685 -0.00880146 -0.179681 0.844718 0.00894071 0.99996 -3.48902e-05 49.6415 0.179674 -0.00157216 0.983725 0.725303
0.985918 -0.0119527 -0.166804 0.951068 0.0122 0.999925 0.000458353 51.9434 0.166786 -0.00248692 0.98599 0.745634
0.985897 -0.0157457 -0.166611 1.02333 0.0160748 0.999871 0.000626649 54.2518 0.16658 -0.00329605 0.986022 0.735898
0.984244 -0.018335 -0.175864 1.07693 0.0180992 0.999832 -0.00294513 56.5943 0.175888 -0.000284259 0.98441 0.642283
0.983222 -0.019233 -0.181397 1.12924 0.0182911 0.999809 -0.00686376 58.8344 0.181494 0.00343064 0.983386 0.478199
0.981983 -0.0190186 -0.188011 1.20808 0.0180354 0.999813 -0.00693888 60.9942 0.188108 0.00342301 0.982142 0.650518
0.982348 -0.0201747 -0.185971 1.25976 0.0188366 0.999782 -0.00895931 63.1383 0.186111 0.0052981 0.982514 0.759773
0.980412 -0.0189785 -0.19604 1.30407 0.0185661 0.99982 -0.00394119 65.1796 0.19608 0.000224281 0.980588 0.737517
0.978943 0.00258691 -0.204119 1.40453 -0.00243378 0.999997 0.00100122 67.6569 0.204121 -0.000483352 0.978946 0.72949
0.980389 0.0329265 -0.194303 1.52028 -0.0341232 0.999414 -0.00281437 70.0583 0.194096 0.00938942 0.980938 0.586067
0.979751 0.0519659 -0.193358 1.75142 -0.0533251 0.998576 -0.00182817 72.0282 0.192987 0.012102 0.981127 0.752361
0.980366 0.0623013 -0.187083 1.94619 -0.0640263 0.997943 -0.00318653 73.9598 0.1865 0.0151022 0.982339 0.817344
0.981005 0.0678369 -0.181733 2.20111 -0.0696722 0.997563 -0.00372633 75.9939 0.181037 0.0163173 0.983341 0.821664
0.982613 0.0671974 -0.173079 2.41556 -0.0686333 0.997639 -0.00231834 77.9472 0.172515 0.014157 0.984905 0.797864
0.983461 0.0691632 -0.167391 2.6674 -0.0686059 0.997602 0.00911678 80.0983 0.167621 0.00251805 0.985848 0.622637
0.983021 0.0672516 -0.170724 2.91449 -0.0672774 0.997718 0.00564109 82.1736 0.170714 0.00594058 0.985303 0.760835
0.985539 0.0645273 -0.156684 3.15879 -0.0658985 0.99782 -0.00356747 84.3758 0.156113 0.0138412 0.987642 0.872405
0.985579 0.0589362 -0.158621 3.42574 -0.0597617 0.998213 -0.000434748 86.5726 0.158312 0.00990795 0.987339 0.897078
0.986694 0.0474848 -0.155501 3.61608 -0.0485805 0.998814 -0.00325154 88.8262 0.155162 0.0107626 0.98783 0.841473
0.986198 0.0389168 -0.160934 3.82482 -0.0401741 0.999182 -0.00456465 91.0956 0.160625 0.010967 0.986955 0.734274
0.987044 0.029536 -0.157708 4.02149 -0.031122 0.999487 -0.00759608 93.4674 0.157403 0.0124059 0.987457 0.944345
0.988658 0.0239698 -0.148262 4.18499 -0.0228563 0.999696 0.00920994 95.8052 0.148438 -0.00571674 0.988905 0.948487
0.988461 0.0162134 -0.150606 4.35067 -0.0149258 0.999842 0.00967619 98.1575 0.150739 -0.00731662 0.988546 0.985308
0.989233 0.00794499 -0.14613 4.48373 -0.00668797 0.999936 0.00909139 100.633 0.146193 -0.0080162 0.989224 0.976608
0.989672 0.0028432 -0.14332 4.58086 -0.00152799 0.999956 0.00928588 103.167 0.143341 -0.00897099 0.989633 0.90798
0.990377 -0.00145031 -0.138388 4.70863 0.00278449 0.999951 0.00944775 105.668 0.138367 -0.00974218 0.990333 0.796798
0.990792 -0.00217698 -0.135377 4.7888 0.0033742 0.999957 0.00861473 108.286 0.135353 -0.0089922 0.990757 0.589438
0.991831 -0.000516941 -0.127559 4.95875 0.00112754 0.999988 0.00471464 110.865 0.127555 -0.00481996 0.99182 0.719467
0.992104 0.00212135 -0.125399 5.03101 -0.00200105 0.999997 0.0010853 112.869 0.125401 -0.000825804 0.992106 0.745059
0.992943 0.00559983 -0.118457 5.12655 -0.00557726 0.999984 0.000522015 114.838 0.118459 0.000142337 0.992959 0.770131
0.993969 0.00878665 -0.109312 5.20602 -0.00892069 0.99996 -0.000737182 116.899 0.109302 0.00170788 0.994007 0.714059
0.993454 0.0078665 -0.113965 5.32303 -0.00685995 0.999934 0.00922155 118.909 0.11403 -0.00837939 0.993442 0.518168
0.993923 0.00676734 -0.109868 5.40288 -0.00625339 0.999968 0.00502176 120.967 0.109898 -0.00430419 0.993933 0.626073
0.994717 0.00667821 -0.102438 5.54037 -0.00643495 0.999976 0.002705 122.976 0.102453 -0.00203153 0.994736 0.68205
0.995509 0.00564524 -0.0944949 5.64759 -0.00501989 0.999964 0.00685427 125.066 0.0945302 -0.00634914 0.995502 0.695921
0.996713 0.00687745 -0.0807212 5.76067 -0.00547681 0.999831 0.0175601 127.184 0.0808283 -0.0170603 0.996582 0.589202
0.99695 0.0070006 -0.0777328 5.8548 -0.00746236 0.999956 -0.0056514 129.816 0.0776899 0.00621423 0.996958 0.484861
0.99727 0.0117342 -0.0729084 6.01795 -0.0113145 0.999917 0.00616787 131.823 0.0729747 -0.00532611 0.99732 0.609659
