0.0143606 -0.999669 -0.0213233 -0.00254614 0.999632 0.0148445 -0.0227141 -0.00250469 0.0230231 -0.0209892 0.999515 -0.00478538
0.014748 -0.999686 -0.0202445 0.00295034 0.999635 0.0151993 -0.022321 -0.0090066 0.0226217 -0.019908 0.999546 -0.00496678
0.0151517 -0.99973 -0.0176194 0.0129791 0.999645 0.0155318 -0.0216438 -0.0214478 0.0219116 -0.0172852 0.99961 -0.00413477
0.0153389 -0.999806 -0.0123134 0.0330516 0.999686 0.0155789 -0.0196335 -0.0493742 0.0198216 -0.0120083 0.999731 -0.00444159
0.0156133 -0.999865 -0.00500957 0.0678711 0.99974 0.0156943 -0.0165596 -0.0986096 0.016636 -0.00474972 0.99985 -0.00776797
0.0159632 -0.999867 0.00344423 0.118937 0.999797 0.0159195 -0.0123457 -0.170995 0.0122892 0.00364061 0.999918 -0.0158581
0.0159626 -0.999805 0.0116092 0.182005 0.999842 0.0158696 -0.00806031 -0.255572 0.00787451 0.011736 0.9999 -0.0285301
0.0161299 -0.999723 0.0171542 0.252131 0.999861 0.0160565 -0.00440959 -0.339319 0.00413293 0.017223 0.999843 -0.0451848
0.0161572 -0.999677 0.0196129 0.321856 0.999868 0.0161265 -0.00172224 -0.408857 0.00140539 0.0196382 0.999806 -0.0642655
0.0154559 -0.999687 0.0196614 0.380657 0.99988 0.0154299 -0.00147391 -0.46218 0.00117008 0.0196818 0.999806 -0.0806759
0.0146214 -0.999737 0.0176579 0.426448 0.999887 0.0145582 -0.00369876 -0.500337 0.00344072 0.01771 0.999837 -0.0931852
0.0133563 -0.999805 0.0145096 0.454859 0.999876 0.0132334 -0.00853129 -0.526544 0.00833762 0.0146217 0.999858 -0.100789
0.0115924 -0.999882 0.0100314 0.465703 0.999802 0.0114282 -0.0162656 -0.539523 0.0161491 0.010218 0.999817 -0.100285
0.00965557 -0.999945 0.00419924 0.463265 0.999623 0.00954428 -0.0257559 -0.539066 0.0257144 0.00444634 0.999659 -0.0944208
0.00689529 -0.999973 -0.00254425 0.452359 0.999343 0.00698139 -0.0355534 -0.524353 0.0355702 -0.00229743 0.999365 -0.0839296
0.0033713 -0.99995 -0.00942629 0.436064 0.998979 0.00379232 -0.0450111 -0.497413 0.0450446 -0.00926492 0.998942 -0.072169
-0.000552401 -0.999874 -0.0158555 0.414868 0.998556 0.000300005 -0.0537097 -0.461845 0.0537077 -0.0158623 0.998431 -0.0616889
-0.00510834 -0.999749 -0.0217969 0.391284 0.998108 -0.00376209 -0.061364 -0.41811 0.0612666 -0.0220692 0.997877 -0.0535238
-0.0100788 -0.999591 -0.0267619 0.367498 0.997713 -0.00826386 -0.0670851 -0.37195 0.0668365 -0.0273769 0.997388 -0.0476422
-0.015542 -0.999426 -0.030109 0.346298 0.997375 -0.0133663 -0.07116 -0.323961 0.0707166 -0.031136 0.99701 -0.0462808
-0.0216637 -0.999231 -0.0326826 0.326793 0.997107 -0.0192124 -0.0735395 -0.274947 0.0728551 -0.0341812 0.996757 -0.0493455
-0.0292901 -0.998995 -0.0339256 0.30343 0.996817 -0.0266748 -0.0751298 -0.227441 0.0741493 -0.0360182 0.996597 -0.0573264
-0.0379182 -0.998696 -0.0341784 0.279419 0.996514 -0.0352476 -0.0756158 -0.180317 0.0743125 -0.0369265 0.996551 -0.0675762
-0.0472199 -0.998285 -0.0345952 0.257393 0.99617 -0.0445119 -0.0752545 -0.12944 0.0735856 -0.0380162 0.996564 -0.0752937
-0.0573582 -0.997749 -0.0347353 0.235516 0.995726 -0.0546498 -0.0744575 -0.0766366 0.0723916 -0.0388576 0.996619 -0.0793252
-0.0681131 -0.997081 -0.0344884 0.215178 0.995206 -0.0654723 -0.0726456 -0.0211455 0.0701755 -0.0392712 0.996761 -0.0809665
-0.0793102 -0.996276 -0.033834 0.196864 0.994519 -0.0767597 -0.0709875 0.0331554 0.0681261 -0.0392786 0.996903 -0.0783261
-0.0911425 -0.9953 -0.0327318 0.183492 0.99371 -0.0887513 -0.068287 0.086306 0.0650611 -0.0387497 0.997129 -0.0737697
-0.102585 -0.994233 -0.0312598 0.17252 0.992766 -0.100362 -0.0658978 0.140752 0.0623805 -0.0377938 0.997337 -0.0711787
-0.11365 -0.993101 -0.0288876 0.166796 0.991732 -0.111653 -0.0632498 0.194898 0.059588 -0.0358371 0.99758 -0.0701966
-0.123639 -0.991981 -0.0262007 0.166811 0.990734 -0.121902 -0.0598808 0.248675 0.0562067 -0.0333615 0.997862 -0.0706708
-0.133211 -0.990808 -0.0235494 0.170539 0.989691 -0.131724 -0.0562231 0.300224 0.0526043 -0.0307962 0.998141 -0.0689324
-0.140907 -0.989784 -0.0217174 0.176249 0.988768 -0.13959 -0.0534069 0.350392 0.0498297 -0.0289989 0.998337 -0.0652441
-0.144164 -0.98928 -0.0232847 0.182892 0.988331 -0.142777 -0.0530612 0.391935 0.0491679 -0.0306625 0.99832 -0.0618681
-0.146189 -0.988881 -0.027267 0.199087 0.988198 -0.144702 -0.0502603 0.421729 0.0457559 -0.0342927 0.998364 -0.0642004
-0.147544 -0.988622 -0.0292719 0.221669 0.988177 -0.146101 -0.0464849 0.439877 0.0416793 -0.0357844 0.99849 -0.069546
-0.146867 -0.988757 -0.0280841 0.243594 0.988454 -0.145634 -0.0418241 0.448404 0.0372639 -0.0339024 0.99873 -0.0711286
-0.147015 -0.988784 -0.0263304 0.255498 0.988483 -0.1459 -0.0401883 0.455933 0.0358959 -0.0319354 0.998845 -0.0707664
-0.147007 -0.988827 -0.0246971 0.254316 0.988431 -0.145914 -0.041384 0.458948 0.0373179 -0.0304951 0.998838 -0.0688109
-0.146516 -0.988942 -0.0229397 0.243585 0.98839 -0.145412 -0.0440474 0.457621 0.0402247 -0.029127 0.998766 -0.0655888
-0.146562 -0.988968 -0.0215001 0.233436 0.988337 -0.145491 -0.0449605 0.456581 0.0413364 -0.0278388 0.998757 -0.0630347
-0.146246 -0.989046 -0.0200186 0.225968 0.988357 -0.145225 -0.0453856 0.45434 0.0419812 -0.026423 0.998769 -0.0617531
-0.146031 -0.989103 -0.018685 0.222206 0.988375 -0.145063 -0.0455097 0.449095 0.0423033 -0.0251136 0.998789 -0.0624906
-0.145885 -0.989151 -0.0172698 0.223448 0.988395 -0.144982 -0.0453458 0.444874 0.04235 -0.0236847 0.998822 -0.060219
-0.145425 -0.989237 -0.0161793 0.22827 0.988465 -0.144574 -0.045109 0.441816 0.0422844 -0.0225527 0.998851 -0.0566068
-0.145597 -0.989219 -0.0156967 0.232482 0.988463 -0.14478 -0.044497 0.43926 0.0417447 -0.0219942 0.998886 -0.0504074
-0.145291 -0.989271 -0.0152799 0.231134 0.988498 -0.144487 -0.0446741 0.436042 0.041987 -0.0215949 0.998885 -0.048666
-0.145318 -0.989277 -0.0146428 0.225964 0.988469 -0.144531 -0.0451637 0.434139 0.0425631 -0.0210371 0.998872 -0.0489668
-0.145159 -0.989305 -0.0143181 0.220738 0.988477 -0.144379 -0.0454624 0.434349 0.042909 -0.0207524 0.998863 -0.0482561
-0.144978 -0.989334 -0.0140967 0.218235 0.988493 -0.144204 -0.04568 0.436319 0.04316 -0.0205571 0.998857 -0.0456831
-0.144967 -0.989338 -0.0139827 0.21913 0.988512 -0.144206 -0.0452618 0.437724 0.0427628 -0.0203835 0.998877 -0.0419841
-0.144908 -0.989351 -0.0136064 0.220313 0.988521 -0.144165 -0.0452027 0.437856 0.0427598 -0.0200005 0.998885 -0.0387515
-0.14511 -0.989328 -0.0131823 0.221689 0.988498 -0.144389 -0.0449785 0.437045 0.0425951 -0.0195575 0.998901 -0.0355081
-0.144851 -0.98937 -0.012832 0.22192 0.988542 -0.144149 -0.0447826 0.437348 0.0424568 -0.0191718 0.998914 -0.0319239
-0.144749 -0.989386 -0.0127557 0.224671 0.988564 -0.144054 -0.0445974 0.439005 0.0422866 -0.0190652 0.998924 -0.0276549
-0.144745 -0.989386 -0.0128191 0.230115 0.988604 -0.144065 -0.0436814 0.44215 0.041371 -0.0189957 0.998963 -0.0230808
-0.145432 -0.989299 -0.0117179 0.228676 0.988494 -0.144795 -0.0437441 0.443848 0.0415793 -0.0179449 0.998974 -0.0178828
-0.145483 -0.989303 -0.0106702 0.223536 0.988472 -0.144887 -0.0439507 0.44361 0.0419346 -0.0169413 0.998977 -0.0122834
-0.145668 -0.989277 -0.0105442 0.217348 0.988446 -0.145078 -0.0439079 0.444394 0.0419074 -0.0168184 0.99898 -0.00628106
-0.146721 -0.98913 -0.00976978 0.210465 0.98828 -0.14616 -0.0440542 0.447645 0.0421473 -0.0161189 0.998981 -0.00176897
-0.14785 -0.988964 -0.00947056 0.19996 0.98809 -0.147293 -0.0445273 0.454609 0.042641 -0.0159411 0.998963 0.000806788
-0.149319 -0.988745 -0.00928433 0.187242 0.987843 -0.148759 -0.0451392 0.46673 0.04325 -0.0159116 0.998938 0.000204284
-0.151162 -0.988462 -0.00966924 0.175133 0.987551 -0.150578 -0.0454817 0.480968 0.0435009 -0.016424 0.998918 -0.00188668
-0.153067 -0.988172 -0.00926661 0.165543 0.98727 -0.152504 -0.0451675 0.49648 0.0432201 -0.0160623 0.998937 -0.00281792
-0.155568 -0.987783 -0.00908364 0.159697 0.986911 -0.155022 -0.0444326 0.513433 0.0424816 -0.015877 0.998971 -0.00370711
-0.158625 -0.987295 -0.00926527 0.154945 0.986481 -0.158089 -0.0431574 0.5328 0.0411443 -0.0159859 0.999025 -0.00829701
-0.162487 -0.986668 -0.00922327 0.150385 0.985918 -0.161975 -0.0415902 0.556399 0.0395417 -0.0158512 0.999092 -0.019305
-0.167142 -0.985891 -0.00909203 0.144835 0.985199 -0.166655 -0.0401181 0.5806 0.0380368 -0.0156629 0.999154 -0.0348241
-0.17243 -0.984983 -0.00875214 0.137681 0.98432 -0.171965 -0.0392658 0.608127 0.037171 -0.0153855 0.999191 -0.0507567
-0.178236 -0.983952 -0.00837983 0.130075 0.983319 -0.177795 -0.0383704 0.639331 0.0362647 -0.015079 0.999228 -0.0628144
-0.185356 -0.982645 -0.0071275 0.115889 0.98205 -0.184977 -0.0368958 0.671103 0.0349371 -0.0138384 0.999294 -0.069085
-0.194009 -0.98098 -0.00620427 0.0995992 0.980429 -0.193676 -0.0353332 0.704144 0.0334595 -0.0129378 0.999356 -0.0690629
-0.204151 -0.978923 -0.00563671 0.0798397 0.978427 -0.203854 -0.0335366 0.739955 0.0316807 -0.0123616 0.999422 -0.0668225
-0.217173 -0.976123 -0.00453313 0.0528578 0.975658 -0.21692 -0.0322175 0.779291 0.0304649 -0.0114196 0.999471 -0.0668465
-0.232255 -0.972649 -0.00322128 0.0184561 0.972191 -0.232041 -0.0316577 0.825337 0.0300443 -0.0104844 0.999494 -0.0695454
-0.249878 -0.968275 -0.00217799 -0.0203578 0.967816 -0.249689 -0.0314217 0.87942 0.029881 -0.00995947 0.999504 -0.074774
-0.269859 -0.962899 -0.000986297 -0.0608761 0.962443 -0.269699 -0.0310776 0.94526 0.0296586 -0.00933583 0.999516 -0.0809274
-0.291275 -0.956639 9.00067e-05 -0.102571 0.956185 -0.29114 -0.0307852 1.02426 0.0294766 -0.0088809 0.999526 -0.0846756
-0.313784 -0.949493 0.00142197 -0.145462 0.949055 -0.313684 -0.0299514 1.11528 0.0288847 -0.00804876 0.99955 -0.082646
-0.335416 -0.942064 0.0033542 -0.186352 0.941616 -0.335362 -0.0298586 1.21537 0.0292536 -0.00685665 0.999549 -0.0753446
-0.352975 -0.935615 0.0057161 -0.217221 0.935158 -0.352984 -0.0296964 1.32884 0.0298021 -0.00513662 0.999543 -0.0692672
-0.365759 -0.930694 0.0054706 -0.246867 0.930308 -0.365767 -0.0272394 1.46497 0.0273525 -0.0048737 0.999614 -0.0753728
-0.376874 -0.926256 0.00391619 -0.276922 0.925998 -0.376864 -0.0223846 1.61901 0.0222098 -0.00480979 0.999742 -0.0908907
-0.384517 -0.923112 0.00328922 -0.317693 0.922918 -0.384506 -0.0194218 1.78064 0.0191932 -0.00443234 0.999806 -0.102514
-0.387809 -0.921735 0.00303222 -0.369148 0.921517 -0.387786 -0.0206749 1.9471 0.0202326 -0.00522365 0.999782 -0.109034
-0.388104 -0.921611 0.00303535 -0.420226 0.921372 -0.388075 -0.0217062 2.11608 0.0211826 -0.00562759 0.99976 -0.115966
-0.383349 -0.923595 0.00389848 -0.46575 0.923359 -0.383342 -0.0213731 2.28693 0.0212345 -0.00459367 0.999764 -0.125006
-0.374631 -0.927167 0.00341264 -0.503168 0.926978 -0.374625 -0.0191744 2.46297 0.0190564 -0.0040199 0.99981 -0.13454
-0.365499 -0.930807 0.0029512 -0.538354 0.930664 -0.365495 -0.0166363 2.64666 0.0165639 -0.00333398 0.999857 -0.143294
-0.352415 -0.935838 0.00312683 -0.576138 0.935698 -0.352417 -0.0164644 2.83829 0.01651 -0.00287654 0.99986 -0.148291
-0.334771 -0.942295 0.00275286 -0.61391 0.942141 -0.334766 -0.0173535 3.0366 0.0172737 -0.00321585 0.999846 -0.151418
-0.316443 -0.948609 0.00221805 -0.64776 0.94848 -0.316437 -0.0159316 3.24153 0.0158147 -0.00293766 0.999871 -0.1543
-0.297362 -0.95476 0.00312874 -0.679924 0.954661 -0.297376 -0.0137949 3.45132 0.0141012 -0.0011152 0.9999 -0.155622
-0.277673 -0.96067 0.00314078 -0.72157 0.960576 -0.27769 -0.0135031 3.66922 0.0138442 -0.000732502 0.999904 -0.155519
-0.259197 -0.965814 0.00447145 -0.769479 0.965718 -0.259235 -0.0136122 3.89234 0.014306 0.000789922 0.999897 -0.151992
-0.242034 -0.970258 0.00433345 -0.821913 0.970136 -0.242072 -0.0154011 4.12255 0.015992 0.000476452 0.999872 -0.142618
-0.22566 -0.974192 0.00516796 -0.876492 0.974048 -0.225716 -0.0168309 4.3605 0.017563 0.00123578 0.999845 -0.12659
-0.211984 -0.977248 0.00697658 -0.931068 0.977063 -0.212081 -0.0192215 4.60821 0.0202638 0.00274191 0.999791 -0.106724
-0.199431 -0.979881 0.0077191 -0.97404 0.979721 -0.199541 -0.0181406 4.86181 0.0193159 0.00394477 0.999806 -0.0844542
-0.188304 -0.982073 0.00859313 -1.00816 0.981937 -0.188428 -0.0171504 5.12246 0.0184621 0.00520842 0.999816 -0.0618518
-0.178854 -0.983839 0.00843428 -1.04537 0.983685 -0.178982 -0.018142 5.39322 0.0193584 0.0050519 0.9998 -0.0468766
-0.170832 -0.985278 0.00665988 -1.08389 0.985072 -0.170934 -0.020382 5.67628 0.0212203 0.00307858 0.99977 -0.0382936
-0.161725 -0.986829 0.00366303 -1.12393 0.986587 -0.161767 -0.0218478 5.96938 0.0221526 8.05482e-05 0.999755 -0.0285929
-0.153382 -0.988162 0.00320808 -1.16108 0.987888 -0.153415 -0.0232561 6.26707 0.0234729 -0.000397827 0.999724 -0.0207206
-0.145116 -0.989407 0.00393119 -1.19957 0.989069 -0.145169 -0.0258528 6.56899 0.0261497 0.000136571 0.999658 -0.0132107
-0.13643 -0.990647 0.00217682 -1.23699 0.990249 -0.136437 -0.0281398 6.87962 0.0281736 -0.00168351 0.999602 -0.00792196
-0.12803 -0.99177 0.000614665 -1.27067 0.991297 -0.127988 -0.0308152 7.1959 0.0306403 -0.00333597 0.999525 -0.00307767
-0.120322 -0.992735 -0.000354158 -1.29777 0.992253 -0.120253 -0.0312089 7.51762 0.0309396 -0.00410654 0.999513 0.00143543
-0.113299 -0.993559 -0.00170508 -1.32167 0.993083 -0.113191 -0.0312164 7.84945 0.0308223 -0.00523007 0.999511 0.00792267
-0.107825 -0.994169 -0.000994822 -1.34432 0.993733 -0.107748 -0.029751 8.18882 0.0294704 -0.00419649 0.999557 0.0118451
-0.104858 -0.994487 0.000560956 -1.36709 0.994055 -0.104829 -0.0294195 8.53273 0.0293161 -0.00252724 0.999567 0.0150539
-0.101403 -0.994844 -0.0016222 -1.39069 0.994435 -0.101315 -0.0288951 8.88603 0.0285818 -0.00454324 0.999581 0.0219782
-0.0983861 -0.995143 -0.00318362 -1.41346 0.9947 -0.0982453 -0.030323 9.2512 0.0298629 -0.00615011 0.999535 0.0257927
-0.0961703 -0.995353 -0.0049431 -1.43637 0.994861 -0.0959625 -0.0322987 9.62503 0.0316742 -0.00802387 0.999466 0.024054
-0.0927992 -0.995663 -0.00654283 -1.45821 0.995169 -0.0925378 -0.0327826 10.001 0.032035 -0.00955342 0.999441 0.0200867
-0.0888582 -0.996017 -0.00740288 -1.47371 0.995556 -0.0885797 -0.0319515 10.3862 0.0311685 -0.0102091 0.999462 0.016929
-0.0846125 -0.99637 -0.00933803 -1.48973 0.995911 -0.0842685 -0.0325544 10.7798 0.0316494 -0.0120544 0.999426 0.0154192
-0.0800811 -0.996731 -0.0106517 -1.50698 0.996212 -0.0796668 -0.0348651 11.1825 0.0339026 -0.0134033 0.999335 0.015271
-0.075321 -0.997116 -0.00929103 -1.52232 0.996573 -0.074954 -0.0349846 11.5895 0.0341873 -0.0118943 0.999345 0.01913
-0.0711612 -0.997434 -0.00786034 -1.53445 0.996936 -0.0708646 -0.0331281 12.0039 0.0324861 -0.0101937 0.99942 0.024689
-0.0664703 -0.997768 -0.00635501 -1.54135 0.997336 -0.0662471 -0.030532 12.4256 0.0300429 -0.00836755 0.999514 0.0319833
-0.0623455 -0.99804 -0.00543725 -1.54759 0.997659 -0.0621666 -0.0284734 12.8556 0.0280796 -0.00719972 0.99958 0.0390951
-0.0562664 -0.998409 -0.00366771 -1.55534 0.997989 -0.0561345 -0.0294527 13.3113 0.0291999 -0.00531752 0.99956 0.0445791
-0.0514658 -0.99867 -0.00293639 -1.56405 0.99814 -0.0513419 -0.0328723 13.7256 0.0326778 -0.00462273 0.999455 0.046721
-0.0469323 -0.998876 -0.00658519 -1.57114 0.998288 -0.0466724 -0.0352452 14.1758 0.0348983 -0.00822806 0.999357 0.0514856
-0.0419223 -0.999094 -0.00725414 -1.57228 0.998534 -0.0416478 -0.0345743 14.6303 0.0342409 -0.00869294 0.999376 0.0543719
-0.0366316 -0.999293 -0.00848125 -1.56537 0.998844 -0.0363483 -0.0314454 15.0864 0.0311149 -0.00962335 0.99947 0.0609421
-0.0309435 -0.99949 -0.0079384 -1.55299 0.999126 -0.0307072 -0.0283465 15.545 0.0280883 -0.00880861 0.999567 0.0700235
-0.0254731 -0.999659 -0.00564393 -1.54151 0.999297 -0.0253077 -0.0276633 16.0041 0.0275111 -0.00634463 0.999601 0.0832833
-0.0200132 -0.999779 -0.00637612 -1.52966 0.99939 -0.0198221 -0.0287487 16.466 0.028616 -0.00694758 0.999566 0.0911701
-0.0162648 -0.999848 -0.00630222 -1.51825 0.999412 -0.0160667 -0.0302984 16.9333 0.0301926 -0.00679131 0.999521 0.0971712
-0.0141722 -0.999887 -0.00505911 -1.51073 0.999398 -0.0140048 -0.0317304 17.4042 0.031656 -0.00550576 0.999484 0.105277
-0.0126759 -0.999912 -0.0037662 -1.50212 0.999452 -0.0125547 -0.0306232 17.8836 0.0305733 -0.00415231 0.999524 0.115028
-0.0108095 -0.999922 -0.00619087 -1.48951 0.99949 -0.0106184 -0.0301119 18.3756 0.0300438 -0.00651321 0.999527 0.123669
-0.0086254 -0.999931 -0.00801268 -1.47537 0.999528 -0.008385 -0.0295687 18.8728 0.0294994 -0.00826393 0.999531 0.1258
-0.00711401 -0.99993 -0.00948189 -1.45955 0.999522 -0.00682515 -0.0301587 19.376 0.0300919 -0.00969191 0.9995 0.123255
-0.00496175 -0.999925 -0.0112285 -1.44696 0.999431 -0.00458399 -0.0334245 19.8777 0.0333705 -0.011388 0.999378 0.123311
-0.00299186 -0.999912 -0.0129094 -1.42967 0.999404 -0.0025461 -0.0344105 20.3807 0.0343746 -0.0130047 0.999324 0.1244
-0.00155667 -0.999916 -0.0128875 -1.40589 0.9994 -0.00110966 -0.0346221 20.8806 0.0346049 -0.0129337 0.999317 0.123514
0.00156764 -0.999919 -0.012643 -1.37734 0.99946 0.00198148 -0.0327884 21.3807 0.0328108 -0.0125847 0.999382 0.124801
0.0039467 -0.99993 -0.011177 -1.34857 0.99944 0.0043157 -0.0331869 21.8791 0.0332328 -0.0110398 0.999387 0.128275
0.00590146 -0.999922 -0.0109619 -1.32455 0.999382 0.0062774 -0.0345855 22.3749 0.0346517 -0.010751 0.999342 0.130345
0.00859756 -0.999907 -0.0106075 -1.30335 0.999309 0.008975 -0.0360662 22.8706 0.036158 -0.0102901 0.999293 0.129463
0.0103826 -0.999905 -0.00906561 -1.28491 0.999212 0.0107218 -0.0382125 23.3612 0.0383061 -0.00866172 0.999229 0.127776
0.0119898 -0.999899 -0.00761495 -1.26482 0.999217 0.012268 -0.0376066 23.8458 0.0376962 -0.0071581 0.999264 0.128039
0.0137261 -0.999854 -0.0101866 -1.24012 0.999246 0.0140863 -0.0361725 24.3285 0.0363107 -0.00968247 0.999294 0.131068
0.016001 -0.999798 -0.012133 -1.2098 0.99933 0.0163906 -0.0327271 24.8085 0.0329194 -0.0116013 0.999391 0.135789
0.0179346 -0.999778 -0.0110725 -1.18119 0.999331 0.0182773 -0.0316708 25.2812 0.0318661 -0.010497 0.999437 0.137402
0.0198434 -0.999728 -0.0122362 -1.1579 0.999194 0.020257 -0.0346655 25.7505 0.0349039 -0.0115384 0.999324 0.139067
0.0219013 -0.999662 -0.0139701 -1.13699 0.999005 0.0224255 -0.0385452 26.2146 0.0388454 -0.013112 0.999159 0.140221
0.0221975 -0.999662 -0.0135321 -1.11467 0.998965 0.0227155 -0.0394163 26.6755 0.0397103 -0.0126431 0.999131 0.139263
0.0219887 -0.999686 -0.0119937 -1.08485 0.99911 0.0224049 -0.0357488 27.126 0.0360063 -0.011197 0.999289 0.142975
0.0216426 -0.999695 -0.0118572 -1.05358 0.999267 0.0220049 -0.0313287 27.5734 0.0315801 -0.0111704 0.999439 0.151702
0.0222192 -0.999681 -0.0119609 -1.02777 0.999213 0.0225987 -0.0325897 28.0191 0.0328496 -0.0112274 0.999397 0.160585
0.0218672 -0.9997 -0.0110014 -1.00671 0.999048 0.0222657 -0.0375148 28.468 0.0377485 -0.0101706 0.999236 0.164657
0.0206925 -0.999716 -0.011775 -0.983341 0.999058 0.0211253 -0.0379062 28.9204 0.0381442 -0.0109795 0.999212 0.168875
0.0203062 -0.999728 -0.0114252 -0.954295 0.999174 0.0206947 -0.0349819 29.3696 0.0352088 -0.0107054 0.999323 0.169155
0.0201166 -0.999719 -0.012564 -0.92057 0.999276 0.0205105 -0.0320517 29.8159 0.0323004 -0.0119101 0.999407 0.169668
0.0191327 -0.999722 -0.0137508 -0.886584 0.999375 0.0195314 -0.0294771 30.2572 0.0297375 -0.0131782 0.999471 0.170658
0.0186358 -0.999728 -0.0140487 -0.85904 0.9993 0.0190799 -0.0321666 30.6949 0.0324259 -0.0134394 0.999384 0.17248
0.0173201 -0.999766 -0.0129461 -0.8316 0.999277 0.0177471 -0.0336297 31.1288 0.0338516 -0.0123542 0.999351 0.174203
0.0151359 -0.999798 -0.0132181 -0.813492 0.999096 0.0156478 -0.0395314 31.5629 0.0397302 -0.0126078 0.999131 0.175318
0.0135946 -0.999846 -0.0111194 -0.78958 0.999125 0.0140229 -0.0393952 31.9899 0.0395451 -0.0105741 0.999162 0.176722
0.0114207 -0.999849 -0.0130682 -0.763188 0.999153 0.0119275 -0.0393868 32.4169 0.0395367 -0.0126073 0.999139 0.178664
0.00917211 -0.999856 -0.014306 -0.740912 0.999148 0.00973954 -0.0401135 32.8429 0.040247 -0.0139258 0.999093 0.179573
0.00700824 -0.999815 -0.017892 -0.724956 0.999005 0.00778825 -0.0439059 33.2739 0.0440371 -0.0175665 0.998875 0.169406
0.00446201 -0.999793 -0.0198539 -0.70867 0.998958 0.00535831 -0.0453242 33.7037 0.0454212 -0.019631 0.998775 0.15546
0.00324704 -0.999725 -0.0231993 -0.694239 0.998869 0.00434295 -0.0473467 34.1299 0.0474345 -0.0230193 0.998609 0.142276
0.00167422 -0.999674 -0.0254695 -0.682494 0.99882 0.0029079 -0.0484786 34.5521 0.0485369 -0.0253583 0.998499 0.132927
-0.000345634 -0.999689 -0.0249268 -0.671535 0.998774 0.000888864 -0.0494978 34.9687 0.0495046 -0.0249133 0.998463 0.125789
-0.00144978 -0.999709 -0.024066 -0.66111 0.998646 -0.000195851 -0.0520252 35.3846 0.0520054 -0.0241089 0.998356 0.12337
-0.0029073 -0.999765 -0.021461 -0.647506 0.998547 -0.0017475 -0.0538657 35.7963 0.0538155 -0.0215864 0.998318 0.125795
-0.00428122 -0.999812 -0.0189147 -0.632411 0.998498 -0.00324099 -0.0546895 36.2105 0.0546179 -0.0191204 0.998324 0.130878
-0.00646955 -0.999822 -0.0177328 -0.607712 0.998756 -0.00558383 -0.0495518 36.6279 0.0494439 -0.0180313 0.998614 0.134724
-0.00753194 -0.999838 -0.0163299 -0.584033 0.998861 -0.00675327 -0.0472267 37.0483 0.0471088 -0.016667 0.998751 0.132335
-0.00827223 -0.999828 -0.0165725 -0.565097 0.998833 -0.00747315 -0.0477136 37.4718 0.0475816 -0.0169479 0.998724 0.125665
-0.00936365 -0.999809 -0.0171461 -0.550249 0.998759 -0.00851229 -0.0490716 37.8957 0.0489163 -0.0175843 0.998648 0.119978
-0.0106187 -0.999744 -0.0199896 -0.535403 0.998708 -0.00961009 -0.0498941 38.3158 0.0496893 -0.0204936 0.998554 0.115976
-0.0112572 -0.999711 -0.0212611 -0.52095 0.998713 -0.0101894 -0.0496803 38.7275 0.0494493 -0.021793 0.998539 0.11102
-0.0120556 -0.999709 -0.0208731 -0.5001 0.998875 -0.0110828 -0.0461144 39.1305 0.0458697 -0.0214055 0.998718 0.107951
-0.011579 -0.999725 -0.0203992 -0.479807 0.998998 -0.0106838 -0.0434618 39.5296 0.0432319 -0.020882 0.998847 0.109661
-0.0104418 -0.999747 -0.0198999 -0.463501 0.998967 -0.00954914 -0.0444367 39.929 0.0442354 -0.0203434 0.998814 0.116271
-0.0106532 -0.999748 -0.019748 -0.451338 0.99888 -0.00972948 -0.0462945 40.3241 0.0460907 -0.0202191 0.998733 0.126263
-0.0108124 -0.999718 -0.0211519 -0.445542 0.998661 -0.00972618 -0.0508004 40.7185 0.0505803 -0.0216729 0.998485 0.133625
-0.0107588 -0.999723 -0.0209298 -0.434931 0.998556 -0.00963977 -0.05285 41.1162 0.0526337 -0.0214682 0.998383 0.13608
-0.0108614 -0.999724 -0.0208092 -0.416659 0.998628 -0.00977881 -0.0514401 41.5172 0.0512224 -0.0213394 0.998459 0.133665
-0.0100311 -0.999739 -0.0205393 -0.397578 0.998703 -0.00899138 -0.050105 41.9208 0.0499072 -0.0210153 0.998533 0.133479
-0.00899044 -0.999767 -0.0196139 -0.386344 0.998653 -0.0079748 -0.0512607 42.3193 0.0510923 -0.0200483 0.998493 0.142934
-0.00746942 -0.999783 -0.0194333 -0.374529 0.998561 -0.00642547 -0.0532396 42.7155 0.0531031 -0.019803 0.998393 0.155471
-0.0049268 -0.99984 -0.0172066 -0.365481 0.998368 -0.00393914 -0.0569704 43.1143 0.0568935 -0.0174592 0.998228 0.164193
-0.00262886 -0.999875 -0.015581 -0.34801 0.998411 -0.00174736 -0.0563227 43.5129 0.0562884 -0.0157043 0.998291 0.167196
-0.000429169 -0.99989 -0.0148295 -0.326757 0.998586 0.000359598 -0.0531473 43.9139 0.0531467 -0.0148313 0.998477 0.169031
0.00208446 -0.999905 -0.0136139 -0.298069 0.998705 0.00277368 -0.0508069 44.3182 0.0508398 -0.0134904 0.998616 0.165848
0.00417562 -0.999905 -0.0131611 -0.272607 0.998667 0.00484671 -0.0513797 44.7209 0.0514386 -0.012929 0.998593 0.158405
0.00524752 -0.999893 -0.0136726 -0.253619 0.998603 0.00595855 -0.0524951 45.1285 0.052571 -0.013378 0.998528 0.147602
0.00614567 -0.999904 -0.0123704 -0.237564 0.998461 0.00681762 -0.0550325 45.5447 0.0551116 -0.0120132 0.998408 0.14336
0.00633855 -0.999908 -0.0119726 -0.220932 0.998476 0.00698482 -0.0547343 45.9695 0.0548129 -0.0116074 0.998429 0.141998
0.0057965 -0.999888 -0.0137737 -0.203855 0.99853 0.00652978 -0.0538052 46.3997 0.0538892 -0.0134416 0.998456 0.145277
0.00544101 -0.999852 -0.0162864 -0.184151 0.998621 0.00628331 -0.0521233 46.8294 0.052218 -0.0159804 0.998508 0.14799
0.00508803 -0.999829 -0.0177858 -0.162255 0.998641 0.00600284 -0.0517669 47.2597 0.0518648 -0.0174983 0.998501 0.147176
0.00501374 -0.9998 -0.0193519 -0.136769 0.998656 0.00600443 -0.0514808 47.6904 0.0515867 -0.0190678 0.998486 0.146531
0.00495731 -0.999784 -0.0201903 -0.115284 0.99858 0.00602014 -0.0529259 48.1253 0.0530361 -0.0198992 0.998394 0.149843
0.00492453 -0.99979 -0.0198863 -0.0932068 0.998498 0.00600148 -0.0544654 48.564 0.0545733 -0.0195882 0.998318 0.150595
0.00538492 -0.999793 -0.0196227 -0.0661212 0.998464 0.00645764 -0.0550217 49.0088 0.055137 -0.0192962 0.998292 0.150984
0.00552968 -0.999807 -0.0188687 -0.039775 0.998421 0.0065749 -0.0557907 49.4603 0.0559039 -0.0185304 0.998264 0.152775
0.00485182 -0.999816 -0.0185759 -0.0140426 0.998393 0.00589195 -0.0563564 49.9177 0.0564554 -0.0182726 0.998238 0.154507
0.00466237 -0.999798 -0.0195404 0.0110867 0.998401 0.00575482 -0.0562304 50.3813 0.0563315 -0.019247 0.998227 0.156445
0.00515449 -0.999762 -0.021216 0.036411 0.998482 0.00630894 -0.0547129 50.8487 0.0548337 -0.0209018 0.998277 0.159728
0.0049451 -0.999745 -0.0220046 0.0655799 0.998556 0.00611385 -0.0533688 51.3233 0.0534897 -0.0217089 0.998332 0.157826
0.00532306 -0.999745 -0.0219363 0.0920801 0.998576 0.00647862 -0.0529492 51.8066 0.0530778 -0.0216232 0.998356 0.154997
0.00539557 -0.999743 -0.0220314 0.112125 0.998501 0.00658602 -0.0543257 52.2899 0.0544568 -0.0217053 0.99828 0.153874
0.00491061 -0.999733 -0.0225808 0.130392 0.998433 0.00616054 -0.0556224 52.7734 0.0557467 -0.0222723 0.998196 0.158125
0.00468273 -0.999724 -0.0230159 0.153322 0.99843 0.00595889 -0.055696 53.2524 0.0558178 -0.0227189 0.998183 0.160222
0.00396995 -0.999745 -0.0222456 0.18015 0.998449 0.00519812 -0.0554274 53.7361 0.0555289 -0.0219911 0.998215 0.162525
0.00414723 -0.999742 -0.0223295 0.20604 0.998494 0.00536131 -0.0545899 54.2211 0.0546955 -0.0220695 0.998259 0.163176
0.00390218 -0.999725 -0.0231041 0.23057 0.998519 0.00514914 -0.0541615 54.7086 0.0542656 -0.0228585 0.998265 0.161037
0.00326645 -0.999733 -0.0228846 0.257449 0.998591 0.00447315 -0.0528796 55.1937 0.0529679 -0.0226796 0.998339 0.162618
0.00309294 -0.99978 -0.0207588 0.282235 0.998698 0.00414518 -0.0508399 55.6746 0.0509148 -0.0205745 0.998491 0.169393
0.00316155 -0.999818 -0.0188301 0.300598 0.998561 0.00416445 -0.0534633 56.1544 0.0535319 -0.0186339 0.998392 0.176578
0.00299029 -0.999806 -0.0194615 0.316764 0.998413 0.00407934 -0.0561634 56.6348 0.0562319 -0.0192626 0.998232 0.186916
0.00247343 -0.999816 -0.0190366 0.334342 0.998352 0.00356016 -0.0572671 57.1143 0.0573243 -0.0188636 0.998177 0.198146
0.00224176 -0.999815 -0.0190822 0.356721 0.99846 0.0032956 -0.0553767 57.5951 0.0554293 -0.0189287 0.998283 0.208122
0.00207652 -0.999812 -0.0192918 0.391371 0.998705 0.00305423 -0.0507905 58.0759 0.0508398 -0.0191614 0.998523 0.215922
0.00227629 -0.99981 -0.0193584 0.424378 0.998835 0.00320624 -0.0481452 58.5523 0.0481982 -0.0192262 0.998653 0.2203
0.00290793 -0.999815 -0.0190219 0.455763 0.9989 0.00379454 -0.0467426 59.0256 0.0468061 -0.018865 0.998726 0.221868
0.00423025 -0.999793 -0.0199187 0.485323 0.998834 0.00518234 -0.0479938 59.4988 0.048087 -0.0196925 0.998649 0.224648
0.00555074 -0.99977 -0.0207245 0.516078 0.998826 0.00654037 -0.0479946 59.9725 0.0481191 -0.0204338 0.998633 0.227951
0.00625874 -0.999761 -0.0209351 0.546443 0.998897 0.00722461 -0.0463847 60.4479 0.0465249 -0.0206218 0.998704 0.233812
0.00755669 -0.999759 -0.0206073 0.573776 0.998923 0.00849045 -0.0456085 60.9208 0.0457725 -0.0202405 0.998747 0.238419
0.00877392 -0.999748 -0.0206375 0.599622 0.998914 0.00970709 -0.0455616 61.3916 0.0457504 -0.0202153 0.998748 0.245825
0.00968154 -0.999738 -0.0207192 0.623245 0.998818 0.0106553 -0.0474151 61.8582 0.0476235 -0.0202357 0.99866 0.254416
0.0103724 -0.999741 -0.020263 0.647263 0.998791 0.0113321 -0.0478381 62.3205 0.0480553 -0.0197423 0.99865 0.263686
0.0111427 -0.999732 -0.0203069 0.667327 0.998688 0.0121416 -0.0497551 62.7817 0.0499883 -0.0197259 0.998555 0.269354
0.011823 -0.999714 -0.0207635 0.688257 0.998602 0.0128747 -0.0512696 63.2383 0.0515223 -0.0201283 0.998469 0.274791
0.0120161 -0.999723 -0.0202201 0.708809 0.998502 0.0130759 -0.0531257 63.6867 0.0533754 -0.0195514 0.998383 0.27853
0.0127922 -0.999696 -0.021069 0.729121 0.998266 0.013979 -0.0571786 64.1304 0.0574558 -0.020301 0.998142 0.27951
0.0132639 -0.99968 -0.0215381 0.74671 0.998092 0.0145357 -0.0600115 64.5702 0.0603054 -0.0207011 0.997965 0.279585
0.0134006 -0.999686 -0.0211476 0.764945 0.998018 0.0146728 -0.061198 65.0067 0.0614891 -0.0202856 0.997902 0.281521
0.0142591 -0.999712 -0.0193008 0.786914 0.998039 0.0154064 -0.0606607 65.4379 0.0609406 -0.018398 0.997972 0.283279
0.0149277 -0.999672 -0.0208133 0.810942 0.998088 0.0161462 -0.0596619 65.8699 0.0599783 -0.0198829 0.998002 0.284093
0.0154265 -0.999661 -0.0209752 0.834132 0.998092 0.0166498 -0.0594563 66.3033 0.0597854 -0.0200179 0.998011 0.282059
0.0162957 -0.99968 -0.0193297 0.852999 0.997884 0.0174772 -0.0626225 66.7395 0.0629403 -0.0182684 0.99785 0.27905
0.0169392 -0.999617 -0.0218594 0.871081 0.997717 0.0183284 -0.0649979 67.1822 0.0653736 -0.0207085 0.997646 0.277719
0.0165744 -0.999571 -0.024153 0.894582 0.997763 0.0180995 -0.0643592 67.6212 0.0647687 -0.0230322 0.997634 0.275854
0.0170086 -0.999583 -0.0233417 0.925992 0.998038 0.01838 -0.059854 68.0534 0.0602581 -0.0222778 0.997934 0.273986
0.0186657 -0.999608 -0.0208474 0.960479 0.9982 0.0198198 -0.0565954 68.4778 0.0569864 -0.0197535 0.99818 0.274105
0.0193268 -0.999608 -0.0202396 0.98938 0.998183 0.0204469 -0.0566872 68.9071 0.0570788 -0.0191073 0.998187 0.281081
0.0200383 -0.999603 -0.0198201 1.01249 0.998004 0.0211859 -0.0594951 69.3427 0.0598914 -0.0185884 0.998032 0.286426
0.021755 -0.99957 -0.0196411 1.03456 0.997842 0.0229263 -0.0615253 69.7838 0.0619492 -0.0182603 0.997912 0.288645
0.0241147 -0.999513 -0.0197979 1.06247 0.997823 0.0252804 -0.0609087 70.229 0.0613795 -0.018286 0.997947 0.292843
0.0263105 -0.999448 -0.020265 1.09732 0.997902 0.0274585 -0.058624 70.6771 0.0591481 -0.0186801 0.998074 0.299505
0.0297963 -0.999338 -0.0208641 1.13616 0.997897 0.0309424 -0.0569522 71.1282 0.0575601 -0.0191233 0.998159 0.304782
0.033503 -0.999234 -0.0201963 1.17735 0.997869 0.0345755 -0.0553292 71.5818 0.0559851 -0.0182996 0.998264 0.306349
0.036899 -0.999134 -0.0192106 1.21792 0.997766 0.0379063 -0.0550165 72.0354 0.0556971 -0.0171377 0.998301 0.307992
0.0404616 -0.999022 -0.0178221 1.26014 0.997776 0.0413439 -0.0522835 72.4895 0.0529692 -0.0156669 0.998473 0.310117
0.0437911 -0.998896 -0.0169875 1.2983 0.997637 0.0446242 -0.0522365 72.9492 0.0529369 -0.0146599 0.99849 0.314148
0.0469029 -0.998722 -0.0187959 1.33684 0.997384 0.0478595 -0.0541732 73.4216 0.0550036 -0.0162058 0.998355 0.31747
0.0488047 -0.998606 -0.0200993 1.37656 0.99727 0.049836 -0.0544816 73.9036 0.0554074 -0.0173855 0.998312 0.316961
0.0497998 -0.998578 -0.0190305 1.4199 0.997345 0.050734 -0.0522479 74.391 0.0531391 -0.016378 0.998453 0.314095
0.0505524 -0.998557 -0.0181164 1.46739 0.997543 0.0513652 -0.0476304 74.8771 0.0484922 -0.015664 0.998701 0.314089
0.0514223 -0.998533 -0.0169572 1.51613 0.997647 0.0521329 -0.0445367 75.3632 0.0453554 -0.0146271 0.998864 0.315569
0.0527652 -0.998457 -0.0173186 1.5606 0.997524 0.0535076 -0.0456448 75.8498 0.0465011 -0.0148672 0.998808 0.31794
0.0533034 -0.998398 -0.0189792 1.6002 0.997306 0.0541851 -0.0494489 76.3387 0.0503981 -0.0162923 0.998596 0.320132
0.0535662 -0.998337 -0.0212968 1.64231 0.997306 0.054557 -0.0490426 76.8265 0.050123 -0.0186124 0.99857 0.325231
0.0541014 -0.998273 -0.0228822 1.69547 0.997497 0.0550756 -0.0443351 77.3253 0.0455188 -0.0204264 0.998755 0.326025
0.0535826 -0.998229 -0.025824 1.75428 0.997792 0.0545398 -0.0379085 77.8318 0.0392498 -0.0237357 0.998948 0.33607
0.0517826 -0.99825 -0.0285701 1.80351 0.997955 0.0527981 -0.0360168 78.3383 0.0374622 -0.0266467 0.998943 0.347793
0.0502805 -0.998304 -0.0293366 1.84228 0.997946 0.0513867 -0.0382563 78.8457 0.0396989 -0.0273528 0.998837 0.357373
0.0484812 -0.998372 -0.0300428 1.88196 0.998017 0.049629 -0.0387193 79.3517 0.0401473 -0.028106 0.998798 0.367523
0.0461434 -0.998473 -0.0303647 1.92816 0.998251 0.0472151 -0.0355763 79.8551 0.0369557 -0.02867 0.998906 0.374592
0.0439975 -0.998591 -0.0296503 1.98009 0.998515 0.0449094 -0.0308247 80.3624 0.0321128 -0.0282501 0.999085 0.375219
0.0414277 -0.998754 -0.0278206 2.0297 0.998701 0.0422199 -0.0285182 80.8725 0.0296573 -0.026603 0.999206 0.376594
0.0379285 -0.998923 -0.0267292 2.07618 0.998812 0.0387163 -0.0296012 81.3845 0.0306042 -0.0255748 0.999204 0.382647
0.0348511 -0.999032 -0.026846 2.11604 0.998827 0.0357226 -0.0326978 81.8989 0.0336251 -0.0256749 0.999105 0.388087
0.0317908 -0.999192 -0.0245666 2.15454 0.9989 0.0326101 -0.0337042 82.414 0.0344781 -0.0234681 0.99913 0.389716
0.0288322 -0.999346 -0.0218203 2.19439 0.999002 0.0295537 -0.0334982 82.9305 0.0341212 -0.0208327 0.999201 0.391948
0.0262693 -0.999438 -0.0208396 2.23297 0.999062 0.0269661 -0.0338921 83.4518 0.0344351 -0.0199297 0.999208 0.393768
0.0239048 -0.999488 -0.0212447 2.27392 0.999127 0.0246136 -0.0337569 83.9786 0.0342625 -0.0204192 0.999204 0.392502
0.0217051 -0.999549 -0.0207684 2.31483 0.999165 0.0224067 -0.0341728 84.506 0.0346227 -0.0200093 0.9992 0.383613
0.0195998 -0.999569 -0.0218584 2.34911 0.999157 0.0203712 -0.0356463 85.0403 0.0360763 -0.0211413 0.999125 0.380215
0.0186002 -0.999532 -0.0242749 2.37662 0.999046 0.0195395 -0.0390525 85.5752 0.0395086 -0.0235254 0.998942 0.386999
0.0188267 -0.999505 -0.0251906 2.39851 0.998919 0.0198749 -0.0420311 86.1055 0.042511 -0.024372 0.998799 0.396646
0.0193503 -0.999494 -0.0252572 2.42341 0.998869 0.0204234 -0.0429425 86.6339 0.0434366 -0.0243977 0.998758 0.406124
0.0210991 -0.9995 -0.0235545 2.45854 0.998956 0.0220306 -0.0400162 87.157 0.0405151 -0.0226856 0.998921 0.408926
0.0237087 -0.999516 -0.0201318 2.50071 0.999033 0.0244335 -0.0365554 87.6762 0.0370296 -0.0192456 0.999129 0.405364
0.0267874 -0.999459 -0.0190935 2.53855 0.999024 0.0274372 -0.0346268 88.1995 0.0351319 -0.0181473 0.999218 0.405929
0.0298293 -0.999411 -0.0169506 2.57299 0.99884 0.0304449 -0.0373059 88.7258 0.0378 -0.0158181 0.99916 0.409164
0.0329343 -0.999307 -0.0173576 2.61035 0.998731 0.0335676 -0.0375547 89.2555 0.0381113 -0.0160987 0.999144 0.411109
0.0357457 -0.999137 -0.0211713 2.64988 0.998572 0.0365511 -0.0389611 89.7902 0.0397013 -0.0197484 0.999016 0.415391
0.0386182 -0.998944 -0.0248782 2.69775 0.998673 0.0394324 -0.0331116 90.33 0.0340577 -0.0235665 0.999142 0.419745
0.0409104 -0.998853 -0.0248655 2.74682 0.998656 0.0416697 -0.0308268 90.8695 0.0318276 -0.0235709 0.999215 0.420613
0.043179 -0.998718 -0.0264291 2.7909 0.998569 0.0439776 -0.0304201 91.4106 0.0315433 -0.0250778 0.999188 0.419878
0.0443922 -0.998705 -0.0248616 2.82773 0.998412 0.0452155 -0.0335992 91.9486 0.0346798 -0.0233305 0.999126 0.416201
0.0465622 -0.998598 -0.0251622 2.86136 0.998203 0.0474655 -0.0365822 92.4858 0.0377253 -0.0234136 0.999014 0.415787
0.0476777 -0.998436 -0.0292025 2.90193 0.998094 0.0487671 -0.0378027 93.033 0.0391677 -0.0273445 0.998858 0.429289
0.0489762 -0.998274 -0.0324034 2.9449 0.998031 0.0501851 -0.0376122 93.5832 0.0391734 -0.0304975 0.998767 0.446103
0.0500863 -0.998199 -0.0330275 2.99896 0.99806 0.051249 -0.03535 94.1303 0.0369789 -0.0311929 0.998829 0.447646
0.0513679 -0.998152 -0.0324588 3.05528 0.998075 0.0524407 -0.0331108 94.6753 0.0347518 -0.0306954 0.998924 0.43885
0.0522651 -0.998067 -0.0336136 3.10496 0.998004 0.0533972 -0.0337109 95.2215 0.0354406 -0.0317846 0.998866 0.434522
0.0529898 -0.997937 -0.0362435 3.14958 0.997964 0.0542118 -0.0336095 95.7704 0.0355049 -0.0343887 0.998778 0.435278
0.0533316 -0.997864 -0.0377357 3.20021 0.99797 0.0545784 -0.0328207 96.3257 0.0348101 -0.0359088 0.998749 0.431971
0.0531762 -0.997892 -0.0372022 3.25157 0.997993 0.0543906 -0.0324308 96.8791 0.0343859 -0.035403 0.998781 0.429866
0.0537893 -0.997991 -0.0334776 3.30398 0.997977 0.0548661 -0.0321232 97.4287 0.0338954 -0.031682 0.998923 0.42658
0.0542781 -0.998075 -0.0300157 3.35913 0.997964 0.0552311 -0.0318897 97.9756 0.0334861 -0.0282236 0.999041 0.422857
0.0534156 -0.998206 -0.0270376 3.42198 0.998122 0.0541853 -0.0285851 98.5249 0.0299989 -0.0254599 0.999226 0.423114
0.0522232 -0.998279 -0.0266863 3.48389 0.998257 0.0529204 -0.0261262 99.0772 0.0274935 -0.0252754 0.999302 0.427315
0.0517424 -0.998199 -0.0303622 3.537 0.998268 0.0525503 -0.0264434 99.6366 0.0279913 -0.0289413 0.999189 0.434575
0.0502514 -0.998167 -0.0337271 3.59114 0.998357 0.0511349 -0.0258664 100.203 0.0275436 -0.0323718 0.999096 0.440466
0.0487627 -0.998199 -0.0349368 3.6463 0.998438 0.0496692 -0.0255665 100.774 0.0272558 -0.0336356 0.999062 0.438636
0.0482564 -0.998235 -0.0346198 3.70166 0.998496 0.0491134 -0.024347 101.338 0.0260043 -0.0333928 0.999104 0.435414
0.0472455 -0.998319 -0.0335691 3.75475 0.998591 0.048018 -0.0225931 101.896 0.024167 -0.0324543 0.999181 0.433395
0.0461657 -0.998394 -0.0328452 3.8046 0.998647 0.0469147 -0.0224091 102.454 0.023914 -0.0317663 0.999209 0.434997
0.045639 -0.998412 -0.033028 3.8512 0.998664 0.046403 -0.0227471 103.013 0.0242436 -0.0319457 0.999196 0.441054
0.0445118 -0.998445 -0.0335581 3.89697 0.9987 0.0453081 -0.0233546 103.578 0.0248387 -0.0324749 0.999164 0.447974
0.0429664 -0.998455 -0.0352408 3.94498 0.998771 0.0437994 -0.0232171 104.157 0.0247247 -0.0341999 0.999109 0.454449
0.0425134 -0.998512 -0.034137 3.99493 0.998835 0.0432579 -0.0213757 104.743 0.0228206 -0.0331885 0.999189 0.456843
0.041901 -0.998523 -0.0345872 4.04229 0.998837 0.04269 -0.022397 105.33 0.0238404 -0.0336085 0.999151 0.455872
0.0412271 -0.998601 -0.033111 4.0867 0.998838 0.0420196 -0.0236052 105.915 0.0249635 -0.0320993 0.999173 0.450693
0.0404696 -0.99862 -0.0334769 4.13434 0.998903 0.0412257 -0.0222127 106.5 0.0235621 -0.0325413 0.999193 0.443893
0.0398226 -0.998604 -0.0347038 4.18388 0.998979 0.0405307 -0.0199463 107.092 0.021325 -0.033874 0.999199 0.43706
0.0390353 -0.998575 -0.0363946 4.22893 0.999009 0.03978 -0.0199667 107.685 0.021386 -0.0355792 0.999138 0.432949
0.0379515 -0.998628 -0.0360802 4.27126 0.998995 0.0387775 -0.0224767 108.277 0.023845 -0.0351909 0.999096 0.431038
0.0366018 -0.998734 -0.0344985 4.31737 0.999077 0.037347 -0.0212102 108.869 0.0224718 -0.0336903 0.99918 0.431299
0.0354674 -0.998894 -0.0308696 4.3668 0.999177 0.036051 -0.0185595 109.457 0.0196518 -0.0301859 0.999351 0.429698
0.0348687 -0.998939 -0.0300681 4.41174 0.999218 0.0354083 -0.0176063 110.045 0.0186523 -0.0294307 0.999393 0.426743
0.0344391 -0.998909 -0.0315262 4.45148 0.999176 0.0350919 -0.0203924 110.632 0.0214765 -0.030798 0.999295 0.428339
0.0333043 -0.998942 -0.0316981 4.49132 0.999219 0.0339546 -0.0202007 111.219 0.0212556 -0.0310006 0.999293 0.433785
0.0319035 -0.999021 -0.0306517 4.53845 0.999316 0.0324571 -0.0177356 111.809 0.0187131 -0.0300649 0.999373 0.438539
0.0314294 -0.999076 -0.0293139 4.5822 0.999357 0.0319176 -0.01634 112.403 0.0172605 -0.0287815 0.999437 0.436992
0.0307148 -0.99916 -0.027136 4.62444 0.999358 0.0311986 -0.0175896 112.995 0.0184215 -0.0265783 0.999477 0.433178
0.0300833 -0.999164 -0.027691 4.66403 0.999378 0.0305764 -0.0175598 113.588 0.0183918 -0.0271455 0.999462 0.43552
0.0289666 -0.999142 -0.0295908 4.70107 0.99937 0.0295545 -0.0196281 114.183 0.0204858 -0.0290036 0.999369 0.439724
0.0282968 -0.999125 -0.030784 4.7414 0.999388 0.0289113 -0.0197029 114.77 0.0205756 -0.0302076 0.999332 0.442263
0.0275602 -0.999141 -0.0309339 4.78623 0.999447 0.0281185 -0.017762 115.355 0.0186165 -0.0304273 0.999364 0.444417
0.026609 -0.9991 -0.033024 4.82601 0.999464 0.0272191 -0.0181671 115.943 0.0190497 -0.0325229 0.999289 0.448681
0.0261292 -0.999086 -0.0338335 4.86001 0.999453 0.0267953 -0.0193871 116.534 0.020276 -0.0333084 0.99924 0.450752
0.0256183 -0.999033 -0.0357239 4.89211 0.999474 0.0263081 -0.0189773 117.126 0.0198988 -0.035219 0.999182 0.450827
0.0249474 -0.998951 -0.0383969 4.92649 0.999508 0.0256547 -0.0180398 117.717 0.0190059 -0.0379279 0.9991 0.450957
0.0247488 -0.998899 -0.0398423 4.95809 0.999517 0.025474 -0.0177985 118.308 0.0187938 -0.0393825 0.999047 0.449758
