0.0207267 -0.999322 0.030414 0.0683332 0.999758 0.0209391 0.00667804 -0.0667711 -0.00731036 0.0302682 0.999515 -0.613791
0.0207599 -0.99934 0.0298115 0.0678058 0.999756 0.0209767 0.00697798 -0.0666127 -0.00759872 0.0296593 0.999531 -0.617889
0.0208052 -0.999358 0.0291583 0.0672785 0.999753 0.021024 0.00721653 -0.0664543 -0.00782492 0.029001 0.999549 -0.621987
0.0205671 -0.999364 0.029118 0.0667515 0.999756 0.0207933 0.0074867 -0.0662961 -0.0080874 0.0289569 0.999548 -0.626082
0.0203966 -0.999364 0.0292593 0.0662239 0.999759 0.020624 0.00749094 -0.0661376 -0.00808961 0.0290994 0.999544 -0.630182
0.0202497 -0.999365 0.029311 0.0656968 0.999761 0.0204838 0.00771018 -0.0659794 -0.00830569 0.0291478 0.999541 -0.634277
0.0197496 -0.99936 0.0298251 0.0651695 0.99977 0.0199912 0.00782678 -0.065821 -0.00841801 0.0296636 0.999524 -0.638376
0.0193769 -0.999365 0.0299002 0.0646423 0.999776 0.0196224 0.00794143 -0.0656627 -0.0085231 0.0297396 0.999521 -0.642472
0.0189087 -0.999374 0.0299036 0.0641149 0.99978 0.0191703 0.00848651 -0.0655043 -0.00905446 0.0297366 0.999517 -0.646571
0.0176873 -0.999389 0.0301557 0.0635875 0.999797 0.0179709 0.00915962 -0.0653459 -0.00969595 0.0299875 0.999503 -0.650669
0.0163797 -0.999408 0.0302524 0.0640728 0.999814 0.0166785 0.00965116 -0.056704 -0.01015 0.0300887 0.999496 -0.652803
0.0144721 -0.999432 0.0304442 0.0656349 0.999839 0.0147882 0.010183 -0.0390406 -0.0106274 0.0302919 0.999485 -0.652851
0.0119686 -0.99946 0.0305995 0.0671969 0.999871 0.01229 0.0103365 -0.021377 -0.010707 0.0304719 0.999478 -0.652898
0.0088892 -0.999502 0.0302853 0.0687581 0.999906 0.009202 0.0102054 -0.00372296 -0.010479 0.0301917 0.999489 -0.652946
0.00532758 -0.999536 0.0299943 0.0703216 0.999933 0.00563335 0.01012 0.0139574 -0.0102843 0.0299384 0.999499 -0.652994
0.00108993 -0.999546 0.0300926 0.0718825 0.999946 0.00139904 0.0102512 0.0316078 -0.0102886 0.0300798 0.999495 -0.653041
-0.00342262 -0.999532 0.0303863 0.0734453 0.999941 -0.00310731 0.0104201 0.04928 -0.0103208 0.0304202 0.999484 -0.653089
-0.00860405 -0.999494 0.0306048 0.0750064 0.999912 -0.00828993 0.0103772 0.0669329 -0.0101183 0.0306913 0.999478 -0.653136
-0.0141882 -0.99943 0.0306435 0.0765686 0.999846 -0.013865 0.0107319 0.0845974 -0.0103009 0.0307911 0.999473 -0.653184
-0.0203061 -0.999316 0.0308907 0.0781316 0.999743 -0.0199842 0.0106927 0.102272 -0.0100681 0.0310998 0.999466 -0.653231
-0.0269909 -0.999169 0.0305503 0.0803858 0.999584 -0.0266657 0.011003 0.129138 -0.0101792 0.0308345 0.999473 -0.653806
-0.0352573 -0.998924 0.0301187 0.0833561 0.999318 -0.0349076 0.0120607 0.165524 -0.0109964 0.0305234 0.999474 -0.654925
-0.0445766 -0.998562 0.0297693 0.0863279 0.998935 -0.0441977 0.0132698 0.201928 -0.011935 0.0303291 0.999469 -0.656044
-0.0544351 -0.998083 0.0294323 0.0893004 0.99844 -0.0540416 0.0140053 0.238339 -0.0123879 0.0301488 0.999469 -0.657164
-0.0651253 -0.99745 0.0291914 0.09227 0.997797 -0.0647224 0.0145404 0.274716 -0.012614 0.030074 0.999468 -0.658283
-0.0762105 -0.996656 0.0294633 0.0952431 0.997008 -0.0757886 0.0151833 0.311135 -0.0128996 0.0305323 0.999451 -0.659404
-0.0877891 -0.995697 0.0296784 0.0982131 0.996062 -0.0873724 0.0150585 0.347518 -0.0124007 0.0308835 0.999446 -0.660523
-0.0997298 -0.994562 0.0299906 0.101186 0.994943 -0.0993154 0.0150041 0.383934 -0.011944 0.0313353 0.999438 -0.661643
-0.111108 -0.993338 0.0305699 0.104155 0.993749 -0.110713 0.0143154 0.420307 -0.0108356 0.0319694 0.99943 -0.662761
-0.12194 -0.992032 0.0316671 0.107129 0.992494 -0.121573 0.0132845 0.456731 -0.00932876 0.0330493 0.99941 -0.663882
-0.131642 -0.990757 0.0327161 0.107411 0.991263 -0.131291 0.0126682 0.496475 -0.00825576 0.0340979 0.999384 -0.664375
-0.140855 -0.989472 0.0332443 0.104903 0.99 -0.140508 0.0125571 0.539736 -0.0077538 0.0346805 0.999368 -0.664217
-0.148336 -0.98839 0.0328971 0.102396 0.988912 -0.148013 0.0120507 0.582969 -0.00704155 0.0343199 0.999386 -0.66406
-0.151297 -0.988024 0.0302861 0.099889 0.988478 -0.151081 0.00930104 0.626205 -0.00461399 0.0313443 0.999498 -0.663903
-0.153015 -0.98786 0.026808 0.0973819 0.98821 -0.152811 0.00951196 0.669443 -0.00529992 0.0279474 0.999595 -0.663746
-0.153852 -0.987729 0.0268436 0.0948738 0.988068 -0.153596 0.0113881 0.712699 -0.00712532 0.0282754 0.999575 -0.663589
-0.153015 -0.9878 0.0289422 0.0923666 0.988175 -0.15265 0.014415 0.755939 -0.00982115 0.0308057 0.999477 -0.663432
-0.153165 -0.987736 0.0303044 0.0898602 0.988144 -0.152755 0.0154106 0.799165 -0.0105924 0.0323054 0.999422 -0.663274
-0.153183 -0.987716 0.0308391 0.0873523 0.98815 -0.152796 0.0145554 0.842417 -0.00966446 0.0327033 0.999418 -0.663117
-0.152903 -0.987752 0.0310736 0.0848453 0.988207 -0.152561 0.0131089 0.885653 -0.00820768 0.0327116 0.999431 -0.66296
-0.153147 -0.987716 0.0310142 0.0838895 0.988165 -0.15279 0.0135993 0.90591 -0.00869355 0.0327299 0.999426 -0.667462
-0.15301 -0.987736 0.0310673 0.0844696 0.988182 -0.152637 0.0140642 0.903407 -0.00914973 0.0328522 0.999418 -0.676569
-0.153016 -0.987741 0.0308783 0.0850499 0.988179 -0.152638 0.0142656 0.900903 -0.00937749 0.0326962 0.999421 -0.685681
-0.152896 -0.987751 0.0311646 0.0856301 0.988199 -0.152518 0.0141851 0.8984 -0.00925815 0.0329657 0.999414 -0.69479
-0.152574 -0.987792 0.0314467 0.0862106 0.98825 -0.152199 0.0140214 0.895896 -0.00906404 0.0332165 0.999407 -0.703903
-0.152877 -0.98775 0.0312851 0.0867906 0.988201 -0.152495 0.0142628 0.893394 -0.00931722 0.0330965 0.999409 -0.713009
-0.152645 -0.987796 0.0309657 0.0873709 0.988238 -0.152269 0.0141623 0.89089 -0.00927431 0.0327633 0.99942 -0.72212
-0.15276 -0.987775 0.0310681 0.0879513 0.988222 -0.152389 0.013988 0.888386 -0.00908255 0.032839 0.999419 -0.731232
-0.152615 -0.987797 0.0310715 0.0885319 0.988245 -0.152246 0.0139194 0.885881 -0.00901901 0.0328305 0.99942 -0.740347
-0.152395 -0.987829 0.0311502 0.0891118 0.988281 -0.152034 0.0136726 0.883379 -0.00877033 0.0328688 0.999421 -0.74945
-0.152521 -0.987806 0.0312357 0.0904696 0.988261 -0.152157 0.0137368 0.881522 -0.00881659 0.0329642 0.999418 -0.759355
-0.152512 -0.987805 0.0313146 0.0925472 0.988265 -0.152156 0.0134428 0.880256 -0.00851419 0.0329973 0.999419 -0.77001
-0.152712 -0.987774 0.0313377 0.094622 0.988235 -0.152362 0.0132927 0.878993 -0.00835555 0.032999 0.99942 -0.780652
-0.152441 -0.98781 0.0315313 0.0966979 0.988279 -0.152093 0.0131478 0.877729 -0.00819179 0.033166 0.999416 -0.791298
-0.152246 -0.987838 0.0315833 0.0987734 0.988312 -0.15191 0.0127835 0.876465 -0.0078302 0.0331604 0.999419 -0.801943
-0.152213 -0.987845 0.0315275 0.100851 0.988315 -0.151869 0.0130404 0.8752 -0.00809382 0.033144 0.999418 -0.812596
-0.152827 -0.987724 0.032346 0.102925 0.988222 -0.152482 0.0128976 0.873937 -0.00780712 0.0339361 0.999394 -0.823235
-0.152814 -0.987707 0.0329105 0.105001 0.988226 -0.15247 0.0127275 0.872672 -0.00755315 0.034468 0.999377 -0.833884
-0.152975 -0.987698 0.032438 0.107077 0.988199 -0.152626 0.0129781 0.871408 -0.00786757 0.0340405 0.999389 -0.84453
-0.15399 -0.987533 0.0326424 0.109153 0.988042 -0.15364 0.0129698 0.870144 -0.00779295 0.0342492 0.999383 -0.855179
-0.155121 -0.987359 0.0325612 0.109762 0.987867 -0.154782 0.0126992 0.873501 -0.00749878 0.0341361 0.999389 -0.859732
-0.156605 -0.987123 0.0326066 0.109067 0.987636 -0.156279 0.0123215 0.880965 -0.00706714 0.0341331 0.999392 -0.858868
-0.158383 -0.986856 0.0321052 0.108372 0.987354 -0.15807 0.0120809 0.888435 -0.00684718 0.0336126 0.999411 -0.858002
-0.160339 -0.986535 0.0322556 0.107676 0.987039 -0.160025 0.0121071 0.895901 -0.00678243 0.0337787 0.999406 -0.857137
-0.162785 -0.986135 0.0322331 0.10698 0.986637 -0.162466 0.0123109 0.903373 -0.00690343 0.0338064 0.999405 -0.856271
-0.165808 -0.985646 0.0317908 0.106285 0.98613 -0.165473 0.0129326 0.910838 -0.0074864 0.0334942 0.999411 -0.855406
-0.169652 -0.984991 0.0317969 0.10559 0.985469 -0.169286 0.0138865 0.918302 -0.00829534 0.0336907 0.999398 -0.854541
-0.174306 -0.984178 0.031786 0.104894 0.984651 -0.173915 0.0147144 0.925772 -0.00895353 0.0338629 0.999386 -0.853676
-0.179497 -0.983235 0.0321041 0.104199 0.983718 -0.179098 0.0149252 0.933239 -0.00892523 0.0342605 0.999373 -0.852811
-0.185236 -0.982156 0.0325022 0.103503 0.982654 -0.184828 0.0151637 0.940706 -0.00888579 0.0347472 0.999357 -0.851945
-0.192299 -0.980766 0.0334407 0.102322 0.981289 -0.191843 0.0163806 0.960321 -0.00965021 0.035965 0.999306 -0.852455
-0.200962 -0.979019 0.0337062 0.100703 0.979541 -0.200457 0.0177816 0.990889 -0.0106519 0.0365901 0.999274 -0.854202
-0.211098 -0.976887 0.0335974 0.0990833 0.977391 -0.210535 0.0195514 1.02146 -0.0120261 0.0369651 0.999244 -0.85595
-0.224235 -0.973941 0.0340149 0.0974633 0.97445 -0.223617 0.0210472 1.05204 -0.0128924 0.0378653 0.9992 -0.857698
-0.239406 -0.970299 0.034695 0.0958441 0.970833 -0.238755 0.0218912 1.08261 -0.0129574 0.0389239 0.999158 -0.859445
-0.257102 -0.965746 0.0351015 0.0942242 0.966304 -0.256443 0.0222297 1.11318 -0.0124668 0.039634 0.999137 -0.861193
-0.276937 -0.960228 0.0356194 0.0926049 0.960818 -0.276279 0.022341 1.14375 -0.0116116 0.0404108 0.999116 -0.86294
-0.298152 -0.953834 0.0361394 0.0909854 0.954463 -0.297513 0.0220664 1.17432 -0.0102958 0.0410728 0.999103 -0.864688
-0.320134 -0.946654 0.0368756 0.0893654 0.947329 -0.319506 0.0219789 1.2049 -0.00902443 0.0419695 0.999078 -0.866436
-0.341028 -0.939281 0.0380818 0.0877465 0.940032 -0.340465 0.0205961 1.23546 -0.00637998 0.0428219 0.999062 -0.868182
-0.357231 -0.933171 0.0397274 0.0707265 0.934011 -0.356765 0.0184847 1.31166 -0.00307604 0.0437091 0.99904 -0.866269
-0.368851 -0.928667 0.0390816 0.0405795 0.929484 -0.368386 0.0187588 1.42671 -0.0030236 0.0432449 0.99906 -0.861233
-0.379074 -0.924615 0.0372946 0.0104036 0.925347 -0.378494 0.0218168 1.54188 -0.00605634 0.0427806 0.999066 -0.856191
-0.386107 -0.92173 0.0365404 -0.0197747 0.922424 -0.385469 0.0234123 1.65706 -0.00749466 0.0427453 0.999058 -0.85115
-0.388715 -0.920654 0.0360174 -0.0499219 0.921343 -0.388186 0.0209614 1.77212 -0.00531675 0.0413324 0.999131 -0.846113
-0.388424 -0.920787 0.0357451 -0.0800722 0.921474 -0.387978 0.0189372 1.88719 -0.00356885 0.0402938 0.999182 -0.841076
-0.383201 -0.922951 0.0363132 -0.110251 0.92366 -0.382774 0.0183185 2.00236 -0.00300737 0.0405607 0.999173 -0.836034
-0.374193 -0.926666 0.0356337 -0.140417 0.927338 -0.37371 0.0196256 2.1175 -0.00486967 0.0403882 0.999172 -0.830994
-0.365004 -0.930339 0.0352343 -0.170581 0.930977 -0.364436 0.0216142 2.23262 -0.00726782 0.0406916 0.999145 -0.825955
-0.35204 -0.935301 0.0357832 -0.200743 0.935956 -0.351467 0.0214143 2.34773 -0.00745219 0.0410302 0.99913 -0.820916
-0.334345 -0.941769 0.0358442 -0.249655 0.942424 -0.333807 0.02026 2.51031 -0.00711522 0.0405543 0.999152 -0.819194
-0.316176 -0.948029 0.0356873 -0.313677 0.948654 -0.315565 0.0217654 2.71115 -0.00937257 0.0407367 0.999126 -0.820143
-0.297172 -0.95411 0.036924 -0.37768 0.954747 -0.296434 0.0241862 2.91193 -0.0121308 0.0424405 0.999025 -0.821092
-0.277421 -0.960035 0.0370221 -0.441681 0.960648 -0.276629 0.0251464 3.1127 -0.0139001 0.0425413 0.998998 -0.82204
-0.258834 -0.965165 0.0382223 -0.505683 0.9658 -0.257971 0.0260948 3.31347 -0.0153256 0.0436693 0.998928 -0.822989
-0.241622 -0.96964 0.0376462 -0.569722 0.970245 -0.240784 0.0254677 3.51436 -0.0156299 0.0426796 0.998967 -0.823939
-0.225274 -0.973543 0.0382744 -0.633726 0.974163 -0.224422 0.0253156 3.71514 -0.0160562 0.0429884 0.998947 -0.824887
-0.21173 -0.976513 0.0399092 -0.697715 0.97721 -0.210894 0.0241697 3.91588 -0.0151854 0.0441171 0.998911 -0.825836
-0.199155 -0.979137 0.0403396 -0.761736 0.97981 -0.198215 0.0261278 4.11671 -0.0175867 0.0447287 0.998844 -0.826785
-0.188208 -0.981275 0.0409434 -0.825765 0.981935 -0.187177 0.0277349 4.31757 -0.0195519 0.0454237 0.998776 -0.827734
-0.178755 -0.983056 0.0405972 -0.876938 0.983697 -0.177742 0.0273544 4.55759 -0.019675 0.0448251 0.998801 -0.825841
-0.170689 -0.984571 0.0385334 -0.918229 0.985146 -0.169781 0.0257266 4.82795 -0.0187874 0.0423523 0.998926 -0.821754
-0.161675 -0.986209 0.0354027 -0.959506 0.986662 -0.160852 0.0249776 5.09823 -0.0189385 0.0389688 0.999061 -0.817668
-0.153512 -0.987533 0.034827 -1.00078 0.987972 -0.152726 0.0242056 5.36847 -0.0185848 0.038124 0.9991 -0.813583
-0.145286 -0.98876 0.0352984 -1.04208 0.989246 -0.144564 0.0222196 5.6389 -0.016867 0.038147 0.99913 -0.809495
-0.136564 -0.990074 0.0332252 -1.08334 0.990505 -0.135934 0.0205225 5.90906 -0.0158023 0.0357124 0.999237 -0.805411
-0.128246 -0.991247 0.0313467 -1.12464 0.991642 -0.127718 0.0183023 6.17947 -0.0141385 0.0334319 0.999341 -0.801324
-0.120513 -0.992256 0.0300762 -1.16591 0.992604 -0.12 0.0183438 6.44969 -0.0145926 0.0320644 0.999379 -0.797239
-0.113643 -0.993114 0.0284399 -1.2072 0.993403 -0.11314 0.0187252 6.72007 -0.0153786 0.0303802 0.99942 -0.793152
-0.108387 -0.993686 0.0289755 -1.24847 0.993957 -0.107815 0.0206342 6.99029 -0.01738 0.0310369 0.999367 -0.789067
-0.105548 -0.993959 0.0300978 -1.26776 0.994249 -0.104931 0.0213985 7.55634 -0.018111 0.0321833 0.999318 -0.760004
-0.102131 -0.994391 0.0274786 -1.26985 0.994585 -0.101538 0.0221666 8.35309 -0.0192522 0.0295937 0.999377 -0.711449
-0.0992668 -0.99473 0.025677 -1.27194 0.994895 -0.0987468 0.0207864 9.1494 -0.0181413 0.0276093 0.999454 -0.66292
-0.0971473 -0.994989 0.0236638 -1.27404 0.995133 -0.0967128 0.0188682 9.94668 -0.016485 0.0253817 0.999542 -0.614332
-0.0939256 -0.995344 0.0216568 -1.27613 0.995443 -0.0935307 0.0185846 10.7433 -0.0164725 0.0233037 0.999593 -0.565785
-0.0900823 -0.995723 0.0205138 -1.2862 0.995779 -0.0896859 0.0194912 11.2086 -0.0175681 0.0221831 0.9996 -0.558163
-0.0859609 -0.996131 0.0182963 -1.29739 0.996147 -0.0856124 0.0190468 11.6269 -0.0174067 0.0198631 0.999651 -0.556334
-0.0816644 -0.996521 0.0166558 -1.3086 0.996541 -0.0813856 0.0167812 12.0453 -0.0153672 0.0179686 0.99972 -0.554505
-0.0772035 -0.996856 0.0178119 -1.31979 0.996896 -0.0769051 0.0168679 12.4637 -0.0154451 0.0190589 0.999699 -0.552677
-0.0734557 -0.997111 0.0193339 -1.33099 0.997144 -0.0730888 0.0190453 12.882 -0.0175772 0.0206777 0.999632 -0.550849
-0.0691723 -0.997388 0.0208075 -1.34219 0.997398 -0.0687182 0.0217951 13.3004 -0.0203083 0.022261 0.999546 -0.54902
-0.0654202 -0.99762 0.0217996 -1.35338 0.997602 -0.0648936 0.024043 13.7186 -0.0225711 0.0233202 0.999473 -0.547192
-0.0597286 -0.997938 0.0235189 -1.3653 0.99798 -0.0591872 0.0230842 14.1638 -0.0216446 0.0248502 0.999457 -0.545247
-0.0549593 -0.998203 0.0238986 -1.37578 0.998321 -0.0544952 0.0196559 14.5553 -0.0183182 0.0249388 0.999521 -0.543536
-0.0506415 -0.998512 0.0202332 -1.38698 0.998585 -0.0502945 0.0173055 14.9738 -0.0162621 0.0210809 0.999646 -0.541707
-0.0459754 -0.998751 0.0195542 -1.37908 0.998793 -0.0456207 0.0182163 15.4389 -0.0173015 0.0203681 0.999643 -0.539073
-0.0410442 -0.998994 0.0180568 -1.36873 0.998944 -0.0406551 0.0214165 15.9104 -0.0206609 0.0189168 0.999608 -0.536333
-0.0359223 -0.999181 0.0186064 -1.35838 0.999072 -0.0354632 0.0244443 16.3816 -0.0237644 0.0194672 0.999528 -0.533594
-0.0308592 -0.999311 0.0206025 -1.34804 0.999226 -0.0303401 0.0250511 16.8527 -0.0244088 0.0213596 0.999474 -0.530857
-0.025646 -0.99948 0.0195587 -1.33769 0.999399 -0.0251777 0.0238254 17.324 -0.0233205 0.0201579 0.999525 -0.528119
-0.0221647 -0.999568 0.019285 -1.32734 0.999515 -0.0217332 0.0223074 17.7954 -0.0218787 0.0197701 0.999565 -0.52538
-0.0203962 -0.999584 0.0203992 -1.31698 0.999579 -0.0199664 0.0210556 18.2671 -0.0206396 0.0208201 0.99957 -0.522639
-0.0191491 -0.999582 0.0216539 -1.30664 0.999572 -0.0186602 0.0225536 18.738 -0.0221402 0.0220765 0.999511 -0.519902
-0.0174954 -0.999659 0.0193702 -1.29629 0.999585 -0.0170441 0.0232302 19.2095 -0.0228921 0.0197685 0.999542 -0.517163
-0.0155399 -0.999721 0.0177817 -1.28594 0.999602 -0.0151145 0.0238072 19.6805 -0.0235318 0.0181446 0.999558 -0.514426
-0.0144131 -0.999759 0.0165423 -1.26842 0.999633 -0.0140278 0.0231784 20.1699 -0.0229408 0.0168703 0.999594 -0.513592
-0.0124922 -0.99981 0.014963 -1.25 0.999729 -0.0121948 0.0198051 20.6614 -0.0196189 0.0152064 0.999692 -0.512996
-0.0109953 -0.999847 0.0135717 -1.23157 0.999766 -0.0107396 0.0187692 21.1532 -0.0186206 0.0137749 0.999732 -0.5124
-0.0100633 -0.999855 0.0137556 -1.21315 0.999781 -0.00980842 0.0184761 21.6449 -0.0183385 0.0139385 0.999735 -0.511804
-0.007514 -0.99987 0.0142826 -1.19472 0.999768 -0.00722337 0.0202879 22.1366 -0.0201821 0.0144317 0.999692 -0.511207
-0.00565982 -0.999857 0.0159365 -1.1763 0.99979 -0.00534451 0.0197598 22.6284 -0.0196718 0.016045 0.999678 -0.510611
-0.00402009 -0.999858 0.0163622 -1.15788 0.999824 -0.00371921 0.0183765 23.1198 -0.018313 0.0164332 0.999697 -0.510015
-0.00169909 -0.999854 0.0169992 -1.13945 0.999853 -0.00140882 0.0170755 23.6117 -0.017049 0.0170257 0.99971 -0.509419
-0.000288844 -0.999821 0.0189109 -1.12102 0.999886 -3.8147e-06 0.0150694 24.1034 -0.0150666 0.0189131 0.999708 -0.508823
0.00116116 -0.999791 0.0204111 -1.1026 0.999872 0.00148594 0.0159022 24.5951 -0.0159292 0.0203901 0.999665 -0.508226
0.00261825 -0.999837 0.0178774 -1.07459 0.999843 0.00293112 0.0174967 25.0637 -0.0175462 0.0178288 0.999687 -0.506332
0.00459707 -0.999862 0.0159808 -1.04554 0.999765 0.00493395 0.0211057 25.5304 -0.0211817 0.0158801 0.99965 -0.504297
0.00626391 -0.999834 0.0170927 -1.01653 0.999732 0.00664264 0.0221924 25.9964 -0.0223023 0.0169491 0.999608 -0.502266
0.00813878 -0.999839 0.0159868 -0.987499 0.999781 0.00844407 0.0191214 26.4627 -0.0192533 0.0158277 0.999689 -0.500233
0.010173 -0.999846 0.0142861 -0.958477 0.999831 0.0103896 0.0151749 26.9288 -0.015321 0.0141293 0.999783 -0.498201
0.0103964 -0.999835 0.0148657 -0.929423 0.999838 0.010613 0.0145671 27.3955 -0.0147225 0.0147119 0.999783 -0.496166
0.0100135 -0.999818 0.0162501 -0.900406 0.999777 0.0103127 0.018433 27.8616 -0.0185973 0.0160619 0.999698 -0.494134
0.00939417 -0.999822 0.0163919 -0.871348 0.999687 0.00977045 0.0230271 28.3283 -0.0231831 0.0161704 0.9996 -0.4921
0.0101139 -0.999815 0.0163844 -0.842334 0.999709 0.0104691 0.0217397 28.7944 -0.0219072 0.0161597 0.999629 -0.490068
0.0100517 -0.999794 0.0176435 -0.813287 0.999808 0.0103451 0.0166188 29.2609 -0.0167979 0.017473 0.999706 -0.488034
0.009188 -0.999807 0.0173556 -0.78797 0.999825 0.00946867 0.0161606 29.6975 -0.0163218 0.0172041 0.999719 -0.485538
0.00907326 -0.999797 0.0180021 -0.763016 0.999772 0.00941789 0.0191525 30.1315 -0.0193182 0.0178243 0.999654 -0.482991
0.00902236 -0.999813 0.0170883 -0.738086 0.999716 0.00939614 0.0219187 30.565 -0.0220752 0.0168856 0.999614 -0.480445
0.00821841 -0.999836 0.0161507 -0.713129 0.999668 0.00860953 0.0242992 30.999 -0.0244343 0.0159457 0.999574 -0.477897
0.00810838 -0.999837 0.0161148 -0.688187 0.999736 0.00845188 0.0213613 31.4328 -0.0214941 0.0159373 0.999642 -0.475351
0.00720078 -0.999823 0.0173904 -0.663234 0.999776 0.00754398 0.0197499 31.8667 -0.0198776 0.0172443 0.999654 -0.472803
0.00530213 -0.999832 0.017534 -0.638301 0.999889 0.00554526 0.0138459 32.3003 -0.0139408 0.0174586 0.99975 -0.470258
0.00402111 -0.9998 0.0195874 -0.613354 0.999891 0.00429767 0.014099 32.7341 -0.0141804 0.0195285 0.999709 -0.467711
0.00219804 -0.999841 0.0177224 -0.588391 0.999897 0.00244826 0.014112 33.1682 -0.0141531 0.0176896 0.999743 -0.465163
0.000319481 -0.999864 0.0164711 -0.563463 0.99991 0.000540078 0.0133927 33.6017 -0.0133998 0.0164654 0.999775 -0.462618
-0.00131011 -0.999914 0.0130406 -0.54653 0.999954 -0.00118554 0.00955597 34.0209 -0.00953969 0.0130525 0.999869 -0.4616
-0.00350702 -0.999932 0.0110792 -0.530353 0.99996 -0.00341558 0.00825856 34.4389 -0.00822016 0.0111077 0.999905 -0.460728
-0.00434566 -0.99996 0.00782135 -0.51419 0.999971 -0.00429618 0.00633762 34.8565 -0.00630377 0.00784866 0.999949 -0.459857
-0.00567293 -0.999968 0.00558021 -0.498019 0.99997 -0.00564349 0.0052664 35.2744 -0.00523474 0.00560992 0.999971 -0.458986
-0.00755644 -0.999952 0.00618308 -0.481855 0.999962 -0.00752938 0.00438219 35.6921 -0.00433543 0.00621596 0.999971 -0.458115
-0.00850248 -0.999938 0.00717095 -0.465678 0.999962 -0.00848889 0.0019208 36.1101 -0.0018598 0.00718701 0.999972 -0.457243
-0.0097239 -0.999905 0.00972371 -0.449511 0.999953 -0.00972331 0.000101093 36.5278 -6.53556e-06 0.00972424 0.999953 -0.456372
-0.0109267 -0.999863 0.012404 -0.43334 0.99994 -0.0109359 -0.000676271 36.9457 0.000811828 0.0123958 0.999923 -0.455501
-0.0131009 -0.999822 0.0136113 -0.417179 0.999905 -0.0130402 0.00453459 37.3633 -0.00435629 0.0136694 0.999897 -0.45463
-0.0141118 -0.999785 0.0151648 -0.401005 0.999879 -0.0140108 0.00673659 37.7812 -0.00652267 0.0152581 0.999862 -0.453758
-0.0145924 -0.999779 0.0151204 -0.386501 0.999876 -0.0145013 0.0061164 38.1882 -0.00589579 0.0152078 0.999867 -0.453168
-0.0153857 -0.999775 0.0146112 -0.372119 0.999872 -0.0153192 0.00464798 38.5947 -0.0044231 0.0146808 0.999882 -0.4526
-0.0164531 -0.999794 0.011894 -0.357759 0.999858 -0.0164098 0.00373792 39.0005 -0.00354197 0.0119539 0.999922 -0.452032
-0.0170355 -0.9998 0.0104743 -0.343381 0.999848 -0.016995 0.00395239 39.4068 -0.00377359 0.01054 0.999937 -0.451464
-0.0179989 -0.99978 0.0107702 -0.32901 0.999811 -0.0179187 0.00750868 39.813 -0.00731404 0.0109033 0.999914 -0.450896
-0.0176325 -0.999784 0.010979 -0.31464 0.999794 -0.0175207 0.0101952 40.2191 -0.0100006 0.0111565 0.999888 -0.450329
-0.0164791 -0.999799 0.0114562 -0.30027 0.999824 -0.0163741 0.00919477 40.6252 -0.00900533 0.0116057 0.999892 -0.449761
-0.016634 -0.999796 0.0114168 -0.285893 0.999836 -0.0165503 0.00738478 41.0315 -0.00719433 0.0115378 0.999908 -0.449193
-0.0166363 -0.999813 0.00989594 -0.271527 0.999858 -0.0166084 0.00290079 41.4375 -0.00273589 0.0099428 0.999947 -0.448626
-0.016572 -0.999811 0.0101559 -0.257152 0.999862 -0.0165637 0.000898811 41.8437 -0.000730424 0.0101694 0.999948 -0.448058
-0.016788 -0.999805 0.0103865 -0.241177 0.999857 -0.016765 0.00229577 42.2414 -0.00212119 0.0104236 0.999943 -0.445115
-0.0160466 -0.999812 0.0108638 -0.225081 0.999865 -0.0160079 0.00365248 42.6381 -0.00347789 0.010921 0.999934 -0.44198
-0.0149969 -0.999816 0.0119302 -0.208962 0.999885 -0.0149673 0.00255912 43.0353 -0.00238009 0.0119672 0.999926 -0.43884
-0.0134075 -0.999836 0.0121866 -0.192858 0.99991 -0.0134013 0.000587188 43.4322 -0.000423776 0.0121933 0.999926 -0.435704
-0.0106918 -0.999836 0.0146096 -0.176749 0.999937 -0.0107385 -0.00312741 43.8292 0.00328379 0.0145753 0.999888 -0.432566
-0.0083344 -0.999831 0.016383 -0.160641 0.999962 -0.00837493 -0.00240364 44.2262 0.00254044 0.0163624 0.999863 -0.429429
-0.00613701 -0.999833 0.0172118 -0.144532 0.999981 -0.00612402 0.000810936 44.6232 -0.000705394 0.0172165 0.999852 -0.426291
-0.00350714 -0.999823 0.0184834 -0.128415 0.999989 -0.00345111 0.00306296 45.0204 -0.00299863 0.018494 0.999824 -0.423152
-0.00113189 -0.99982 0.0189209 -0.112316 0.999997 -0.00108719 0.00237162 45.4172 -0.00235062 0.0189235 0.999818 -0.420016
0.00020051 -0.999832 0.0183495 -0.0962123 0.999999 0.000224113 0.00128558 45.8141 -0.00128948 0.0183492 0.999831 -0.41688
0.00148046 -0.999805 0.0197178 -0.0797325 0.999998 0.00145739 -0.00118519 46.2386 0.00115622 0.0197195 0.999805 -0.417517
0.00207227 -0.999794 0.0201728 -0.0632369 0.999998 0.00205672 -0.000792447 46.6644 0.000750796 0.0201744 0.999796 -0.418358
0.00194734 -0.999831 0.0182765 -0.046727 0.999998 0.00195324 0.000304174 47.0907 -0.00033982 0.0182758 0.999833 -0.4192
0.00198442 -0.999877 0.0155424 -0.0302294 0.999996 0.0020166 0.00205401 47.5166 -0.0020851 0.0155383 0.999877 -0.420041
0.00202674 -0.999904 0.0136881 -0.0137307 0.999995 0.00206017 0.00242758 47.9426 -0.00245555 0.0136831 0.999903 -0.420882
0.00227314 -0.999928 0.0118029 0.00277171 0.999994 0.00230503 0.00268827 48.3686 -0.00271528 0.0117967 0.999927 -0.421724
0.00244427 -0.99994 0.0107255 0.0192683 0.999996 0.00245732 0.00120432 48.7945 -0.0012306 0.0107225 0.999942 -0.422565
0.00256819 -0.999937 0.0109002 0.0357719 0.999997 0.00256491 -0.000313957 49.2206 0.000285979 0.010901 0.999941 -0.423407
0.00315052 -0.999934 0.0110583 0.05227 0.999995 0.00314027 -0.000944929 49.6465 0.000910141 0.0110612 0.999938 -0.424249
0.00324219 -0.999925 0.0118227 0.0687715 0.999993 0.00322169 -0.00175308 50.0726 0.00171486 0.0118283 0.999929 -0.42509
0.00254548 -0.999922 0.012229 0.0911381 0.999994 0.00251734 -0.00231527 50.5446 0.0022843 0.0122348 0.999923 -0.423621
0.00238776 -0.999934 0.0112446 0.113795 0.999995 0.00236303 -0.00221339 51.0187 0.00218667 0.0112499 0.999934 -0.422031
0.00265002 -0.99995 0.00961686 0.136459 0.999996 0.00264323 -0.000719436 51.493 0.000693981 0.00961873 0.999954 -0.420442
0.00212747 -0.999957 0.00900618 0.159129 0.999998 0.00213236 0.000534128 51.9674 -0.00055331 0.00900502 0.999959 -0.418852
0.00214678 -0.999954 0.00939884 0.181808 0.999997 0.00215495 0.000854027 52.4419 -0.000874242 0.00939699 0.999955 -0.417261
0.0018962 -0.999952 0.00958914 0.204467 0.999998 0.00189137 -0.000510361 52.9161 0.000492201 0.00959009 0.999954 -0.415672
0.00113893 -0.999956 0.00931341 0.227146 0.999998 0.00112247 -0.00177436 53.3907 0.00176383 0.00931541 0.999955 -0.414082
0.000589132 -0.999959 0.00899503 0.249796 0.999998 0.000571847 -0.00192669 53.8646 0.00192147 0.00899615 0.999958 -0.412493
-0.00044477 -0.99995 0.0100055 0.272477 0.999998 -0.000462532 -0.00177941 54.3393 0.00178395 0.0100047 0.999948 -0.410903
-0.000512004 -0.999948 0.010166 0.295139 0.999999 -0.000522852 -0.00106684 54.8135 0.0010721 0.0101655 0.999948 -0.409313
-0.000969291 -0.999954 0.0095067 0.317916 0.999999 -0.000974417 -0.000533598 55.2946 0.000542836 0.00950618 0.999955 -0.406473
-0.00205445 -0.999949 0.00989076 0.340692 0.999998 -0.00204778 0.000677566 55.7758 -0.000657277 0.00989213 0.999951 -0.403575
-0.00257277 -0.999922 0.0122244 0.363468 0.999993 -0.0025394 0.00274277 56.2571 -0.00271151 0.0122313 0.999922 -0.400677
-0.00268102 -0.999895 0.0142688 0.386245 0.999996 -0.00267935 0.000135858 56.7384 -9.76133e-05 0.0142691 0.999898 -0.397778
-0.00289559 -0.999901 0.0138034 0.409033 0.999992 -0.00293088 -0.00253769 57.22 0.00257789 0.0137959 0.999902 -0.394879
-0.00356627 -0.999891 0.0143192 0.431801 0.999987 -0.00361812 -0.00360047 57.7011 0.00365189 0.0143061 0.999891 -0.391982
-0.00411201 -0.999889 0.0142896 0.454584 0.99999 -0.00413692 -0.00170912 58.1825 0.00176804 0.0142824 0.999896 -0.389083
-0.00461102 -0.999889 0.0142046 0.477355 0.999986 -0.00457156 0.00281236 58.6637 -0.00274711 0.0142174 0.999895 -0.386185
-0.00471556 -0.999887 0.0142503 0.500133 0.999975 -0.00463986 0.00533942 59.145 -0.00527269 0.0142751 0.999884 -0.383287
-0.00423861 -0.999884 0.0146348 0.522912 0.999969 -0.00414097 0.00669454 59.6264 -0.00663316 0.0146628 0.99987 -0.380389
-0.00301933 -0.999899 0.0138859 0.546363 0.999981 -0.00294471 0.00539197 60.0897 -0.00535054 0.0139019 0.999889 -0.377573
-0.00180984 -0.99991 0.0132691 0.569859 0.999984 -0.00173867 0.00536843 60.553 -0.00534488 0.0132786 0.999898 -0.374756
-0.00131166 -0.999911 0.0133062 0.593319 0.999974 -0.00121772 0.00705948 61.0156 -0.00704264 0.0133152 0.999887 -0.371943
-0.000214577 -0.999903 0.0139238 0.616799 0.999968 -0.000103831 0.00795382 61.4786 -0.0079516 0.013925 0.999871 -0.369128
0.000920892 -0.9999 0.0141175 0.640267 0.999966 0.00103593 0.00814519 61.9414 -0.008159 0.0141095 0.999867 -0.366315
0.00178361 -0.999896 0.0143218 0.663761 0.999978 0.00187498 0.00637144 62.4046 -0.00639763 0.0143101 0.999877 -0.363499
0.00244445 -0.999886 0.0149298 0.687236 0.999978 0.00253516 0.00605968 62.8675 -0.00609683 0.0149147 0.99987 -0.360685
0.00322014 -0.999882 0.0150398 0.710706 0.999985 0.00328559 0.00432859 63.3303 -0.00437749 0.0150256 0.999878 -0.357871
0.00392681 -0.999882 0.0148629 0.7342 0.999988 0.00396913 0.00282087 63.7936 -0.00287953 0.0148516 0.999886 -0.355055
0.00416028 -0.999872 0.0154223 0.757662 0.999991 0.00417835 0.00113972 64.2562 -0.00120401 0.0154174 0.99988 -0.352242
0.00512058 -0.99988 0.0146192 0.778824 0.999983 0.00507957 -0.00283999 64.6917 0.00276539 0.0146335 0.999889 -0.348119
0.00566411 -0.999884 0.0141268 0.799914 0.999969 0.00558561 -0.00558973 65.1263 0.00551018 0.014158 0.999885 -0.343958
0.00591373 -0.999876 0.0146121 0.820997 0.999961 0.00581664 -0.00668009 65.5607 0.00659426 0.0146511 0.999871 -0.339799
0.00684315 -0.999842 0.0164256 0.842085 0.999959 0.00674599 -0.0059649 65.9952 0.00585315 0.0164657 0.999847 -0.335638
0.00762767 -0.99986 0.0148878 0.863169 0.999959 0.00755548 -0.00490149 66.4297 0.00478832 0.0149246 0.999877 -0.331478
0.00824523 -0.999855 0.0148773 0.884262 0.999956 0.00817776 -0.00458874 66.8643 0.00446641 0.0149145 0.999879 -0.327317
0.00947273 -0.999818 0.0165705 0.905349 0.999927 0.00934589 -0.00771494 67.2988 0.00755867 0.0166424 0.999833 -0.323156
0.0106226 -0.999842 0.0142645 0.926447 0.999894 0.0104793 -0.0100789 67.7335 0.0099278 0.0143701 0.999847 -0.318994
0.0105784 -0.999873 0.0118893 0.947532 0.999901 0.0104673 -0.00937023 68.168 0.00924459 0.0119873 0.999885 -0.314834
0.0110222 -0.99986 0.0126273 0.968613 0.999929 0.0109628 -0.00475485 68.6024 0.00461576 0.0126788 0.999909 -0.310675
0.0128126 -0.999806 0.0149656 1.00052 0.999917 0.0127918 -0.00148945 69.0484 0.00129772 0.0149835 0.999887 -0.305389
0.0136566 -0.999788 0.015417 1.03257 0.999906 0.0136337 -0.00158839 69.4945 0.00137786 0.0154373 0.99988 -0.300088
0.0148154 -0.999764 0.0158742 1.06465 0.999882 0.0147476 -0.00438458 69.9408 0.00414945 0.0159373 0.999864 -0.294784
0.0168758 -0.999727 0.016183 1.09673 0.999839 0.0167742 -0.00639072 70.3872 0.00611751 0.0162883 0.999849 -0.289478
0.0195726 -0.99968 0.016023 1.12881 0.999794 0.0194823 -0.00577909 70.8335 0.00546507 0.0161328 0.999855 -0.284174
0.02193 -0.999639 0.0155159 1.16087 0.999755 0.0218796 -0.00341089 71.2797 0.00307018 0.0155869 0.999874 -0.278872
0.0255455 -0.999562 0.0149166 1.19295 0.999673 0.0255199 -0.00190617 71.7261 0.00152466 0.0149604 0.999887 -0.273567
0.0293784 -0.999447 0.0155589 1.22501 0.999568 0.0293782 -0.000239159 72.1722 -0.000218064 0.0155592 0.999879 -0.268266
0.0329496 -0.999318 0.0166478 1.25708 0.999457 0.0329552 6.31325e-05 72.6186 -0.000611722 0.0166366 0.999861 -0.262961
0.0365536 -0.999168 0.0180683 1.28916 0.999326 0.0366093 0.00276117 73.0649 -0.00342034 0.0179552 0.999833 -0.257657
0.0400407 -0.999019 0.0189264 1.33233 0.999191 0.0401039 0.00296623 73.5465 -0.00372234 0.0187924 0.999816 -0.25127
0.0433819 -0.998911 0.0171607 1.37567 0.999057 0.0434063 0.00105561 74.0289 -0.00179934 0.0170987 0.999852 -0.244864
0.0452369 -0.998846 0.0161034 1.41898 0.998975 0.0452548 0.000745177 74.511 -0.00147307 0.0160532 0.99987 -0.238462
0.0460102 -0.998787 0.017517 1.46232 0.998933 0.0460712 0.00309517 74.9934 -0.00389844 0.0173559 0.999842 -0.232057
0.0465376 -0.99874 0.0187962 1.50561 0.99888 0.0466878 0.00763254 75.4752 -0.00850048 0.01842 0.999794 -0.225659
0.0472935 -0.998684 0.0198276 1.54897 0.998812 0.0475142 0.0108114 75.9579 -0.0117392 0.0192927 0.999745 -0.21925
0.0487291 -0.998614 0.0198703 1.59228 0.998755 0.0489287 0.00968592 76.4399 -0.0106447 0.0193735 0.999756 -0.212849
0.0494606 -0.99861 0.0182036 1.63562 0.998753 0.0495744 0.00585237 76.9223 -0.00674667 0.0178915 0.999817 -0.206444
0.0497396 -0.998636 0.015871 1.67894 0.998738 0.0498427 0.00616562 77.4046 -0.00694827 0.0155443 0.999855 -0.200041
0.05008 -0.998643 0.0143023 1.72224 0.998679 0.0502366 0.0108046 77.8866 -0.0115084 0.0137423 0.999839 -0.193641
0.0493256 -0.998715 0.0116416 1.76673 0.998627 0.0495206 0.0170984 78.3936 -0.017653 0.0107822 0.999786 -0.191495
0.0473275 -0.998838 0.00911817 1.81119 0.998693 0.0474932 0.0189037 78.9004 -0.0193147 0.00821159 0.99978 -0.189356
0.0457593 -0.998917 0.00842661 1.85566 0.998807 0.0458952 0.0167036 79.4073 -0.0170723 0.00765221 0.999825 -0.187217
0.0438067 -0.999009 0.00793523 1.90011 0.998905 0.0439298 0.0160753 79.914 -0.0164079 0.00722234 0.999839 -0.185078
0.0412494 -0.999119 0.00773579 1.9446 0.99896 0.041391 0.019148 80.4211 -0.0194514 0.0069379 0.999787 -0.182939
0.0387794 -0.999211 0.00856142 1.98906 0.998956 0.0389736 0.0238291 80.9278 -0.024144 0.00762841 0.999679 -0.1808
0.0359266 -0.999299 0.0105086 2.03354 0.999008 0.0361891 0.0259643 81.4348 -0.0263264 0.00956533 0.999608 -0.178661
0.0323983 -0.999406 0.01173 2.07799 0.999162 0.0326797 0.024648 81.9415 -0.0250167 0.0109216 0.999627 -0.176523
0.029329 -0.999502 0.0116719 2.12247 0.999332 0.0295747 0.021463 82.4485 -0.0217975 0.0110346 0.999701 -0.174383
0.0261956 -0.999556 0.0141711 2.16678 0.999442 0.0264814 0.0203719 82.9552 -0.0207381 0.0136296 0.999692 -0.17222
0.0231864 -0.999584 0.0171472 2.19854 0.999513 0.023536 0.0204704 83.4782 -0.0208654 0.0166642 0.999643 -0.167513
0.0206888 -0.999623 0.0180578 2.23026 0.999577 0.0210504 0.0200652 84.0007 -0.0204377 0.017635 0.999636 -0.162811
0.018353 -0.999672 0.0178714 2.262 0.999625 0.0187098 0.02001 84.5235 -0.0203378 0.0174975 0.99964 -0.158105
0.0161884 -0.999697 0.0185361 2.29373 0.999674 0.0165483 0.0194303 85.0462 -0.0197312 0.0182155 0.999639 -0.153401
0.0141775 -0.999745 0.017567 2.32548 0.999733 0.0144934 0.0179896 85.569 -0.0182396 0.0173072 0.999684 -0.148695
0.0133989 -0.999792 0.0153626 2.35722 0.999802 0.0136221 0.0145203 86.0918 -0.0147265 0.015165 0.999777 -0.14399
0.0137201 -0.9998 0.0145245 2.38895 0.999836 0.0138893 0.0116077 86.6144 -0.0118071 0.0143628 0.999827 -0.139286
0.0142388 -0.999793 0.0145328 2.4207 0.999839 0.0143954 0.0107286 87.1372 -0.0109356 0.0143777 0.999837 -0.134581
0.015861 -0.999741 0.0163009 2.45243 0.999778 0.0160838 0.0136296 87.6598 -0.0138882 0.0160811 0.999774 -0.129878
0.0182961 -0.999638 0.0197043 2.48432 0.999681 0.0186335 0.0170788 88.1827 -0.0174398 0.0193855 0.99966 -0.125183
0.0213267 -0.999554 0.0208978 2.52875 0.999584 0.0217241 0.0189745 88.7205 -0.01942 0.0204845 0.999602 -0.121252
0.0244117 -0.999435 0.0230945 2.57324 0.99956 0.0247914 0.0162953 89.259 -0.0168586 0.0226866 0.9996 -0.117315
0.0277241 -0.999357 0.0227474 2.6177 0.999476 0.0280937 0.0160906 89.7972 -0.0167193 0.0222893 0.999612 -0.11338
0.0307648 -0.999345 0.0190381 2.66215 0.999411 0.0310455 0.014629 90.3351 -0.0152105 0.0185769 0.999712 -0.109448
0.033336 -0.999323 0.0155311 2.7066 0.999225 0.0336502 0.0204266 90.8732 -0.0209355 0.0148381 0.999671 -0.105514
0.0355858 -0.999245 0.0156086 2.75107 0.999096 0.0359349 0.0226917 91.4114 -0.0232355 0.014787 0.999621 -0.101579
0.0378512 -0.999181 0.0143226 2.79552 0.999005 0.038175 0.0230475 91.9495 -0.0235754 0.0134359 0.999632 -0.0976465
0.0391152 -0.999105 0.0160768 2.84 0.999025 0.0394315 0.0198518 92.4879 -0.020468 0.0152846 0.999674 -0.0937108
0.0414783 -0.999013 0.0158962 2.88443 0.998985 0.0417466 0.0169331 93.0257 -0.01758 0.0151777 0.99973 -0.0897791
0.0428383 -0.999009 0.0120655 2.92896 0.998951 0.0430254 0.0156967 93.564 -0.0162002 0.0113804 0.999804 -0.0861386
0.0441993 -0.998982 0.00903428 2.97645 0.998891 0.0443388 0.0158638 94.1106 -0.0162482 0.00832309 0.999833 -0.0939638
0.0452262 -0.99894 0.00854332 3.02395 0.998807 0.0453745 0.0180464 94.6573 -0.018415 0.00771696 0.999801 -0.101792
0.0464859 -0.998876 0.00927017 3.07142 0.998707 0.0466654 0.0201858 95.2036 -0.0205957 0.00831983 0.999753 -0.109614
0.0475749 -0.998834 0.00822176 3.11893 0.99867 0.0477276 0.0195112 95.7504 -0.0198808 0.00728258 0.999776 -0.117444
0.0484066 -0.998812 0.00561928 3.1664 0.998631 0.048508 0.0195819 96.2968 -0.0198312 0.00466369 0.999792 -0.125267
0.0487194 -0.998803 0.00437116 3.21391 0.998603 0.0487984 0.0202839 96.8437 -0.0204729 0.00337684 0.999785 -0.133097
0.0485554 -0.998808 0.00502301 3.26138 0.998603 0.0486491 0.0206016 97.3899 -0.0208214 0.00401568 0.999775 -0.140919
0.0490966 -0.998755 0.008818 3.30887 0.998569 0.0492709 0.0207861 97.9366 -0.0211947 0.00778486 0.999745 -0.148746
0.0496557 -0.998689 0.0124036 3.35636 0.998535 0.0499077 0.020912 98.4831 -0.0215036 0.011347 0.999704 -0.156572
0.0486866 -0.998696 0.0153469 3.40396 0.998507 0.0490467 0.0240341 99.0308 -0.0247555 0.0141539 0.999593 -0.16409
0.0475585 -0.998746 0.0156295 3.4538 0.998501 0.0479595 0.0263699 99.5992 -0.0270864 0.0143519 0.99953 -0.16402
0.047254 -0.998811 0.0119983 3.50366 0.998533 0.047552 0.0259095 100.168 -0.0264493 0.0107564 0.999592 -0.163951
0.0457819 -0.998913 0.00875573 3.55358 0.998592 0.0459986 0.0264033 100.737 -0.0267773 0.00753462 0.999613 -0.163881
0.0443602 -0.998986 0.00774616 3.60338 0.998654 0.0445514 0.0265612 101.305 -0.0268793 0.00655747 0.999617 -0.163812
0.0437646 -0.999008 0.00821575 3.65329 0.99865 0.0439762 0.0276305 101.875 -0.0279644 0.00699542 0.999584 -0.163742
0.0426709 -0.999046 0.00924049 3.70316 0.998647 0.0429253 0.0293456 102.443 -0.0297143 0.00797578 0.999527 -0.163672
0.0415847 -0.999085 0.0100289 3.75303 0.998689 0.0418639 0.0294513 103.012 -0.0298442 0.00879104 0.999516 -0.163603
0.0410648 -0.999108 0.00984374 3.80289 0.998723 0.0413351 0.0290404 103.581 -0.0294214 0.00863864 0.99953 -0.163534
0.0400843 -0.999152 0.00941025 3.85276 0.998783 0.040337 0.028398 104.15 -0.0287535 0.00826047 0.999552 -0.163464
0.0385028 -0.999227 0.00798228 3.90247 0.998846 0.0387152 0.0284206 104.719 -0.0287076 0.0068788 0.999564 -0.163491
0.0380068 -0.999234 0.00933756 3.94877 0.998811 0.0382729 0.0301868 105.305 -0.030521 0.00817916 0.999501 -0.165439
0.0374597 -0.999256 0.00922624 3.99502 0.998866 0.0377133 0.0290436 105.889 -0.02937 0.00812782 0.999536 -0.167384
0.0368704 -0.999261 0.0109022 4.04135 0.998922 0.0371612 0.0278052 106.475 -0.0281898 0.00986528 0.999554 -0.169333
0.0361318 -0.99929 0.0106985 4.08762 0.998912 0.0364297 0.0291017 107.06 -0.0294708 0.00963538 0.999519 -0.17128
0.0354146 -0.999326 0.00969235 4.13393 0.998873 0.0357019 0.0312745 107.645 -0.0315995 0.00857385 0.999464 -0.173229
0.0347212 -0.999363 0.00819606 4.18025 0.998902 0.0349608 0.0311745 108.23 -0.0314412 0.00710465 0.99948 -0.175178
0.0337077 -0.999394 0.00869498 4.22653 0.999014 0.033944 0.0286235 108.815 -0.0289013 0.00772157 0.999552 -0.177125
0.032273 -0.999424 0.0104733 4.27282 0.999026 0.0325722 0.0297756 109.4 -0.0300996 0.00950211 0.999502 -0.179073
0.030933 -0.999419 0.0142774 4.31912 0.99898 0.031383 0.0324532 109.986 -0.0328825 0.013259 0.999371 -0.181021
0.0303591 -0.999423 0.0152652 4.36515 0.998965 0.0308558 0.0334263 110.571 -0.033878 0.0142346 0.999325 -0.18286
0.029986 -0.999453 0.0139672 4.40648 0.999072 0.0304011 0.0305219 111.161 -0.0309298 0.013039 0.999436 -0.182528
0.0288678 -0.999487 0.0138796 4.44779 0.999103 0.0292817 0.0306011 111.752 -0.0309919 0.0129838 0.999435 -0.182197
0.0272786 -0.999514 0.0150627 4.48911 0.999069 0.027764 0.0330126 112.342 -0.0334148 0.0141481 0.999341 -0.181865
0.0267271 -0.999504 0.0166811 4.53042 0.999037 0.0272883 0.034371 112.933 -0.0348091 0.0157464 0.99927 -0.181533
0.0260115 -0.99948 0.0190411 4.57173 0.999098 0.0266317 0.0330727 113.523 -0.0335626 0.0181636 0.999272 -0.181202
0.025449 -0.9995 0.0187414 4.61306 0.999113 0.0260592 0.0330665 114.114 -0.0335383 0.0178832 0.999277 -0.18087
0.0244763 -0.999556 0.0170115 4.65438 0.999208 0.0249949 0.0309717 114.704 -0.0313831 0.0162399 0.999375 -0.180539
0.0239365 -0.999586 0.0159953 4.6957 0.999227 0.0244207 0.0308013 115.295 -0.0311792 0.0152457 0.999398 -0.180207
0.0230953 -0.999607 0.0158638 4.73702 0.999186 0.0236046 0.0327079 115.886 -0.0330695 0.0150955 0.999339 -0.179876
0.0222872 -0.999656 0.0138339 4.77801 0.999223 0.0227233 0.0322083 116.476 -0.0325116 0.0131054 0.999385 -0.179598
0.0219012 -0.999672 0.0132822 4.81493 0.99927 0.0223045 0.0310148 117.065 -0.0313009 0.0125933 0.999431 -0.180035
0.0215108 -0.999703 0.0114842 4.85185 0.999266 0.0218627 0.0314512 117.654 -0.0316929 0.0107992 0.999439 -0.180471
0.0208566 -0.999742 0.00895343 4.88875 0.999251 0.0211365 0.032404 118.243 -0.0325849 0.0082709 0.999435 -0.180908
0.0207064 -0.999757 0.0075839 4.92568 0.999247 0.0209436 0.0326695 118.832 -0.0328204 0.00690172 0.999437 -0.181345
0.0209585 -0.999754 0.00722405 4.9626 0.99922 0.0211881 0.0333227 119.421 -0.0334676 0.00652002 0.999419 -0.181782
