0.0219729 -0.999539 0.0209675 0.384627 0.99831 0.0208079 -0.0542509 -0.587746 0.0537896 0.0221242 0.998307 -0.152108
0.027256 -0.998896 0.0382541 0.356905 0.995251 0.0235392 -0.0944557 -0.635262 0.093451 0.0406469 0.994794 -0.0751956
0.0286394 -0.998635 0.0436771 0.347864 0.99267 0.0232816 -0.118589 -0.598693 0.11741 0.0467533 0.991982 0.00449234
0.0281294 -0.998953 0.0360842 0.369085 0.993876 0.0240909 -0.107845 -0.6064 0.106863 0.0388968 0.993513 -0.0202221
0.0267163 -0.999196 0.0299012 0.366633 0.995698 0.0239442 -0.0895068 -0.600795 0.0887189 0.0321639 0.995537 -0.0570194
0.0255886 -0.999339 0.0258095 0.36191 0.997319 0.0237491 -0.0692221 -0.60443 0.0685634 0.0275116 0.997267 -0.0917256
0.0230456 -0.999391 0.026216 0.359216 0.998196 0.0215483 -0.0560301 -0.571228 0.055431 0.0274599 0.998085 -0.104724
0.0207151 -0.999395 0.0279461 0.374549 0.998663 0.0193598 -0.047925 -0.544134 0.047355 0.0289015 0.99846 -0.115707
0.0189389 -0.999376 0.029816 0.393656 0.998811 0.0175715 -0.0454748 -0.508274 0.0449225 0.0306418 0.99852 -0.125568
0.0183951 -0.999361 0.0306562 0.39827 0.998488 0.0167735 -0.0523383 -0.49038 0.0517906 0.0315726 0.998159 -0.117174
0.0186711 -0.99934 0.031167 0.406254 0.998085 0.0167906 -0.0595422 -0.483059 0.0589796 0.032219 0.997739 -0.109536
0.0191069 -0.999329 0.0312473 0.397073 0.997577 0.0169638 -0.0674694 -0.48281 0.066894 0.0324607 0.997232 -0.099767
0.0186274 -0.999348 0.0309335 0.379224 0.996957 0.0162227 -0.0762472 -0.46891 0.0756956 0.0322596 0.996609 -0.0736607
0.0172751 -0.999384 0.0305441 0.36538 0.99657 0.0147375 -0.0814375 -0.445227 0.0809372 0.0318462 0.99621 -0.0562917
0.0146911 -0.999433 0.030308 0.357201 0.996409 0.0121053 -0.0838026 -0.406487 0.0833881 0.0314303 0.996021 -0.0364028
0.0110153 -0.999493 0.0298805 0.351296 0.996371 0.00844883 -0.0846976 -0.363216 0.0844022 0.030705 0.995959 -0.0269566
0.00661707 -0.999532 0.0298811 0.340458 0.996638 0.00415165 -0.0818282 -0.322969 0.0816658 0.0303221 0.996198 -0.0261927
0.00100471 -0.999533 0.0305346 0.332901 0.996956 -0.00137922 -0.0779516 -0.276654 0.0779573 0.03052 0.996489 -0.0293169
-0.00479279 -0.999501 0.0312257 0.328864 0.997234 -0.00709321 -0.0739818 -0.24257 0.0741664 0.0307848 0.996771 -0.0324209
-0.0108019 -0.999445 0.0315151 0.331513 0.997437 -0.0129986 -0.0703549 -0.206839 0.0707255 0.0306744 0.997024 -0.0465715
-0.0178621 -0.999349 0.0313346 0.328264 0.997369 -0.0200113 -0.0696737 -0.171661 0.0702554 0.0300076 0.997078 -0.0639067
-0.025482 -0.999205 0.0306661 0.305707 0.997226 -0.0275535 -0.0691383 -0.141713 0.0699283 0.0288193 0.997136 -0.0852661
-0.0337499 -0.99897 0.0303342 0.292743 0.997006 -0.0357651 -0.0685491 -0.105762 0.0695634 0.0279299 0.997186 -0.0988951
-0.0432245 -0.998624 0.0296911 0.287777 0.996552 -0.0452033 -0.0695728 -0.0505741 0.0708193 0.0265815 0.997135 -0.0931326
-0.0539455 -0.998098 0.0298526 0.27461 0.995977 -0.0559252 -0.0700229 0.00298452 0.0715592 0.0259551 0.997099 -0.0814108
-0.0654409 -0.997399 0.0302132 0.263273 0.99545 -0.0673546 -0.0673978 0.0615984 0.0692575 0.0256652 0.997269 -0.0752359
-0.076913 -0.996573 0.0304396 0.252877 0.994756 -0.0787655 -0.0652413 0.10916 0.0674153 0.0252621 0.997405 -0.0588007
-0.0891759 -0.995545 0.03062 0.252401 0.993845 -0.090968 -0.0632172 0.155004 0.065721 0.024794 0.99753 -0.0499415
-0.10191 -0.994318 0.0307677 0.246315 0.992651 -0.10367 -0.0624194 0.209541 0.0652544 0.0241805 0.997576 -0.0556472
-0.11382 -0.99302 0.0309382 0.252329 0.991307 -0.115582 -0.062857 0.256307 0.0659942 0.0235149 0.997543 -0.062218
-0.124074 -0.991772 0.0315365 0.25832 0.989874 -0.125921 -0.0655312 0.303044 0.0689631 0.0230864 0.997352 -0.0682207
-0.133626 -0.990506 0.0322685 0.260184 0.988467 -0.135551 -0.0675253 0.341716 0.0712583 0.0228732 0.997196 -0.0596636
-0.140906 -0.989496 0.0322856 0.261439 0.987319 -0.142855 -0.0692359 0.384754 0.0731208 0.0221204 0.997078 -0.0505007
-0.147406 -0.988565 0.0317886 0.266362 0.98634 -0.149311 -0.0695675 0.423909 0.0735184 0.0210997 0.997071 -0.0549645
-0.151948 -0.987925 0.0302558 0.279431 0.985847 -0.15368 -0.0669944 0.467035 0.0708351 0.0196479 0.997294 -0.0789191
-0.154068 -0.987649 0.0284872 0.292186 0.985803 -0.1556 -0.0630928 0.503062 0.0667462 0.0183622 0.997601 -0.0899715
-0.15243 -0.98792 0.0279149 0.303666 0.986317 -0.153856 -0.0592226 0.492159 0.0628021 0.0185057 0.997854 -0.081742
-0.149942 -0.988287 0.0283841 0.295113 0.986845 -0.151355 -0.0568115 0.475523 0.0604422 0.0194923 0.997981 -0.0745553
-0.147398 -0.988634 0.0296063 0.272546 0.987149 -0.148913 -0.0579839 0.458463 0.0617337 0.0206791 0.997878 -0.0620814
-0.145385 -0.988891 0.0309546 0.242467 0.987157 -0.147082 -0.0623602 0.449502 0.0662203 0.0214908 0.997574 -0.051094
-0.144663 -0.98896 0.0321113 0.232364 0.986823 -0.146576 -0.0685234 0.447679 0.0724737 0.0217753 0.997133 -0.0554534
-0.144585 -0.988936 0.0331801 0.238176 0.986302 -0.146728 -0.0753609 0.444315 0.0793956 0.0218296 0.996604 -0.060533
-0.14482 -0.988904 0.033092 0.250788 0.985895 -0.147054 -0.0799152 0.434872 0.0838948 0.0210519 0.996252 -0.0664194
-0.14548 -0.988826 0.032545 0.268799 0.985417 -0.147756 -0.0843854 0.435148 0.0882512 0.019794 0.995902 -0.0543442
-0.145621 -0.988815 0.0322544 0.280661 0.985376 -0.147876 -0.084659 0.438186 0.0884817 0.0194546 0.995888 -0.0465179
-0.146042 -0.988763 0.0319271 0.280298 0.985412 -0.148246 -0.08358 0.440008 0.0873739 0.0192552 0.99599 -0.0323466
-0.14632 -0.988728 0.0317265 0.265405 0.985747 -0.14842 -0.0792113 0.43612 0.0830273 0.0196842 0.996353 -0.0481542
-0.146391 -0.988729 0.03138 0.251577 0.986019 -0.148395 -0.0757979 0.4405 0.0796003 0.0198452 0.996629 -0.054796
-0.146447 -0.988736 0.0308939 0.248108 0.98615 -0.14838 -0.07411 0.44828 0.0778592 0.0196128 0.996771 -0.0500751
-0.146288 -0.988751 0.0311513 0.254428 0.986169 -0.148242 -0.0741299 0.455129 0.077914 0.0198761 0.996762 -0.0406975
-0.145842 -0.988821 0.0310188 0.265932 0.986125 -0.147815 -0.0755519 0.454515 0.0792923 0.0195698 0.996659 -0.0335847
-0.145519 -0.988861 0.0312734 0.267296 0.98604 -0.147544 -0.0771797 0.450723 0.0809342 0.0196057 0.996527 -0.0327722
-0.146268 -0.988759 0.0310111 0.268756 0.985913 -0.148274 -0.0773934 0.446785 0.0811215 0.0192541 0.996518 -0.0288006
-0.146925 -0.988666 0.0308599 0.265642 0.985958 -0.148883 -0.0756309 0.451252 0.0793682 0.0193146 0.996658 -0.0239522
-0.147332 -0.988609 0.0307509 0.273582 0.986059 -0.149241 -0.0735878 0.458152 0.0773389 0.0194803 0.996815 -0.019763
-0.147328 -0.98861 0.0307428 0.283768 0.986023 -0.149245 -0.0740612 0.464901 0.0778058 0.0194019 0.99678 -0.0153975
-0.147504 -0.988571 0.0311404 0.263979 0.985849 -0.149488 -0.0758651 0.459257 0.0796532 0.0195093 0.996632 -0.00653405
-0.147309 -0.988578 0.031843 0.25346 0.985779 -0.149372 -0.076997 0.448566 0.080874 0.0200478 0.996523 0.000175602
-0.147225 -0.988581 0.0321425 0.244121 0.985709 -0.149332 -0.0779578 0.44716 0.0818675 0.0202058 0.996438 0.00425918
-0.14755 -0.988528 0.0322813 0.2375 0.985726 -0.14965 -0.0771287 0.454715 0.0810748 0.0204402 0.996498 0.00267914
-0.148338 -0.988398 0.0326297 0.223689 0.98576 -0.150423 -0.0751713 0.471781 0.0792075 0.0210143 0.996637 -0.000913729
-0.149686 -0.988214 0.0320357 0.208961 0.985682 -0.15169 -0.0736318 0.495483 0.0776235 0.0205553 0.996771 -0.0117999
-0.151651 -0.987932 0.0315132 0.201607 0.985509 -0.153576 -0.0720187 0.511583 0.0759892 0.0201349 0.996905 -0.0174802
-0.154117 -0.98756 0.0312051 0.201709 0.985179 -0.155999 -0.0713161 0.526655 0.0752968 0.0197516 0.996966 -0.0112701
-0.15714 -0.987063 0.0318525 0.207706 0.984758 -0.159045 -0.0704061 0.54295 0.0745612 0.0203034 0.99701 -0.0115214
-0.160362 -0.986523 0.0325087 0.205531 0.984388 -0.162262 -0.0681958 0.56598 0.0725516 0.0210652 0.997142 -0.0282109
-0.164149 -0.985886 0.032924 0.199446 0.983973 -0.166005 -0.0651172 0.599781 0.0696637 0.0217074 0.997334 -0.0591057
-0.168996 -0.985078 0.0325863 0.192127 0.983425 -0.170732 -0.0610423 0.622641 0.0656949 0.0217303 0.997603 -0.0863285
-0.174812 -0.984067 0.0324636 0.183816 0.982616 -0.176458 -0.0576971 0.657351 0.0625062 0.0218131 0.997806 -0.0969219
-0.181143 -0.982929 0.0322125 0.175623 0.981535 -0.182739 -0.0565276 0.692547 0.061449 0.0213781 0.997881 -0.0899837
-0.187864 -0.981675 0.0319698 0.141992 0.980221 -0.18945 -0.0572364 0.712473 0.0622442 0.0205848 0.997849 -0.0727431
-0.1952 -0.980236 0.032164 0.124037 0.97858 -0.196848 -0.0602635 0.735076 0.0654039 0.0197116 0.997664 -0.0518199
-0.203449 -0.978546 0.032499 0.100337 0.976612 -0.205181 -0.0642598 0.770172 0.0695494 0.0186653 0.997404 -0.0453525
-0.213884 -0.976304 0.0329177 0.0650086 0.974125 -0.215684 -0.0675328 0.815145 0.0730324 0.0176217 0.997174 -0.0530582
-0.227288 -0.973253 0.0334622 0.0262361 0.970807 -0.229153 -0.0708676 0.87162 0.07664 0.016378 0.996924 -0.065496
-0.244325 -0.969099 0.0339571 -0.00838981 0.966465 -0.246218 -0.0729538 0.93315 0.0790603 0.0149938 0.996757 -0.0805766
-0.263602 -0.964018 0.0344079 -0.0360259 0.961309 -0.265485 -0.0734972 1.01234 0.0799873 0.0137026 0.996702 -0.0909249
-0.284879 -0.957925 0.0349952 -0.0667178 0.955127 -0.286757 -0.0741771 1.10589 0.0810912 0.0122934 0.996631 -0.0843893
-0.307554 -0.950881 0.0351458 -0.101742 0.94796 -0.309387 -0.0751691 1.20464 0.0823506 0.0101983 0.996551 -0.0606149
-0.330112 -0.943284 0.0352209 -0.123734 0.940215 -0.331892 -0.0764435 1.30107 0.0837975 0.00788026 0.996452 -0.0383866
-0.350718 -0.935817 0.035266 -0.122131 0.933071 -0.352404 -0.0720441 1.42512 0.079848 0.00763856 0.996778 -0.038224
-0.365053 -0.930299 0.0357722 -0.16701 0.928479 -0.366619 -0.0593026 1.59379 0.0682839 0.0115652 0.997599 -0.0958827
-0.377772 -0.925184 0.0363698 -0.22249 0.924064 -0.379205 -0.0480656 1.76927 0.0582611 0.0154502 0.998182 -0.142609
-0.387459 -0.92117 0.0363634 -0.29304 0.920321 -0.388798 -0.0429565 1.94266 0.0537082 0.0168221 0.998415 -0.130867
-0.393556 -0.918601 0.0358685 -0.361133 0.917702 -0.394872 -0.0435801 2.11073 0.0541962 0.0157654 0.998406 -0.121758
-0.395588 -0.91774 0.0355376 -0.421181 0.916811 -0.396891 -0.0439954 2.2736 0.0544809 0.0151772 0.998399 -0.127142
-0.393762 -0.918531 0.0353809 -0.468758 0.91759 -0.395061 -0.0442268 2.445 0.0546013 0.0150503 0.998395 -0.136405
-0.386687 -0.921538 0.0352348 -0.505675 0.920586 -0.387991 -0.0445475 2.62805 0.054723 0.0152107 0.998386 -0.150358
-0.376243 -0.925866 0.0348335 -0.555227 0.924956 -0.377526 -0.043935 2.83229 0.0538285 0.0156892 0.998427 -0.158358
-0.362864 -0.931197 0.0346683 -0.603407 0.93033 -0.364143 -0.0434317 3.05037 0.0530677 0.0164932 0.998455 -0.152951
-0.345825 -0.937654 0.0347917 -0.647723 0.936882 -0.347103 -0.0420921 3.25823 0.0515441 0.0180392 0.998508 -0.148939
-0.32674 -0.944475 0.0347684 -0.699208 0.943821 -0.327996 -0.0402666 3.46616 0.0494346 0.0196585 0.998584 -0.153124
-0.306158 -0.951355 0.034504 -0.738725 0.950715 -0.307419 -0.04043 3.68025 0.0490704 0.0204255 0.998586 -0.151732
-0.284379 -0.958085 0.0346758 -0.802931 0.957344 -0.285719 -0.0430878 3.90441 0.0511893 0.0209435 0.998469 -0.146767
-0.26202 -0.964435 0.0348038 -0.867104 0.963386 -0.263519 -0.0494386 4.11986 0.0568518 0.0205756 0.998171 -0.127805
-0.240245 -0.97009 0.0347577 -0.921255 0.968548 -0.241946 -0.0581124 4.34639 0.0647837 0.0197033 0.997705 -0.105927
-0.220351 -0.974811 0.0344762 -0.97145 0.97261 -0.22226 -0.0680413 4.59534 0.0739902 0.018539 0.997087 -0.0733417
-0.204995 -0.978128 0.0352509 -1.02113 0.975088 -0.20721 -0.0791625 4.86276 0.0847354 0.0181448 0.996238 -0.0413707
-0.194475 -0.980195 0.0373675 -1.03407 0.976262 -0.197117 -0.0897605 5.11163 0.0953486 0.0190243 0.995262 -0.0220457
-0.184732 -0.981986 0.0397097 -1.0414 0.977419 -0.18779 -0.0968874 5.37789 0.102599 0.0209148 0.994503 -0.00117128
-0.17512 -0.983664 0.0416947 -1.07278 0.979104 -0.178442 -0.0975434 5.66651 0.10339 0.0237416 0.994357 -0.0185583
-0.166511 -0.985146 0.0419762 -1.11267 0.980642 -0.169898 -0.0973412 5.96339 0.103027 0.0249553 0.994365 -0.035214
-0.158044 -0.986622 0.0399995 -1.15771 0.981989 -0.161291 -0.0983996 6.26825 0.103535 0.0237276 0.994343 -0.0255915
-0.149566 -0.988029 0.0378089 -1.18936 0.983461 -0.152608 -0.097544 6.57189 0.102146 0.0225943 0.994513 -0.0191148
-0.140973 -0.989394 0.0350292 -1.22596 0.984772 -0.143775 -0.0977369 6.8739 0.101737 0.0207176 0.994596 -0.0103713
-0.132614 -0.990629 0.0326827 -1.26408 0.985981 -0.135218 -0.0977646 7.18532 0.101268 0.0192595 0.994673 -0.0168939
-0.124249 -0.991781 0.0305448 -1.28723 0.987023 -0.126691 -0.0986661 7.50343 0.101725 0.0178893 0.994652 -0.0171281
-0.115807 -0.992852 0.0288755 -1.3066 0.987926 -0.118147 -0.100215 7.82956 0.102911 0.0169213 0.994547 -0.00710638
-0.108784 -0.993682 0.0276 -1.32496 0.988381 -0.111085 -0.103741 8.17411 0.106151 0.0159939 0.994221 0.008318
-0.10324 -0.994289 0.027032 -1.34832 0.988373 -0.1056 -0.109396 8.52625 0.111625 0.0154237 0.993631 0.0156578
-0.0991558 -0.994698 0.0272794 -1.37411 0.988441 -0.101618 -0.11251 8.86865 0.114686 0.015808 0.993276 0.0231325
-0.0959075 -0.994995 0.0280536 -1.39094 0.988822 -0.0984692 -0.111962 9.22737 0.114164 0.017002 0.993316 0.0321392
-0.0933857 -0.995221 0.02855 -1.39793 0.989673 -0.0959208 -0.106516 9.61691 0.108746 0.0183081 0.993901 0.025658
-0.0911679 -0.995438 0.0281263 -1.42584 0.99048 -0.0935666 -0.100964 9.99961 0.103135 0.0186539 0.994492 0.00551087
-0.0885884 -0.995713 0.0265993 -1.45213 0.990985 -0.0907993 -0.0985077 10.3646 0.100501 0.0176328 0.994781 -0.00580715
-0.0843286 -0.996142 0.0242981 -1.46132 0.990579 -0.0864483 -0.106207 10.7661 0.107898 0.0151128 0.994047 0.000817349
-0.0795863 -0.996582 0.0221532 -1.47835 0.990213 -0.0815947 -0.113231 11.1664 0.114652 0.0129248 0.993322 0.00999781
-0.0752687 -0.996961 0.0200879 -1.4928 0.990115 -0.0771125 -0.117157 11.5835 0.11835 0.011071 0.99291 0.0221919
-0.0710491 -0.9973 0.01858 -1.51542 0.990296 -0.0727561 -0.118403 11.9993 0.119435 0.00998722 0.992792 0.0315049
-0.0665616 -0.997618 0.0180863 -1.53406 0.990626 -0.0682404 -0.118333 12.4273 0.119286 0.0100403 0.992809 0.0416941
-0.0621469 -0.997889 0.0188352 -1.53146 0.991175 -0.0639208 -0.116134 12.8586 0.117093 0.0114516 0.993055 0.0542509
-0.0581513 -0.998089 0.0208868 -1.53801 0.991855 -0.0601377 -0.112278 13.2994 0.113319 0.0141876 0.993457 0.0605179
-0.0533527 -0.998302 0.0233812 -1.53179 0.992448 -0.0556007 -0.10934 13.7432 0.110454 0.017371 0.993729 0.068672
-0.047923 -0.998531 0.02527 -1.54139 0.992969 -0.0503671 -0.107126 14.1665 0.108241 0.0199585 0.993924 0.0563581
-0.0429276 -0.998762 0.0251411 -1.55302 0.993391 -0.0453509 -0.105438 14.6286 0.106448 0.0204488 0.994108 0.0413048
-0.0384799 -0.998975 0.023842 -1.56074 0.993716 -0.0407652 -0.104241 15.0928 0.105106 0.019681 0.994266 0.0459363
-0.0336905 -0.999197 0.0216662 -1.54684 0.994096 -0.0357399 -0.102449 15.5392 0.103141 0.0180868 0.994502 0.0703598
-0.0286617 -0.999404 0.0192507 -1.52206 0.99454 -0.0304448 -0.099815 16.0012 0.100342 0.0162847 0.99482 0.0967492
-0.0238272 -0.999554 0.0179735 -1.50438 0.994859 -0.0254777 -0.0980159 16.4562 0.0984302 0.0155457 0.995022 0.120611
-0.0190672 -0.999644 0.018648 -1.48418 0.994973 -0.0208054 -0.0979568 16.9065 0.09831 0.0166865 0.995016 0.104365
-0.0141563 -0.999725 0.0186687 -1.48165 0.99468 -0.0159852 -0.101765 17.3837 0.102035 0.0171288 0.994633 0.0960289
-0.0114935 -0.999755 0.0189376 -1.49078 0.993977 -0.0134872 -0.10876 17.8651 0.108988 0.0175735 0.993888 0.118168
-0.00949362 -0.999767 0.0193993 -1.48804 0.993535 -0.0116257 -0.112929 18.3681 0.113128 0.0182018 0.993414 0.134526
-0.00799204 -0.999759 0.020468 -1.46378 0.99388 -0.0101969 -0.109992 18.8766 0.110174 0.0194636 0.993722 0.128462
-0.0062928 -0.99978 0.0199853 -1.44115 0.994074 -0.00842333 -0.108378 19.3839 0.108523 0.0191848 0.993909 0.113344
-0.00495303 -0.999818 0.0184146 -1.4199 0.994097 -0.00691889 -0.108275 19.9009 0.108383 0.0177696 0.99395 0.100714
-0.00325541 -0.99986 0.016382 -1.40344 0.99391 -0.00503953 -0.110075 20.3941 0.110142 0.0159239 0.993788 0.101921
-0.00112126 -0.999893 0.0146028 -1.38233 0.993339 -0.00279625 -0.115194 20.8971 0.115222 0.0143764 0.993236 0.111203
0.000691482 -0.999919 0.0126706 -1.35639 0.992254 -0.000887885 -0.12422 21.3921 0.124221 0.0126584 0.992174 0.11511
0.00260279 -0.999931 0.0114811 -1.31923 0.991425 0.00108031 -0.130671 21.8964 0.130649 0.0117227 0.991359 0.127183
0.00399624 -0.999925 0.0115892 -1.2848 0.991301 0.00243659 -0.131593 22.396 0.131555 0.0120143 0.991236 0.133126
0.00596398 -0.999898 0.012949 -1.27404 0.9916 0.00424038 -0.129271 22.8843 0.129203 0.0136112 0.991525 0.121015
0.00809976 -0.999864 0.0143372 -1.26371 0.991787 0.00620251 -0.12775 23.3821 0.127644 0.0152542 0.991703 0.112266
0.00963078 -0.999823 0.0161807 -1.25412 0.991918 0.00750488 -0.126657 23.8658 0.126513 0.0172698 0.991815 0.117003
0.011024 -0.999779 0.0178938 -1.23561 0.991848 0.00866124 -0.127128 24.3377 0.126945 0.0191494 0.991725 0.125917
0.0126511 -0.999737 0.0191126 -1.20556 0.992044 0.0101548 -0.125484 24.8082 0.125257 0.0205481 0.991912 0.127427
0.0142545 -0.999725 0.0186347 -1.16836 0.992395 0.0118663 -0.122519 25.2909 0.122264 0.0202394 0.992291 0.13442
0.0157537 -0.999736 0.0167319 -1.13159 0.992849 0.0136603 -0.118596 25.7613 0.118336 0.0184805 0.992802 0.13179
0.0174564 -0.999754 0.0136833 -1.10379 0.993099 0.0157495 -0.116218 26.2203 0.115974 0.0156176 0.993129 0.135
0.0195369 -0.999753 0.0105963 -1.08378 0.99291 0.0181581 -0.117472 26.6715 0.117251 0.0128163 0.99302 0.13472
0.0210964 -0.999742 0.0084515 -1.0812 0.992352 0.0199106 -0.121828 27.1407 0.121628 0.010957 0.992515 0.134044
0.0214502 -0.999737 0.00807434 -1.04545 0.991865 0.0202663 -0.125674 27.572 0.125477 0.0107044 0.992039 0.152494
0.0209172 -0.999741 0.00893802 -1.01301 0.991776 0.0196198 -0.126473 28.0168 0.126265 0.01151 0.99193 0.167319
0.0201484 -0.999738 0.0108482 -0.968879 0.992054 0.0186435 -0.12442 28.4662 0.124185 0.0132688 0.99217 0.176675
0.0201393 -0.999714 0.0129338 -0.940104 0.992413 0.0184196 -0.121558 28.939 0.121285 0.0152837 0.9925 0.174008
0.0196832 -0.999705 0.014237 -0.934081 0.992373 0.0178017 -0.121978 29.4075 0.121688 0.0165294 0.992431 0.172884
0.0195643 -0.999701 0.0146603 -0.906052 0.992329 0.0176256 -0.122359 29.853 0.122064 0.0169417 0.992378 0.158093
0.0195239 -0.999707 0.0143235 -0.859816 0.992232 0.0176136 -0.123146 30.2883 0.122858 0.0166165 0.992285 0.155705
0.0189387 -0.999729 0.0135272 -0.822537 0.992502 0.0171642 -0.121021 30.7132 0.120756 0.0157178 0.992558 0.155185
0.0183234 -0.999755 0.0124364 -0.784857 0.992638 0.0167008 -0.11996 31.1512 0.119723 0.014543 0.992701 0.167738
0.0181261 -0.999764 0.0119474 -0.762407 0.992534 0.0165509 -0.120841 31.5792 0.120615 0.0140486 0.9926 0.172344
0.0169109 -0.999789 0.011685 -0.764768 0.992007 0.0153154 -0.125249 32.0167 0.125044 0.0137096 0.992056 0.169365
0.0156637 -0.999798 0.0125905 -0.741089 0.991552 0.0139105 -0.12896 32.4289 0.128759 0.0145042 0.99157 0.170993
0.0139724 -0.999812 0.0134066 -0.715101 0.991122 0.0120755 -0.132407 32.8444 0.13222 0.0151376 0.991105 0.183406
0.0121481 -0.999835 0.0135043 -0.694726 0.991207 0.0102615 -0.131922 33.2712 0.131762 0.0149882 0.991168 0.180476
0.00975893 -0.999886 0.0114894 -0.678064 0.991495 0.00818458 -0.129883 33.7139 0.129775 0.0126592 0.991463 0.125609
0.00780575 -0.999932 0.00860249 -0.671268 0.991413 0.00661565 -0.130604 34.1455 0.130538 0.00954808 0.991397 0.10554
0.00597878 -0.999965 0.00578274 -0.657884 0.991474 0.00517508 -0.130199 34.5592 0.130164 0.00651187 0.991471 0.0946797
0.0045987 -0.999985 0.00282069 -0.65126 0.991528 0.00419361 -0.129823 34.9708 0.129809 0.00339381 0.991533 0.104919
0.0029366 -0.999996 0.00042817 -0.646272 0.991444 0.00285561 -0.130505 35.3842 0.130503 0.000807748 0.991448 0.125589
0.00103654 -0.999999 -0.00120776 -0.621107 0.991211 0.0011872 -0.132286 35.7995 0.132287 -0.00106003 0.991211 0.137092
0.000893711 -0.999999 0.00129453 -0.597486 0.990566 0.000707886 -0.137033 36.2098 0.137032 0.00140479 0.990566 0.148593
-0.000214418 -0.99999 0.00435864 -0.583885 0.989964 -0.000828217 -0.141315 36.6345 0.141318 0.0042846 0.989955 0.157017
-0.00165829 -0.999962 0.00852781 -0.561537 0.989863 -0.00285251 -0.141997 37.0642 0.142016 0.00820589 0.98983 0.152374
-0.00336379 -0.999917 0.0124358 -0.528819 0.990137 -0.00507216 -0.140009 37.4925 0.14006 0.0118422 0.990072 0.128591
-0.00446645 -0.999879 0.0148859 -0.505518 0.99059 -0.00646028 -0.136712 37.9233 0.136792 0.0141352 0.990499 0.110595
-0.00542597 -0.999862 0.0156893 -0.498211 0.990912 -0.00748483 -0.134304 38.345 0.134403 0.014818 0.990816 0.101695
-0.00639232 -0.999872 0.0146601 -0.492174 0.991004 -0.00829406 -0.133572 38.7449 0.133676 0.0136744 0.990931 0.0942712
-0.00735032 -0.999902 0.0118828 -0.479519 0.991047 -0.00886836 -0.133216 39.1324 0.133308 0.0107972 0.991016 0.0919955
-0.00791806 -0.999934 0.00833659 -0.459867 0.991043 -0.0089585 -0.13324 39.5168 0.133306 0.00720692 0.991049 0.104005
-0.00856057 -0.999951 0.00498721 -0.43818 0.991133 -0.00914622 -0.132562 39.9087 0.132601 0.00380818 0.991162 0.121225
-0.00832488 -0.999961 0.00287124 -0.412439 0.991111 -0.00863239 -0.132754 40.3174 0.132774 0.00174056 0.991145 0.148825
-0.00711761 -0.99997 0.00319351 -0.412609 0.990897 -0.0074823 -0.134417 40.7012 0.134436 0.00220771 0.99092 0.159653
-0.00725388 -0.999965 0.00412515 -0.410604 0.990682 -0.00774748 -0.135977 41.093 0.136005 0.00310035 0.990703 0.1625
-0.00709069 -0.999964 0.0046914 -0.397228 0.990492 -0.00766793 -0.137355 41.5145 0.137386 0.00367286 0.990511 0.143349
-0.00658895 -0.999964 0.00540831 -0.37623 0.990556 -0.00726747 -0.136917 41.9317 0.136951 0.0044551 0.990568 0.112054
-0.00649183 -0.999959 0.00639501 -0.354219 0.990728 -0.00729951 -0.135663 42.3494 0.135704 0.00545501 0.990734 0.121313
-0.00559544 -0.999951 0.00813662 -0.353968 0.991246 -0.0066197 -0.131864 42.7319 0.131911 0.00732756 0.991234 0.170352
-0.00463357 -0.99994 0.00995411 -0.336022 0.991605 -0.00588081 -0.129171 43.1204 0.129222 0.00927202 0.991572 0.186665
-0.00288593 -0.99993 0.0114608 -0.329635 0.9915 -0.00435197 -0.130032 43.5372 0.130073 0.0109881 0.991444 0.194201
6.43976e-05 -0.999916 0.0129268 -0.310033 0.991098 -0.00165719 -0.133125 43.9271 0.133135 0.0128203 0.991015 0.165589
0.00260053 -0.999895 0.0142593 -0.292933 0.990508 0.0006159 -0.137455 44.3267 0.137431 0.0144814 0.990405 0.152755
0.00464383 -0.999869 0.015504 -0.237019 0.990436 0.00246099 -0.137948 44.7319 0.137892 0.0159964 0.990318 0.132299
0.00676782 -0.999836 0.0168108 -0.208754 0.990759 0.00442707 -0.135563 45.1163 0.135466 0.017573 0.990626 0.117971
0.00941994 -0.999804 0.0173898 -0.208995 0.991172 0.00703589 -0.132392 45.5251 0.132244 0.0184834 0.991045 0.0962422
0.00997017 -0.999803 0.01719 -0.196247 0.990874 0.00756726 -0.134579 45.9655 0.134423 0.0183749 0.990754 0.124808
0.0110002 -0.999796 0.0169219 -0.192206 0.990666 0.00859718 -0.136042 46.396 0.135869 0.0182605 0.990558 0.136548
0.0119177 -0.999787 0.0168587 -0.178613 0.990727 0.00952434 -0.135531 46.8121 0.135342 0.0183176 0.99063 0.15379
0.011986 -0.9998 0.016018 -0.148784 0.990807 0.00971642 -0.134933 47.2217 0.134751 0.0174881 0.990725 0.154734
0.0112402 -0.999841 0.013865 -0.115379 0.990745 0.00926009 -0.135417 47.642 0.135267 0.0152588 0.990692 0.14515
0.0111495 -0.999874 0.0112776 -0.0758561 0.990357 0.00948448 -0.138213 48.0684 0.138089 0.0127099 0.990338 0.143541
0.011501 -0.99989 0.00933083 -0.0596236 0.989539 0.010039 -0.143914 48.5148 0.143805 0.0108884 0.989546 0.154615
0.0115021 -0.999902 0.00799101 -0.0353333 0.98876 0.0101819 -0.149164 48.9665 0.149068 0.00961689 0.98878 0.157192
0.0113643 -0.999911 0.00698767 0.0011153 0.988068 0.0101557 -0.153682 49.4247 0.153597 0.00865078 0.988096 0.161931
0.0115254 -0.999909 0.00696258 0.021501 0.987615 0.0102935 -0.156558 49.8907 0.156472 0.00868074 0.987644 0.168081
0.0114381 -0.999905 0.00766296 0.0428757 0.9877 0.0101026 -0.156036 50.3609 0.155944 0.00935346 0.987722 0.162733
0.0112934 -0.999897 0.0088587 0.0641664 0.988436 0.00982334 -0.15132 50.8342 0.151217 0.0104652 0.988445 0.158274
0.0113311 -0.999886 0.0100032 0.0814472 0.989358 0.00975939 -0.145177 51.3046 0.145063 0.0115417 0.989355 0.162744
0.0110548 -0.999887 0.010154 0.117667 0.990041 0.00951958 -0.140457 51.8023 0.140344 0.0116056 0.990035 0.155212
0.0110373 -0.999889 0.0100096 0.144722 0.990201 0.00953559 -0.139327 52.3131 0.139216 0.0114493 0.990196 0.148431
0.0111005 -0.999889 0.00993955 0.156315 0.990143 0.00960328 -0.13973 52.7867 0.139619 0.0113926 0.99014 0.148478
0.0104326 -0.999896 0.00999817 0.169322 0.989975 0.00891958 -0.140962 53.2611 0.140859 0.0113685 0.989964 0.169038
0.00946548 -0.999911 0.00944495 0.202237 0.989461 0.00800093 -0.144576 53.7213 0.144488 0.0107139 0.989449 0.164492
0.00853247 -0.999926 0.00862209 0.235073 0.988993 0.00716481 -0.147792 54.2231 0.147719 0.00978821 0.988981 0.181919
0.00768213 -0.999938 0.008014 0.261256 0.988925 0.00640914 -0.148279 54.7085 0.148219 0.00906435 0.988913 0.164695
0.00751047 -0.99994 0.00797112 0.280365 0.989242 0.00626501 -0.146157 55.1974 0.146099 0.00898307 0.989229 0.14238
0.00662485 -0.999946 0.00797913 0.308265 0.989662 0.00541309 -0.143319 55.6752 0.143268 0.0088461 0.989644 0.158988
0.00568457 -0.999949 0.00838562 0.326578 0.990137 0.00445449 -0.14003 56.1485 0.139986 0.00909892 0.990112 0.189941
0.00472671 -0.999948 0.00906785 0.34584 0.990236 0.00341707 -0.139356 56.6256 0.139318 0.00963801 0.990201 0.206865
0.00450261 -0.999945 0.00949838 0.361049 0.989743 0.00309999 -0.142824 57.0988 0.142787 0.010044 0.989702 0.214198
0.00408813 -0.999942 0.00996426 0.375052 0.98887 0.00256048 -0.148761 57.5847 0.148727 0.0104615 0.988823 0.224646
0.00351634 -0.999945 0.00990237 0.398923 0.988172 0.00195649 -0.153335 58.0709 0.153307 0.0103244 0.988125 0.225421
0.0028076 -0.999952 0.009417 0.4574 0.987801 0.00130702 -0.155717 58.5581 0.155697 0.00973931 0.987757 0.217759
0.00237757 -0.999955 0.00922176 0.491107 0.987945 0.00092138 -0.154804 59.0195 0.154789 0.00947865 0.987902 0.214205
0.00270342 -0.999954 0.00921208 0.528058 0.9882 0.00126062 -0.153163 59.49 0.153145 0.00951745 0.988158 0.210499
0.00292331 -0.999952 0.00936539 0.557879 0.988385 0.00146626 -0.15196 59.9657 0.151939 0.00970084 0.988342 0.215411
0.00429958 -0.999944 0.00965022 0.579785 0.988436 0.00278689 -0.151616 60.447 0.15158 0.0101905 0.988392 0.22325
0.00580878 -0.99994 0.00927572 0.593388 0.988512 0.00434096 -0.151077 60.9378 0.151028 0.0100467 0.988478 0.231978
0.00631338 -0.999941 0.00882927 0.615933 0.988508 0.00490713 -0.151087 61.4126 0.151034 0.00968167 0.988481 0.239822
0.0073651 -0.999935 0.00870021 0.642949 0.988658 0.00597636 -0.150064 61.8783 0.150002 0.00970677 0.988638 0.253974
0.00795006 -0.999927 0.00905744 0.669201 0.988517 0.00649181 -0.150973 62.335 0.150903 0.0101537 0.988496 0.272523
0.00862205 -0.99992 0.00930161 0.687866 0.98838 0.00711009 -0.151838 62.7903 0.15176 0.0105027 0.988362 0.274302
0.00921245 -0.999914 0.00934869 0.703728 0.988067 0.00766501 -0.153836 63.2547 0.153751 0.0106543 0.988052 0.271701
0.00990281 -0.999908 0.00928128 0.728727 0.987782 0.00833822 -0.155621 63.6994 0.155529 0.010709 0.987773 0.268851
0.0104845 -0.999903 0.00921696 0.749047 0.987396 0.00889675 -0.158019 64.1314 0.157921 0.0107575 0.987393 0.268689
0.0107184 -0.999906 0.00859476 0.780663 0.987152 0.00921048 -0.159521 64.56 0.159427 0.0101941 0.987157 0.267977
0.0114545 -0.9999 0.00829252 0.792191 0.987123 0.0099841 -0.159649 64.9965 0.15955 0.0100144 0.987139 0.263569
0.011947 -0.999891 0.00863561 0.800361 0.987076 0.0104127 -0.159917 65.4331 0.159809 0.0104345 0.987093 0.268176
0.0124941 -0.99988 0.00917271 0.826559 0.98689 0.0108546 -0.161027 65.8599 0.160908 0.0110643 0.986907 0.277242
0.0135521 -0.99986 0.00976027 0.855639 0.986782 0.0117971 -0.161626 66.2891 0.161488 0.0118216 0.986804 0.26631
0.0144816 -0.999847 0.00982465 0.880726 0.986855 0.0127103 -0.16111 66.7356 0.16096 0.0120286 0.986888 0.261728
0.0152239 -0.999835 0.00989744 0.907149 0.987005 0.0134434 -0.160128 67.1855 0.159968 0.0122066 0.987047 0.269475
0.0161586 -0.999819 0.0100852 0.92328 0.987101 0.0143446 -0.159457 67.63 0.159283 0.0125317 0.987153 0.267913
0.0166207 -0.999823 0.00884209 0.939247 0.986773 0.0149762 -0.161417 68.0467 0.161256 0.011408 0.986847 0.255727
0.0168052 -0.999832 0.00734036 0.973443 0.98664 0.0153928 -0.162185 68.4641 0.162044 0.00996784 0.986733 0.257877
0.0174721 -0.999826 0.00645348 1.02643 0.986909 0.0162107 -0.160458 68.8676 0.160326 0.00917256 0.987022 0.271848
0.0187629 -0.9998 0.00696832 1.05308 0.987492 0.0174397 -0.156702 69.3043 0.156549 0.00982134 0.987621 0.300927
0.0195034 -0.99978 0.00767885 1.07038 0.988145 0.0181055 -0.152452 69.7589 0.15228 0.0105612 0.988281 0.303784
0.0213347 -0.999738 0.00830746 1.08566 0.988274 0.019832 -0.151397 70.2112 0.151192 0.0114401 0.988438 0.30134
0.023437 -0.999686 0.00889462 1.11272 0.988129 0.0218131 -0.152067 70.6589 0.151825 0.012353 0.98833 0.306538
0.0259013 -0.999624 0.00905207 1.15173 0.987914 0.0242115 -0.153103 71.1064 0.152826 0.0129082 0.988169 0.307025
0.0283332 -0.999562 0.00854218 1.2057 0.987664 0.0266773 -0.154301 71.559 0.154005 0.0128086 0.987987 0.300891
0.0317587 -0.999464 0.00798691 1.2536 0.987232 0.0301201 -0.156414 72.0232 0.15609 0.0128525 0.987659 0.298626
0.0354957 -0.999336 0.00824695 1.28797 0.987159 0.0337748 -0.156128 72.4657 0.155746 0.0136829 0.987702 0.309061
0.0394301 -0.999181 0.0091395 1.32104 0.987045 0.0375242 -0.155997 72.9179 0.155526 0.0151721 0.987715 0.315817
0.0429376 -0.999021 0.0106773 1.35252 0.987115 0.0407722 -0.154728 73.3865 0.154141 0.0171834 0.987899 0.319588
0.0460935 -0.998866 0.0119598 1.40371 0.987364 0.043739 -0.152312 73.8873 0.151617 0.0188293 0.98826 0.312152
0.0492602 -0.998705 0.0127372 1.43719 0.987545 0.046794 -0.150214 74.3951 0.149423 0.0199782 0.988572 0.298688
0.0504413 -0.998649 0.012515 1.47732 0.987807 0.0480378 -0.148088 74.9028 0.147287 0.0198321 0.988895 0.293263
0.0503908 -0.998652 0.0124556 1.52664 0.988048 0.0480289 -0.146473 75.3775 0.145677 0.0196875 0.989136 0.308757
0.0504491 -0.99864 0.0131248 1.58421 0.988354 0.0480317 -0.144394 75.8442 0.143567 0.0202565 0.989433 0.311294
0.0514381 -0.998581 0.0137634 1.64184 0.988569 0.0489569 -0.142597 76.3193 0.141721 0.020941 0.989685 0.321055
0.0524422 -0.998526 0.0139815 1.6781 0.988621 0.049935 -0.141901 76.801 0.140994 0.021264 0.989782 0.329753
0.0529257 -0.998509 0.0133347 1.70856 0.988603 0.0505066 -0.141821 77.2746 0.140936 0.0206887 0.989802 0.338111
0.0529252 -0.99855 0.00981635 1.77045 0.988486 0.0509913 -0.142459 77.8114 0.141752 0.017243 0.989752 0.317151
0.053104 -0.998569 0.00630613 1.83435 0.988943 0.0517143 -0.138988 78.3322 0.138463 0.0136172 0.990274 0.363977
0.0516078 -0.998661 0.00366679 1.8801 0.989745 0.0506566 -0.133564 78.8287 0.1332 0.0105222 0.991033 0.38794
0.0495494 -0.99877 0.00158331 1.91494 0.990519 0.0489365 -0.128368 79.3401 0.128132 0.00792882 0.991725 0.392073
0.0474864 -0.998872 0.00019192 1.95347 0.990998 0.047088 -0.125323 79.8368 0.125173 0.00614134 0.992116 0.397872
0.0451032 -0.998982 -0.000202639 1.99813 0.991161 0.0447754 -0.124877 80.3245 0.124759 0.00543149 0.992172 0.389831
0.0426235 -0.999091 0.000536728 2.06199 0.991096 0.0422146 -0.126283 80.8452 0.126146 0.00591459 0.991994 0.377983
0.0397273 -0.999207 0.00249306 2.12111 0.991213 0.0390942 -0.126366 81.3645 0.126168 0.00749134 0.991981 0.381135
0.0365464 -0.999316 0.00562858 2.17939 0.991389 0.0355466 -0.126033 81.8752 0.125747 0.0101862 0.99201 0.389664
0.0332006 -0.99941 0.00883177 2.20503 0.991541 0.0318272 -0.125834 82.3881 0.125479 0.0129348 0.992012 0.394647
0.0300336 -0.999484 0.0114243 2.22829 0.991622 0.0283569 -0.12602 82.9091 0.125631 0.0151134 0.991962 0.389786
0.0271124 -0.999544 0.0132853 2.26333 0.991537 0.0252025 -0.127355 83.4304 0.126962 0.0166257 0.991768 0.39162
0.0239201 -0.999611 0.0143597 2.3068 0.991416 0.0218722 -0.128905 83.9543 0.128541 0.0173198 0.991553 0.380176
0.0212663 -0.999665 0.0147606 2.35558 0.991411 0.0191804 -0.129371 84.4905 0.129045 0.017385 0.991486 0.365437
0.0195454 -0.999704 0.0144847 2.39835 0.991291 0.0174897 -0.130526 85.022 0.130234 0.0169097 0.991339 0.345714
0.0173377 -0.999756 0.0137067 2.41469 0.991378 0.0154084 -0.130127 85.5684 0.129884 0.0158447 0.991403 0.358837
0.0159966 -0.999806 0.0114557 2.43072 0.991595 0.014392 -0.128578 86.0935 0.128389 0.0134162 0.991633 0.397961
0.0158734 -0.99983 0.00934473 2.43601 0.991672 0.0145478 -0.127968 86.6102 0.12781 0.0112982 0.991734 0.424049
0.0162127 -0.99984 0.00761269 2.45327 0.991583 0.0150997 -0.128588 87.1316 0.128452 0.00963337 0.991669 0.430107
0.0174555 -0.999821 0.00727461 2.50487 0.991433 0.0163662 -0.12959 87.6439 0.129448 0.00947434 0.991541 0.408109
0.0191123 -0.999781 0.00847059 2.56378 0.991294 0.0178448 -0.130452 88.1553 0.130272 0.0108901 0.991418 0.376926
0.0221897 -0.999682 0.0120125 2.59327 0.991347 0.0204466 -0.129666 88.6934 0.129379 0.0147858 0.991485 0.397685
0.0253063 -0.999562 0.0153641 2.63732 0.991418 0.0231224 -0.128667 89.2276 0.128256 0.0184883 0.991569 0.407226
0.0286264 -0.999425 0.0181935 2.67313 0.991491 0.0260776 -0.127534 89.7611 0.126986 0.0216895 0.991667 0.408868
0.0318108 -0.99932 0.0186438 2.71082 0.991388 0.0291766 -0.127664 90.2968 0.127034 0.0225444 0.991642 0.422657
0.034058 -0.999286 0.0163268 2.75133 0.991543 0.0317382 -0.125835 90.8552 0.125228 0.0204744 0.991917 0.412269
0.0365297 -0.999252 0.0127058 2.80767 0.991864 0.0347022 -0.122484 91.4064 0.121951 0.0170767 0.992389 0.403002
0.0392418 -0.999192 0.00871849 2.85828 0.992319 0.0379446 -0.117738 91.9447 0.117312 0.0132718 0.993006 0.402458
0.0406618 -0.999151 0.00656558 2.88283 0.992643 0.0396451 -0.114408 92.4725 0.11405 0.0111693 0.993412 0.412958
0.0423114 -0.999086 0.00603966 2.91051 0.992465 0.0413337 -0.115345 92.9994 0.11499 0.0108745 0.993307 0.431348
0.0438774 -0.999017 0.00626978 2.96056 0.991907 0.042815 -0.119529 93.5647 0.119143 0.0114637 0.992811 0.472592
0.0448684 -0.998978 0.00546168 3.00506 0.991418 0.0438556 -0.123154 94.1221 0.122789 0.0109406 0.992373 0.493905
0.0460656 -0.998932 0.00346185 3.07877 0.991395 0.0452924 -0.122822 94.6625 0.122534 0.00908993 0.992423 0.443924
0.0471488 -0.998886 0.00197442 3.14267 0.991572 0.0465645 -0.120902 95.2007 0.120675 0.00765814 0.992662 0.406355
0.0483185 -0.998832 0.000707835 3.18222 0.991921 0.047901 -0.117464 95.738 0.117293 0.0063778 0.993077 0.428283
0.0494339 -0.998777 -0.000389051 3.21096 0.992188 0.0491524 -0.114661 96.2837 0.11454 0.00528213 0.993405 0.444938
0.0498815 -0.998753 -0.00223764 3.27495 0.992156 0.0498089 -0.114651 96.863 0.114619 0.00349886 0.993403 0.424325
0.049727 -0.99876 -0.00245487 3.32621 0.992181 0.0496809 -0.114489 97.4121 0.114469 0.00325751 0.993421 0.422972
0.0497335 -0.998762 -0.00112924 3.38764 0.992206 0.0495363 -0.114338 97.9512 0.114252 0.00456599 0.993441 0.417913
0.0500517 -0.998744 0.00232396 3.44634 0.992269 0.0494623 -0.113827 98.4885 0.113569 0.00800324 0.993498 0.422317
0.04961 -0.998748 0.00636039 3.51612 0.992324 0.0485667 -0.113726 99.0388 0.113275 0.0119535 0.993492 0.437305
0.048585 -0.998772 0.00972172 3.57838 0.992564 0.0471908 -0.112208 99.5878 0.111611 0.015101 0.993637 0.444245
0.0474515 -0.998822 0.0101791 3.62429 0.992716 0.0460268 -0.111336 100.156 0.110737 0.0153881 0.993731 0.452006
0.0462192 -0.998896 0.00844749 3.67728 0.992897 0.0450102 -0.110136 100.744 0.109635 0.0134779 0.993881 0.449793
0.0447162 -0.998988 0.00479053 3.73472 0.992944 0.0439175 -0.11015 101.341 0.109828 0.00968221 0.993903 0.430017
0.04377 -0.999041 0.000702213 3.7854 0.993015 0.0434289 -0.109703 101.873 0.109568 0.00549903 0.993964 0.424161
0.0425796 -0.999091 -0.00204186 3.8265 0.99335 0.0425535 -0.106983 102.409 0.106972 0.002527 0.994259 0.42944
0.0415617 -0.999131 -0.00304232 3.87623 0.993658 0.0416521 -0.104449 102.961 0.104485 0.00131803 0.994526 0.448358
0.0407257 -0.999168 -0.00229828 3.91764 0.993807 0.040745 -0.103378 103.524 0.103386 0.0019261 0.994639 0.468176
0.0399992 -0.999199 -0.00104151 3.96151 0.993909 0.0398945 -0.102731 104.105 0.10269 0.00307398 0.994709 0.474124
0.0389126 -0.999242 -0.000768008 4.01264 0.993925 0.0387847 -0.102995 104.725 0.102947 0.00324447 0.994682 0.473253
0.0378829 -0.999282 -6.70271e-05 4.06601 0.993975 0.0376886 -0.102928 105.34 0.102857 0.0038326 0.994689 0.460891
0.0373681 -0.999301 0.00075055 4.11865 0.993975 0.0370914 -0.103139 105.917 0.103039 0.00460013 0.994667 0.445638
0.0367808 -0.999322 0.00154236 4.15922 0.994033 0.0364275 -0.102817 106.488 0.102691 0.00531487 0.994699 0.429218
0.0359991 -0.99935 0.0019304 4.20233 0.994064 0.03561 -0.102807 107.065 0.102671 0.00561988 0.994699 0.421641
0.0345999 -0.9994 0.00178493 4.25245 0.994189 0.0342373 -0.10206 107.667 0.101938 0.00530583 0.994777 0.415825
0.0335363 -0.999437 0.000838793 4.29676 0.994315 0.0332796 -0.101145 108.262 0.10106 0.00422605 0.994871 0.419903
0.032901 -0.999458 -0.000748029 4.34764 0.994331 0.0328079 -0.101139 108.851 0.101109 0.00258379 0.994872 0.424801
0.0320393 -0.999485 -0.00173315 4.38664 0.994383 0.0320506 -0.100869 109.447 0.100872 0.00150834 0.994898 0.434531
0.0304411 -0.999536 -0.00111634 4.4316 0.994569 0.030401 -0.0995448 110.026 0.0995325 0.00191998 0.995032 0.43246
0.0296369 -0.99956 0.00116158 4.47885 0.994795 0.0293822 -0.0975686 110.599 0.0974916 0.00404716 0.995228 0.423167
0.0292542 -0.999565 0.00373335 4.52408 0.994902 0.0287567 -0.0966597 111.177 0.0965103 0.00654203 0.99531 0.435615
0.0283571 -0.999583 0.00548585 4.55346 0.994832 0.0276863 -0.0976836 111.772 0.0974909 0.00822753 0.995202 0.443525
0.0266785 -0.999623 0.00643657 4.60267 0.994801 0.0259157 -0.098483 112.378 0.0982791 0.00903049 0.995118 0.444155
0.0258187 -0.999645 0.00661632 4.64653 0.994868 0.0250465 -0.0980323 112.995 0.0978317 0.00911343 0.995161 0.424435
0.0253476 -0.999645 0.00823311 4.69659 0.995233 0.0244581 -0.094412 113.578 0.0941771 0.010587 0.995499 0.420635
0.0248025 -0.999646 0.0095966 4.72739 0.995476 0.023816 -0.091982 114.163 0.0917209 0.0118346 0.995714 0.431312
0.0239156 -0.999663 0.0100662 4.75893 0.995608 0.0229046 -0.090771 114.76 0.0905099 0.0121929 0.995821 0.44855
0.0227825 -0.999697 0.00936136 4.80856 0.995603 0.0218362 -0.0910931 115.326 0.0908611 0.0113955 0.995798 0.445923
0.02219 -0.999718 0.00847722 4.85445 0.995558 0.0213201 -0.091707 115.907 0.0915003 0.0104745 0.99575 0.443156
0.0215007 -0.999741 0.00741515 4.88852 0.9955 0.0207236 -0.0924683 116.505 0.0922907 0.00936991 0.995688 0.449779
0.0211358 -0.999756 0.00639543 4.91278 0.995477 0.0204518 -0.0927798 117.108 0.0926264 0.00832748 0.995666 0.458734
0.0206712 -0.999774 0.00496803 4.93523 0.995558 0.020127 -0.0919752 117.701 0.0918545 0.00684721 0.995749 0.452601
0.0199079 -0.999797 0.00318388 4.9722 0.995795 0.0195432 -0.0895009 118.288 0.0894205 0.00495227 0.995982 0.447095
0.0196875 -0.999806 0.000694545 4.99686 0.996187 0.0195571 -0.0850257 118.878 0.0849956 0.00236584 0.996379 0.443473
0.0200867 -0.999797 -0.00147626 5.02227 0.996458 0.0201402 -0.0816429 119.459 0.081656 0.000168902 0.996661 0.444606
0.0198736 -0.999799 -0.0026413 5.05042 0.996631 0.0200208 -0.0795288 120.018 0.0795657 -0.00105188 0.996829 0.446367
0.0192342 -0.999812 -0.00255701 5.08654 0.99677 0.019375 -0.0779404 120.595 0.0779753 -0.00104964 0.996955 0.440705
0.019148 -0.999816 -0.00148404 5.13551 0.996916 0.0192054 -0.076087 121.17 0.0761014 -2.25528e-05 0.9971 0.425033
0.0192984 -0.999814 0.00053483 5.17826 0.997091 0.0192064 -0.0737594 121.753 0.0737354 0.00195672 0.997276 0.423651
0.0194889 -0.999807 0.00259736 5.19981 0.997215 0.0192512 -0.0720493 122.346 0.0719853 0.00399429 0.997398 0.421453
0.0192729 -0.9998 0.00528637 5.24555 0.997375 0.0188565 -0.0699115 122.941 0.0697979 0.00661989 0.997539 0.416345
0.0185479 -0.999794 0.00822537 5.29211 0.997491 0.0179417 -0.0684893 123.528 0.0683276 0.00947506 0.997618 0.404337
0.0181985 -0.999775 0.0109066 5.33021 0.997525 0.0174145 -0.0681156 124.123 0.0679104 0.0121193 0.997618 0.389989
