0.0145371 -0.999735 -0.0178534 -0.00161304 0.999548 0.0149996 -0.0260498 -0.00260186 0.0263107 -0.0174667 0.999501 -0.00504877
0.0161441 -0.999797 -0.0120155 0.0118054 0.999339 0.0165256 -0.0323651 -0.0243094 0.0325572 -0.011485 0.999404 -0.00689393
0.0176234 -0.999844 -0.000978354 0.0586603 0.999068 0.0176482 -0.0393893 -0.10945 0.0394004 -0.000283271 0.999224 -0.00610554
0.0190032 -0.999749 0.0118462 0.159308 0.998792 0.0184454 -0.0455402 -0.279479 0.0453103 0.0126973 0.998892 -0.000970643
0.020487 -0.999593 0.0198422 0.268025 0.998561 0.0194738 -0.0499734 -0.482181 0.0495666 0.0208374 0.998553 -0.0165491
0.0216222 -0.999557 0.020427 0.340691 0.998434 0.0205347 -0.0520259 -0.637497 0.0515834 0.0215199 0.998437 -0.0600641
0.0222154 -0.999625 0.0160123 0.39461 0.998374 0.0213408 -0.0528623 -0.707486 0.0525007 0.0171606 0.998473 -0.104168
0.0218253 -0.99971 0.010176 0.430408 0.998342 0.021251 -0.0534835 -0.715939 0.0532517 0.0113264 0.998517 -0.128543
0.0210731 -0.99976 0.00602653 0.450328 0.998301 0.0207141 -0.054459 -0.68782 0.0543211 0.00716391 0.998498 -0.133966
0.0206741 -0.999776 0.00443777 0.456121 0.998224 0.0203935 -0.0559683 -0.650344 0.0558653 0.00558698 0.998423 -0.129255
0.0205949 -0.999776 0.00480089 0.447423 0.998084 0.0202794 -0.0584472 -0.613665 0.0583367 0.00599541 0.998279 -0.120315
0.0205221 -0.99976 0.00761391 0.432318 0.997922 0.020018 -0.0612348 -0.587253 0.0610678 0.00885476 0.998094 -0.110498
0.0206723 -0.999731 0.0104589 0.41424 0.997801 0.0199713 -0.0631927 -0.566909 0.0629669 0.0117422 0.997947 -0.0973973
0.0210658 -0.999691 0.0131875 0.390303 0.997696 0.0201693 -0.0647764 -0.550718 0.0644904 0.0145217 0.997813 -0.082467
0.021074 -0.999652 0.0158568 0.364034 0.997574 0.0199723 -0.066692 -0.533917 0.0663521 0.0172238 0.997648 -0.0712562
0.0199905 -0.999643 0.0177189 0.340811 0.997476 0.0187332 -0.0684882 -0.517312 0.0681318 0.0190433 0.997495 -0.0612428
0.0182048 -0.999669 0.0181818 0.321458 0.997442 0.0169012 -0.0694457 -0.495064 0.0691154 0.0193996 0.99742 -0.0499317
0.0160566 -0.999713 0.0177721 0.316588 0.997559 0.0148089 -0.0682369 -0.463663 0.0679542 0.0188243 0.997511 -0.0477594
0.0132109 -0.999761 0.0174414 0.321688 0.997751 0.0120341 -0.0659344 -0.422165 0.0657087 0.0182732 0.997671 -0.0500524
0.00932032 -0.999806 0.0173385 0.330067 0.997925 0.00819532 -0.0638595 -0.372757 0.0637051 0.0178977 0.997808 -0.0572103
0.00451028 -0.999837 0.0174739 0.337261 0.998046 0.00341196 -0.0623813 -0.320566 0.0623115 0.0177211 0.997899 -0.0718178
-0.001038 -0.99983 0.0183901 0.339358 0.998095 -0.00217016 -0.0616497 -0.270989 0.0616792 0.0182911 0.997928 -0.0877365
-0.00699641 -0.999767 0.0203948 0.333608 0.998124 -0.00822266 -0.060674 -0.233211 0.0608276 0.0199321 0.997949 -0.0946834
-0.0129829 -0.999659 0.0226723 0.326256 0.99813 -0.0143109 -0.0594262 -0.202493 0.0597304 0.0218584 0.997975 -0.0949594
-0.0190844 -0.999529 0.0240481 0.319105 0.99807 -0.0204673 -0.0586353 -0.172373 0.0590999 0.0228827 0.99799 -0.0901714
-0.0267784 -0.99935 0.0241254 0.305408 0.997927 -0.0281373 -0.0578696 -0.143318 0.0585109 0.0225258 0.998033 -0.0852879
-0.0360655 -0.999075 0.0234191 0.289267 0.997642 -0.0373632 -0.0575677 -0.11137 0.0583895 0.0212876 0.998067 -0.0814242
-0.0461341 -0.998679 0.022623 0.273211 0.997183 -0.0473822 -0.0581437 -0.0705915 0.0591388 0.0198768 0.998052 -0.0753653
-0.057178 -0.998125 0.0218232 0.25863 0.996593 -0.0583645 -0.0582821 -0.0253057 0.0594466 0.0184164 0.998062 -0.069362
-0.0681509 -0.997455 0.0209453 0.244466 0.995919 -0.069261 -0.0578612 0.0261404 0.0591647 0.0169166 0.998105 -0.0656741
-0.0791875 -0.996652 0.0203228 0.231584 0.995136 -0.0802325 -0.0571599 0.0766527 0.0585991 0.0156976 0.998158 -0.0587447
-0.090639 -0.995688 0.019765 0.225286 0.994226 -0.0916148 -0.0558602 0.126525 0.05743 0.0145878 0.998243 -0.0520561
-0.102127 -0.994569 0.020069 0.220923 0.993155 -0.10309 -0.0549161 0.179656 0.0566868 0.0143232 0.998289 -0.051987
-0.112939 -0.993383 0.0208723 0.222559 0.992031 -0.113916 -0.0538219 0.232185 0.0558435 0.0146274 0.998332 -0.05658
-0.122808 -0.99219 0.0218542 0.229636 0.990882 -0.123816 -0.0531195 0.28373 0.0554106 0.0151314 0.998349 -0.0623043
-0.132374 -0.990924 0.0233718 0.238448 0.989632 -0.133453 -0.0530933 0.331804 0.0557305 0.0161013 0.998316 -0.0625399
-0.139726 -0.989922 0.0230345 0.247649 0.988532 -0.1408 -0.0545799 0.377908 0.0572731 0.0151442 0.998244 -0.0581531
-0.143154 -0.989466 0.0215383 0.25929 0.987967 -0.144157 -0.0560366 0.416808 0.0585512 0.0132573 0.998196 -0.0637023
-0.14589 -0.989114 0.0192484 0.273612 0.98761 -0.14675 -0.0555931 0.447019 0.0578126 0.0108994 0.998268 -0.0807174
-0.147794 -0.988847 0.0183756 0.288368 0.98747 -0.148576 -0.0531731 0.466627 0.0553102 0.0102867 0.998416 -0.0930525
-0.147441 -0.988848 0.0210104 0.298934 0.987658 -0.148332 -0.0502927 0.463107 0.0528484 0.0133359 0.998514 -0.0859443
-0.147159 -0.98886 0.0223805 0.290823 0.987683 -0.148125 -0.0504184 0.450812 0.0531719 0.0146853 0.998477 -0.0716408
-0.146435 -0.988958 0.0227736 0.267378 0.98761 -0.147471 -0.0536597 0.440063 0.0564257 0.0146338 0.9983 -0.053965
-0.145973 -0.989015 0.0232435 0.239277 0.987476 -0.147087 -0.0570601 0.432114 0.0598522 0.0146232 0.9981 -0.0411589
-0.146505 -0.988948 0.0227464 0.224254 0.987357 -0.147599 -0.0577894 0.42755 0.0605081 0.0139924 0.99807 -0.0398993
-0.146551 -0.988943 0.0226622 0.222427 0.987375 -0.147634 -0.0574008 0.42362 0.0601119 0.0139639 0.998094 -0.0462522
-0.146579 -0.988949 0.022244 0.226227 0.987383 -0.147635 -0.0572526 0.418335 0.0599039 0.0135713 0.998112 -0.0573499
-0.146235 -0.989027 0.0210118 0.237121 0.987434 -0.14722 -0.0574407 0.414744 0.0599038 0.012348 0.998128 -0.062946
-0.145619 -0.989126 0.020625 0.250708 0.987509 -0.146586 -0.0577835 0.413379 0.0601785 0.011953 0.998116 -0.0606582
-0.145775 -0.989112 0.0201576 0.25681 0.987464 -0.146718 -0.0582122 0.412915 0.0605359 0.011419 0.998101 -0.0491916
-0.145719 -0.989142 0.0190697 0.254648 0.987448 -0.146602 -0.0587718 0.414025 0.0609294 0.0102662 0.998089 -0.0467157
-0.145472 -0.989191 0.0184338 0.246846 0.987437 -0.146326 -0.0596392 0.417463 0.0616919 0.00952638 0.99805 -0.0471917
-0.145495 -0.989188 0.0184095 0.239763 0.987365 -0.146357 -0.0607375 0.422856 0.0627752 0.00933995 0.997984 -0.046575
-0.145915 -0.989134 0.0179574 0.237109 0.987267 -0.146754 -0.0613709 0.42799 0.0633394 0.00877379 0.997954 -0.0427434
-0.146761 -0.989016 0.0175683 0.241711 0.98716 -0.147572 -0.0611274 0.434624 0.0630486 0.00837159 0.997975 -0.0363318
-0.147329 -0.98893 0.0176264 0.247609 0.98708 -0.148142 -0.0610429 0.439221 0.0629784 0.00840529 0.99798 -0.0309453
-0.147488 -0.988909 0.0174888 0.251402 0.98703 -0.148295 -0.0614763 0.438892 0.0633879 0.00819497 0.997955 -0.0275526
-0.147574 -0.988898 0.0173998 0.2515 0.986987 -0.14838 -0.06196 0.437889 0.0638539 0.00802968 0.997927 -0.023633
-0.147712 -0.988884 0.0170346 0.253422 0.986957 -0.148495 -0.0621634 0.438898 0.0640019 0.00763012 0.997921 -0.0201509
-0.148026 -0.988836 0.0170684 0.257596 0.986914 -0.14881 -0.0620937 0.442896 0.0639404 0.00765364 0.997924 -0.0159063
-0.148622 -0.988733 0.0178522 0.251093 0.986807 -0.149456 -0.06225 0.445092 0.0642168 0.00836496 0.997901 -0.00956797
-0.148825 -0.988688 0.0186019 0.241537 0.986726 -0.149714 -0.0629125 0.443233 0.0649859 0.00899201 0.997846 -0.00334856
-0.148938 -0.988664 0.0190178 0.232977 0.986669 -0.149858 -0.0634504 0.441649 0.065581 0.00931409 0.997804 0.00060127
-0.149623 -0.988563 0.0188525 0.224744 0.986573 -0.15053 -0.0633563 0.44466 0.0654696 0.00911984 0.997813 0.00197704
-0.1506 -0.988418 0.0186965 0.212092 0.98639 -0.1515 -0.0638916 0.454716 0.0659841 0.00881991 0.997782 0.00159232
-0.151612 -0.98827 0.0183039 0.197552 0.986193 -0.152489 -0.0645781 0.472787 0.0666118 0.00826039 0.997745 -0.00292452
-0.152831 -0.988093 0.0177403 0.184375 0.986037 -0.153665 -0.0641653 0.492483 0.0661274 0.00768613 0.997782 -0.00823715
-0.154736 -0.987799 0.0175885 0.17631 0.985797 -0.155549 -0.0633175 0.511771 0.0652809 0.00754123 0.997838 -0.00941885
-0.157095 -0.987426 0.0176278 0.173934 0.9855 -0.157897 -0.0621055 0.529784 0.064108 0.00761573 0.997914 -0.0108758
-0.15977 -0.986992 0.0178741 0.172111 0.985165 -0.160571 -0.0605447 0.550334 0.0626273 0.00793575 0.998006 -0.0190826
-0.163145 -0.986442 0.0177427 0.168943 0.984703 -0.16392 -0.0590829 0.576696 0.0611903 0.00783217 0.998095 -0.0391733
-0.16728 -0.985764 0.0169372 0.1662 0.984098 -0.167989 -0.0577056 0.605455 0.0597294 0.00701483 0.99819 -0.0636615
-0.171641 -0.985021 0.0165289 0.16167 0.983403 -0.172312 -0.0568117 0.639126 0.0588088 0.00650338 0.998248 -0.0862576
-0.176978 -0.984071 0.0168067 0.154849 0.982508 -0.177651 -0.0558351 0.676247 0.0579314 0.00663115 0.998299 -0.0994455
-0.183986 -0.98277 0.017666 0.135424 0.981286 -0.184687 -0.0544714 0.709456 0.0567955 0.00731343 0.998359 -0.0998341
-0.192458 -0.981133 0.0183733 0.113504 0.979746 -0.193173 -0.052746 0.739703 0.0553001 0.00784978 0.998439 -0.0874276
-0.202819 -0.97903 0.0190715 0.0884428 0.977735 -0.203544 -0.0510227 0.772233 0.0538347 0.00829856 0.998515 -0.073444
-0.215432 -0.976313 0.0200407 0.0558013 0.975075 -0.216184 -0.0499252 0.810605 0.0530751 0.00878563 0.998552 -0.0652354
-0.230267 -0.972898 0.0211125 0.0168536 0.97167 -0.231055 -0.0497152 0.859286 0.053246 0.00906658 0.99854 -0.0642929
-0.247497 -0.968648 0.0215713 -0.0244976 0.967415 -0.248287 -0.0496122 0.917367 0.0534126 0.00858955 0.998536 -0.0706127
-0.266998 -0.963465 0.0211388 -0.065059 0.962231 -0.267737 -0.0492844 0.99082 0.0531435 0.00718158 0.998561 -0.0795606
-0.287873 -0.957436 0.021085 -0.104052 0.956185 -0.288583 -0.0492867 1.08024 0.0532737 0.00597282 0.998562 -0.0833766
-0.309261 -0.95073 0.021673 -0.141612 0.949437 -0.309977 -0.0498395 1.18263 0.0541021 0.00516373 0.998522 -0.075888
-0.329698 -0.943793 0.0235472 -0.17318 0.942425 -0.330495 -0.0510673 1.2908 0.0559792 0.00535471 0.998418 -0.0605133
-0.346031 -0.937871 0.0257057 -0.191471 0.936437 -0.346933 -0.0521813 1.41123 0.0578575 0.00601538 0.998307 -0.048915
-0.358437 -0.933214 0.0251732 -0.215428 0.931843 -0.359281 -0.0508532 1.56276 0.0565012 0.00522985 0.998389 -0.0650487
-0.369068 -0.9291 0.0237048 -0.249189 0.927911 -0.3698 -0.0472109 1.73592 0.0526297 0.00457188 0.998604 -0.0978009
-0.376082 -0.926296 0.0231862 -0.299669 0.925199 -0.37677 -0.0452877 1.91731 0.0506856 0.00441995 0.998705 -0.116469
-0.379607 -0.924878 0.0223306 -0.361544 0.923705 -0.380252 -0.0466558 2.09845 0.0516422 0.00291597 0.998661 -0.125043
-0.379676 -0.924866 0.021651 -0.4236 0.92359 -0.380289 -0.0485971 2.27419 0.0531795 0.00154549 0.998584 -0.131506
-0.374877 -0.926803 0.0224273 -0.480118 0.925472 -0.375541 -0.0496952 2.44844 0.05448 0.00212627 0.998513 -0.13665
-0.367226 -0.92985 0.0229121 -0.527969 0.928626 -0.367921 -0.047837 2.62487 0.0529111 0.00370977 0.998592 -0.143316
-0.358341 -0.933322 0.0224029 -0.574828 0.932268 -0.359007 -0.0446149 2.81261 0.0496828 0.00489813 0.998753 -0.1502
-0.345553 -0.938141 0.0220305 -0.621456 0.937116 -0.346212 -0.0441733 3.01373 0.049068 0.00538095 0.998781 -0.151923
-0.32845 -0.944265 0.0219899 -0.664852 0.943259 -0.329126 -0.0440262 3.22253 0.0488098 0.00628177 0.998788 -0.150556
-0.310841 -0.950211 0.0218505 -0.70835 0.949327 -0.311511 -0.0417002 3.43587 0.0464307 0.00778118 0.998891 -0.152461
-0.292577 -0.955979 0.0224109 -0.748739 0.955264 -0.293257 -0.0383628 3.65499 0.0432462 0.0101843 0.999013 -0.154938
-0.273192 -0.961684 0.0230328 -0.800176 0.961056 -0.273895 -0.0367893 3.88132 0.0416882 0.0120853 0.999058 -0.153611
-0.255111 -0.966612 0.0240573 -0.862319 0.966019 -0.255866 -0.0365918 4.10848 0.0415255 0.0139049 0.999041 -0.140739
-0.238159 -0.970888 0.0256358 -0.922378 0.970296 -0.239003 -0.0374608 4.34048 0.0424973 0.0159527 0.998969 -0.119854
-0.221945 -0.974693 0.0267217 -0.978667 0.974022 -0.222889 -0.040027 4.58311 0.0449701 0.0171438 0.998841 -0.094256
-0.207925 -0.977713 0.029063 -1.03044 0.97703 -0.209015 -0.0415328 4.83893 0.0466818 0.0197597 0.998714 -0.0662168
-0.19597 -0.980143 0.0302562 -1.07172 0.979545 -0.197102 -0.0405216 5.1006 0.0456806 0.0216963 0.99872 -0.0389564
-0.185317 -0.982211 0.0302985 -1.0994 0.981644 -0.186449 -0.0401413 5.37048 0.0450763 0.0223035 0.998735 -0.0124503
-0.176255 -0.983912 0.0291645 -1.12341 0.983255 -0.177376 -0.0417884 5.64894 0.0462892 0.0213107 0.998701 0.00302196
-0.167963 -0.985432 0.0266877 -1.14611 0.984667 -0.169003 -0.0432153 5.93806 0.0470961 0.01902 0.998709 0.00797546
-0.158912 -0.987005 0.0238321 -1.16856 0.986105 -0.159858 -0.0451841 6.23828 0.0484067 0.0163207 0.998694 0.00773788
-0.14927 -0.988527 0.0230663 -1.19277 0.987457 -0.150241 -0.0485483 6.54589 0.0514568 0.0155302 0.998554 0.0020781
-0.140733 -0.989773 0.0233243 -1.22325 0.988561 -0.141773 -0.0514476 6.8591 0.0542282 0.0158171 0.998403 -0.00610311
-0.13272 -0.99091 0.0219807 -1.26139 0.989559 -0.133731 -0.0537495 7.17859 0.0562004 0.0146175 0.998313 -0.0125466
-0.124359 -0.99202 0.020775 -1.29674 0.990549 -0.125341 -0.0556882 7.50209 0.0578478 0.0136533 0.998232 -0.0161232
-0.117028 -0.992945 0.0190763 -1.32542 0.991393 -0.117937 -0.0568425 7.82639 0.0586913 0.0122599 0.998201 -0.0147363
-0.110556 -0.993708 0.0179471 -1.34679 0.992075 -0.111423 -0.0580634 8.15903 0.0596977 0.0113856 0.998152 -0.00656865
-0.105128 -0.994284 0.018619 -1.36606 0.992689 -0.106039 -0.0576603 8.50047 0.0593051 0.0124212 0.998163 0.000708017
-0.100895 -0.994702 0.0196834 -1.38873 0.993216 -0.101854 -0.0561026 8.8476 0.0578102 0.0138895 0.998231 0.010289
-0.0971219 -0.995097 0.0187095 -1.40881 0.993593 -0.0980326 -0.0562379 9.2066 0.0577963 0.0131276 0.998242 0.0239313
-0.0946689 -0.995366 0.0168305 -1.42436 0.993753 -0.0954921 -0.0577628 9.58302 0.0591023 0.0112571 0.998188 0.0316161
-0.0923314 -0.995618 0.014825 -1.44476 0.993851 -0.0930609 -0.0599959 9.96388 0.0611126 0.0091943 0.998088 0.0246609
-0.0890955 -0.995932 0.0134466 -1.46506 0.994128 -0.0897503 -0.0604532 10.342 0.0614141 0.00798155 0.99808 0.0138007
-0.0856286 -0.996255 0.0120151 -1.48 0.994409 -0.0862055 -0.0609857 10.7357 0.0617931 0.00672582 0.998066 0.0104692
-0.0821791 -0.996565 0.0102583 -1.49747 0.994566 -0.0826657 -0.0632794 11.1375 0.0639101 0.00500233 0.997943 0.0097456
-0.078373 -0.996887 0.00862704 -1.51559 0.994739 -0.078771 -0.0654867 11.5481 0.0659624 0.00344926 0.997816 0.0125242
-0.0744252 -0.997189 0.00868609 -1.53342 0.994927 -0.0748419 -0.0672269 11.9645 0.067688 0.00363865 0.9977 0.0250556
-0.0701759 -0.997484 0.010039 -1.54637 0.995236 -0.0706935 -0.0671411 12.3899 0.0676818 0.00527951 0.997693 0.0394063
-0.0659098 -0.99777 0.010572 -1.54941 0.995586 -0.0664676 -0.0662598 12.8212 0.0668147 0.0061582 0.997746 0.0515944
-0.0622118 -0.998 0.0111839 -1.55581 0.995908 -0.0628095 -0.0649743 13.2613 0.0655468 0.00709594 0.997824 0.0610867
-0.0575268 -0.998263 0.0127078 -1.56362 0.996202 -0.058232 -0.0647252 13.7238 0.0653528 0.00893612 0.997822 0.068651
-0.0530529 -0.99852 0.012 -1.5727 0.996281 -0.0537434 -0.0673469 14.1453 0.0678921 0.00838245 0.997657 0.0703349
-0.0484832 -0.998776 0.00979982 -1.58597 0.996385 -0.0490477 -0.0693569 14.6076 0.0697527 0.00640175 0.997544 0.0684638
-0.0433826 -0.999011 0.00972712 -1.59471 0.996687 -0.043948 -0.0684362 15.074 0.068796 0.00672596 0.997608 0.0671273
-0.038265 -0.999232 0.00841973 -1.58756 0.997102 -0.0387352 -0.0654801 15.5338 0.0657559 0.00588973 0.997818 0.0716372
-0.0330502 -0.999416 0.00864806 -1.5666 0.997415 -0.033534 -0.0635516 15.9956 0.0638045 0.00652531 0.997941 0.0845631
-0.0276814 -0.999556 0.0110399 -1.54352 0.997512 -0.0283377 -0.0645414 16.4549 0.0648255 0.00922586 0.997854 0.103364
-0.0232483 -0.999679 0.0100345 -1.52052 0.997505 -0.0238645 -0.0664307 16.9097 0.0666488 0.0084651 0.997741 0.105506
-0.0201925 -0.999766 0.00770519 -1.50671 0.99744 -0.0206731 -0.0684566 17.3733 0.0685999 0.00630315 0.997624 0.107198
-0.0179996 -0.999809 0.00765944 -1.50171 0.997431 -0.018487 -0.0692055 17.8456 0.0693338 0.00639409 0.997573 0.115161
-0.0168845 -0.999824 0.00820718 -1.49901 0.997529 -0.0174044 -0.0680636 18.334 0.0681944 0.00703769 0.997647 0.126223
-0.0159569 -0.999851 0.0065636 -1.48799 0.997677 -0.0163563 -0.0661289 18.8372 0.0662264 0.00549315 0.99779 0.131864
-0.0144001 -0.999884 0.00491407 -1.47308 0.997753 -0.0146906 -0.0653623 19.3454 0.0654269 0.00396181 0.99785 0.129195
-0.0131019 -0.999903 0.00464365 -1.456 0.997666 -0.0133836 -0.0669634 19.8574 0.067019 0.00375546 0.997745 0.121633
-0.0116 -0.999927 0.00337842 -1.43825 0.997398 -0.011811 -0.071111 20.3658 0.0711457 0.00254474 0.997463 0.115508
-0.0101965 -0.999945 0.00260581 -1.41547 0.997175 -0.0103621 -0.0743975 20.8731 0.0744203 0.00183986 0.997225 0.113114
-0.00857895 -0.999958 0.00313888 -1.38912 0.997129 -0.00879077 -0.0752043 21.3728 0.0752288 0.00248469 0.997163 0.111618
-0.00639845 -0.999974 0.00341616 -1.35821 0.997167 -0.00663649 -0.0749303 21.8708 0.074951 0.00292705 0.997183 0.116055
-0.00406136 -0.99998 0.00487258 -1.32809 0.997149 -0.00441693 -0.075326 22.3653 0.075346 0.00455276 0.997147 0.122288
-0.00151458 -0.999987 0.00483593 -1.30904 0.99695 -0.00188731 -0.0780199 22.856 0.0780281 0.00470302 0.99694 0.122037
0.00103441 -0.999991 0.00409657 -1.29623 0.996812 0.000704287 -0.0797755 23.35 0.0797719 0.00416604 0.996804 0.118094
0.00262763 -0.999983 0.00519169 -1.28482 0.996715 0.00219867 -0.080964 23.8383 0.0809512 0.00538738 0.996704 0.114983
0.00413202 -0.999975 0.00566461 -1.27033 0.996641 0.00365474 -0.0818172 24.3183 0.0817945 0.00598366 0.996631 0.117005
0.0061799 -0.999968 0.00509692 -1.24819 0.996722 0.00574849 -0.0806988 24.794 0.0806669 0.00557893 0.996725 0.121194
0.00821879 -0.999961 0.0030694 -1.21814 0.996897 0.00795319 -0.0783148 25.2688 0.0782874 0.00370353 0.996924 0.127281
0.0100984 -0.999945 0.00268405 -1.18389 0.997021 0.00986355 -0.0764996 25.7384 0.076469 0.00344858 0.997066 0.130598
0.0113994 -0.999934 0.00104917 -1.1498 0.99681 0.0112809 -0.0790042 26.2043 0.0789871 0.00194643 0.996874 0.134773
0.0122693 -0.999924 -0.000701489 -1.11711 0.996455 0.0122851 -0.0832291 26.662 0.0832314 0.000322165 0.99653 0.13667
0.0125758 -0.999921 -0.000240417 -1.09327 0.996319 0.0125509 -0.0847991 27.1212 0.0847954 0.000826888 0.996398 0.136119
0.0125508 -0.999921 -0.00068165 -1.0642 0.99656 0.0125645 -0.0819152 27.5677 0.0819173 0.000348801 0.996639 0.145353
0.0123818 -0.999921 -0.00200905 -1.0364 0.996898 0.0125005 -0.0777009 28.0127 0.0777199 -0.00104073 0.996975 0.159138
0.0126482 -0.999918 -0.00193312 -1.00529 0.996841 0.0127608 -0.0783843 28.4557 0.0784025 -0.00093559 0.996921 0.169994
0.0123076 -0.999924 -0.000323357 -0.973495 0.996557 0.0122927 -0.0819931 28.9059 0.0819909 0.000686899 0.996633 0.175537
0.011073 -0.999938 0.000770833 -0.947328 0.996338 0.0109678 -0.0847949 29.3634 0.0847812 0.00170695 0.996398 0.179792
0.0111689 -0.999938 0.00017724 -0.919826 0.996431 0.0111149 -0.083681 29.8177 0.0836738 0.00111123 0.996493 0.175707
0.011338 -0.999934 -0.0016876 -0.884769 0.996647 0.0114374 -0.081012 30.2652 0.081026 -0.000763429 0.996712 0.174286
0.010659 -0.999943 -0.000774994 -0.848255 0.996672 0.0106867 -0.0808098 30.7043 0.0808135 8.89357e-05 0.996729 0.17542
0.00990794 -0.99995 -0.000754643 -0.815459 0.996534 0.0099364 -0.0825853 31.1387 0.0825888 6.62226e-05 0.996584 0.175839
0.00856078 -0.999962 -0.00149636 -0.793244 0.99626 0.00865771 -0.0859666 31.5654 0.0859763 -0.000754824 0.996297 0.173423
0.00709699 -0.999975 9.20203e-05 -0.785101 0.995908 0.00705981 -0.0900997 31.9927 0.0900968 0.000731083 0.995933 0.172081
0.00546345 -0.999981 0.00275936 -0.769907 0.995742 0.00518631 -0.0920319 32.4137 0.0920158 0.00325043 0.995752 0.170473
0.00404941 -0.999989 0.00244261 -0.747841 0.995736 0.00380702 -0.092172 32.8349 0.0921617 0.00280544 0.99574 0.171149
0.00272489 -0.999996 0.000567865 -0.727821 0.995479 0.00265864 -0.0949418 33.2573 0.0949399 0.000824004 0.995483 0.170037
0.000564561 -0.999999 -0.00153975 -0.713332 0.995109 0.000713879 -0.0987833 33.6874 0.0987842 -0.00147645 0.995108 0.147878
-0.00155337 -0.999989 -0.00447496 -0.706627 0.994882 -0.00109332 -0.101036 34.1193 0.10103 -0.004609 0.994873 0.123377
-0.00311829 -0.999964 -0.00784758 -0.701129 0.994675 -0.00229319 -0.103037 34.5451 0.103016 -0.0081271 0.994647 0.101999
-0.00506555 -0.999939 -0.00979932 -0.696195 0.994453 -0.0040078 -0.105102 34.9642 0.105056 -0.0102774 0.994413 0.0976213
-0.00682358 -0.999933 -0.0093526 -0.692717 0.994303 -0.00578969 -0.106433 35.3777 0.106372 -0.0100256 0.994276 0.106509
-0.00815602 -0.999939 -0.00739311 -0.677621 0.994188 -0.00731504 -0.107404 35.792 0.107344 -0.00822614 0.994188 0.115119
-0.00930635 -0.99994 -0.0057588 -0.65648 0.994001 -0.0086232 -0.109027 36.2042 0.108971 -0.0067389 0.994022 0.123232
-0.0110108 -0.999935 -0.00287652 -0.632606 0.994061 -0.0106346 -0.108303 36.6196 0.108265 -0.00405194 0.994114 0.134834
-0.0132106 -0.999911 -0.00151057 -0.603161 0.994325 -0.0129773 -0.10559 37.0362 0.105561 -0.00289691 0.994409 0.144868
-0.0143307 -0.999895 -0.00184221 -0.572178 0.994394 -0.0140588 -0.104802 37.4585 0.104765 -0.00333377 0.994491 0.145192
-0.0148702 -0.999888 -0.00175793 -0.549935 0.994279 -0.0146008 -0.105807 37.8876 0.10577 -0.00332125 0.994385 0.137922
-0.0148145 -0.999879 -0.00462061 -0.537479 0.994104 -0.0142322 -0.107491 38.3186 0.107413 -0.0061858 0.994195 0.128715
-0.0146312 -0.999867 -0.00719665 -0.528594 0.993938 -0.0137593 -0.109079 38.7361 0.108965 -0.00874897 0.994007 0.120102
-0.015069 -0.999851 -0.00844122 -0.517932 0.994058 -0.0140705 -0.107938 39.14 0.107803 -0.0100176 0.994122 0.111913
-0.0156325 -0.99985 -0.00746976 -0.49969 0.994319 -0.0147585 -0.105415 39.5315 0.105289 -0.00907522 0.9944 0.108539
-0.0148666 -0.999866 -0.00684569 -0.476111 0.994422 -0.01407 -0.104531 39.9189 0.104421 -0.00836152 0.994498 0.113957
-0.0134981 -0.999887 -0.00659753 -0.451196 0.994426 -0.0127338 -0.104661 40.3132 0.104565 -0.00797348 0.994486 0.129722
-0.0131353 -0.999888 -0.00712512 -0.438483 0.994009 -0.0122842 -0.108608 40.7017 0.108508 -0.00850903 0.994059 0.143886
-0.0130781 -0.99987 -0.00939508 -0.43559 0.993518 -0.0119328 -0.113047 41.0886 0.11292 -0.0108126 0.993545 0.152175
-0.0128252 -0.999864 -0.0103661 -0.431833 0.993259 -0.0115448 -0.11534 41.4871 0.115205 -0.0117754 0.993272 0.147353
-0.0126891 -0.999869 -0.0100684 -0.419137 0.993215 -0.0114394 -0.115726 41.8928 0.115596 -0.0114686 0.99323 0.129738
-0.012379 -0.999884 -0.00889854 -0.402455 0.993319 -0.0112757 -0.114847 42.3054 0.114733 -0.0102608 0.993343 0.118668
-0.0114266 -0.9999 -0.00837354 -0.392905 0.993254 -0.0103836 -0.115488 42.709 0.115389 -0.0096367 0.993274 0.133692
-0.010006 -0.999908 -0.00911732 -0.379456 0.992954 -0.00885897 -0.118167 43.1071 0.118076 -0.0102355 0.992952 0.153953
-0.00774351 -0.999931 -0.0087775 -0.368526 0.992754 -0.0066347 -0.119985 43.5124 0.119918 -0.009643 0.992737 0.170481
-0.00617359 -0.99995 -0.00780778 -0.351446 0.992859 -0.00519922 -0.119183 43.911 0.119137 -0.00848781 0.992842 0.169555
-0.00458227 -0.999963 -0.00722856 -0.332493 0.993117 -0.00370467 -0.117066 44.3111 0.117035 -0.00771523 0.993098 0.16704
-0.00217282 -0.999979 -0.00607233 -0.298374 0.99338 -0.00146101 -0.114861 44.7139 0.11485 -0.00628171 0.993363 0.157189
0.000100599 -0.999987 -0.00508732 -0.262895 0.993444 0.000681497 -0.114318 45.1127 0.11432 -0.00504247 0.993431 0.141903
0.00181063 -0.999989 -0.00432981 -0.244132 0.993244 0.00230073 -0.116019 45.5167 0.116027 -0.00409049 0.993238 0.120259
0.00249426 -0.999991 -0.00330138 -0.228922 0.993023 0.00286605 -0.117886 45.9383 0.117895 -0.0029843 0.993022 0.115718
0.0027393 -0.999989 -0.00375858 -0.217265 0.993065 0.00316203 -0.117522 46.3689 0.117533 -0.00341059 0.993063 0.117133
0.00224848 -0.999983 -0.00537804 -0.204703 0.993202 0.00285906 -0.116369 46.8 0.116382 -0.00507983 0.993191 0.128423
0.0024759 -0.999974 -0.00677429 -0.185926 0.993307 0.00324153 -0.115457 47.2247 0.115476 -0.00644309 0.993289 0.138147
0.00290065 -0.999959 -0.00858225 -0.16073 0.993382 0.00386679 -0.114796 47.6482 0.114824 -0.00819247 0.993352 0.14082
0.00288334 -0.999941 -0.0104669 -0.128659 0.993375 0.00406656 -0.114848 48.0753 0.114884 -0.0100664 0.993328 0.14203
0.00335141 -0.999925 -0.0117932 -0.102564 0.993243 0.00469656 -0.115954 48.5132 0.116001 -0.0113249 0.993185 0.147711
0.00376543 -0.999921 -0.0119684 -0.078393 0.993102 0.00514176 -0.117136 48.9607 0.117188 -0.0114448 0.993044 0.152124
0.00411024 -0.999919 -0.0120705 -0.0480139 0.992999 0.00550615 -0.117996 49.4158 0.118052 -0.011501 0.992941 0.157438
0.00394307 -0.999915 -0.0124569 -0.02037 0.992899 0.00539589 -0.118841 49.8777 0.118898 -0.0118998 0.992835 0.166213
0.00302899 -0.999917 -0.0125309 0.00341299 0.992815 0.00450594 -0.119574 50.344 0.11962 -0.0120786 0.992746 0.170761
0.00274031 -0.999904 -0.0135753 0.0272698 0.992859 0.00433945 -0.11921 50.8164 0.119257 -0.0131517 0.992776 0.168555
0.00247761 -0.999876 -0.0155209 0.0510329 0.993131 0.004276 -0.116933 51.2914 0.116985 -0.0151245 0.993019 0.163711
0.00158206 -0.999866 -0.0162935 0.0775689 0.99346 0.00343175 -0.114131 51.7791 0.114172 -0.0160064 0.993332 0.155006
0.00163228 -0.999884 -0.0151158 0.101092 0.993479 0.00334464 -0.113963 52.2804 0.114 -0.0148312 0.99337 0.147607
0.00133692 -0.999904 -0.0137777 0.116812 0.993322 0.00291734 -0.115338 52.7734 0.115367 -0.0135315 0.993231 0.141395
0.000571077 -0.999918 -0.0127658 0.130864 0.993204 0.00205284 -0.116366 53.2584 0.116383 -0.0126126 0.993124 0.14532
0.000248978 -0.999925 -0.0122066 0.153755 0.993304 0.00165747 -0.115515 53.7286 0.115527 -0.0120962 0.993231 0.148337
-0.000758261 -0.999928 -0.0119897 0.185654 0.993493 0.000612218 -0.113891 54.2111 0.113891 -0.011998 0.993421 0.160066
-0.00092521 -0.999929 -0.0118622 0.220776 0.993527 0.000428263 -0.113594 54.6946 0.113591 -0.0118905 0.993456 0.163604
-0.00104016 -0.99991 -0.0133398 0.252566 0.993647 0.000467766 -0.112542 55.1781 0.112538 -0.0133721 0.993557 0.157455
-0.00216772 -0.9999 -0.0139947 0.284258 0.993818 -0.000600778 -0.111016 55.6555 0.110996 -0.0141488 0.99372 0.163929
-0.00303911 -0.999918 -0.0124103 0.310541 0.993828 -0.00164401 -0.110915 56.129 0.110886 -0.0126708 0.993752 0.181633
-0.0035885 -0.999935 -0.0108505 0.329604 0.993517 -0.00233214 -0.113661 56.6045 0.113628 -0.011188 0.99346 0.19875
-0.003775 -0.999941 -0.0101562 0.341577 0.993112 -0.00255949 -0.117138 57.0838 0.117105 -0.0105284 0.993064 0.212301
-0.00373117 -0.999942 -0.0100848 0.35385 0.993007 -0.00251498 -0.118026 57.5682 0.117993 -0.0104547 0.992959 0.22406
-0.00317061 -0.999951 -0.00938522 0.372957 0.993317 -0.00206651 -0.115398 58.0548 0.115373 -0.00968839 0.993275 0.23006
-0.00293294 -0.999938 -0.0107276 0.410146 0.9938 -0.0017223 -0.11117 58.5428 0.111144 -0.0109871 0.993744 0.229992
-0.00280688 -0.999936 -0.0109633 0.446999 0.994149 -0.00160649 -0.108005 59.0201 0.10798 -0.0112023 0.99409 0.225536
-0.00217566 -0.99995 -0.00970331 0.481887 0.994271 -0.00112621 -0.106878 59.4927 0.106861 -0.00988026 0.994225 0.219109
-0.00108207 -0.99995 -0.00994501 0.515751 0.994208 -7.0151e-06 -0.107472 59.9651 0.107467 -0.0100037 0.994158 0.21835
8.6488e-05 -0.999946 -0.0103628 0.552466 0.994065 0.00121331 -0.108783 60.4404 0.108789 -0.0102919 0.994012 0.224033
0.000382793 -0.99996 -0.00889978 0.585063 0.993946 0.00135826 -0.109863 60.9206 0.109871 -0.00880385 0.993907 0.234178
0.00151819 -0.99997 -0.00762705 0.611434 0.993974 0.00234494 -0.109589 61.3992 0.109604 -0.00741471 0.993948 0.242963
0.00327225 -0.999962 -0.00802248 0.632295 0.993853 0.00413977 -0.110628 61.8719 0.110657 -0.00761117 0.99383 0.252241
0.00446203 -0.999965 -0.00700995 0.650962 0.993727 0.00521729 -0.111711 62.3363 0.111743 -0.00646751 0.993716 0.265977
0.00472125 -0.999969 -0.00635428 0.668332 0.993675 0.00540427 -0.112166 62.794 0.112197 -0.00578453 0.993669 0.275699
0.00489375 -0.999967 -0.00653835 0.681804 0.993436 0.00560882 -0.114254 63.2541 0.114286 -0.0059363 0.99343 0.28305
0.00557638 -0.999969 -0.00548846 0.69568 0.99318 0.00617754 -0.116431 63.7062 0.116461 -0.00480177 0.993184 0.288016
0.00583639 -0.999971 -0.0048728 0.710123 0.992949 0.00637219 -0.11837 64.1444 0.118397 -0.00414759 0.992958 0.289406
0.00600435 -0.999968 -0.00536806 0.730892 0.992495 0.00661496 -0.122107 64.5732 0.122139 -0.0045946 0.992502 0.285138
0.00604731 -0.999969 -0.00492777 0.74918 0.992078 0.00661776 -0.125448 64.9996 0.125477 -0.00413012 0.992088 0.278804
0.00586634 -0.999976 -0.00366362 0.765523 0.991975 0.00628203 -0.12628 65.4247 0.1263 -0.00289342 0.991988 0.273991
0.00617555 -0.999974 -0.00377024 0.789444 0.991939 0.00660301 -0.12654 65.8475 0.126561 -0.0029584 0.991954 0.275168
0.00650046 -0.999964 -0.00539451 0.81777 0.992001 0.00712857 -0.126031 66.2728 0.126065 -0.0045321 0.992012 0.273776
0.00707715 -0.999961 -0.00536541 0.84238 0.991986 0.00769735 -0.126109 66.7064 0.126146 -0.00442992 0.992002 0.269497
0.00808327 -0.999957 -0.00450445 0.86387 0.991725 0.0085937 -0.128091 67.1486 0.128124 -0.00343178 0.991752 0.268855
0.00887552 -0.99994 -0.00645546 0.883134 0.991497 0.00963835 -0.129774 67.5981 0.129828 -0.00524876 0.991523 0.270407
0.0093966 -0.999907 -0.00984384 0.90494 0.991735 0.0105786 -0.127864 68.036 0.127956 -0.008561 0.991743 0.266941
0.0103684 -0.99989 -0.0105499 0.935109 0.992322 0.0115891 -0.123133 68.4626 0.123241 -0.00919226 0.992334 0.264117
0.0121594 -0.999886 -0.00893275 0.97489 0.992742 0.0131405 -0.119539 68.878 0.119642 -0.0074144 0.992789 0.26809
0.0133644 -0.999879 -0.00798952 1.00759 0.992752 0.0142227 -0.119338 69.3008 0.119437 -0.00633673 0.992822 0.283652
0.0147568 -0.999864 -0.00729601 1.03302 0.992422 0.0155364 -0.121888 69.7385 0.121985 -0.00544205 0.992517 0.294545
0.0173096 -0.999829 -0.00644416 1.05489 0.992121 0.0179752 -0.123988 70.1868 0.124083 -0.0042472 0.992263 0.299118
0.0199232 -0.999779 -0.00668804 1.08059 0.992097 0.0205981 -0.123769 70.6386 0.12388 -0.00416931 0.992289 0.304201
0.0224306 -0.999722 -0.00730646 1.11414 0.99223 0.023156 -0.122245 71.0899 0.12238 -0.00450765 0.992473 0.309211
0.0256421 -0.999648 -0.00681095 1.15692 0.992373 0.0262761 -0.120438 71.5431 0.120574 -0.00367073 0.992698 0.308233
0.0284854 -0.999565 -0.00767446 1.2004 0.992495 0.0291957 -0.118751 72.0024 0.118923 -0.00423419 0.992894 0.301393
0.0318615 -0.999467 -0.00715353 1.24169 0.992522 0.0324822 -0.117667 72.4596 0.117837 -0.00335099 0.993027 0.29752
0.0360898 -0.999335 -0.00516381 1.28098 0.992469 0.0364462 -0.116951 72.917 0.117062 -0.000904163 0.993124 0.29913
0.0394978 -0.999211 -0.0041057 1.31601 0.992371 0.039707 -0.116713 73.3786 0.116784 0.000535527 0.993157 0.301588
0.0428652 -0.999068 -0.00515538 1.3589 0.992212 0.043174 -0.116842 73.8626 0.116955 -0.000106789 0.993137 0.299488
0.0448257 -0.998969 -0.0071001 1.40095 0.992068 0.0453492 -0.11724 74.3606 0.117441 -0.00178842 0.993078 0.294148
0.0454364 -0.998944 -0.00682988 1.44373 0.992189 0.0459222 -0.115986 74.866 0.116177 -0.00150653 0.993227 0.289541
0.0462953 -0.998902 -0.00720734 1.48731 0.992653 0.0468107 -0.111574 75.3571 0.111789 -0.00198902 0.99373 0.296518
0.0470221 -0.998854 -0.00896691 1.53476 0.99293 0.0477189 -0.108689 75.8344 0.108992 -0.00379274 0.994035 0.299182
0.0480977 -0.998803 -0.00886898 1.58503 0.992811 0.0487796 -0.109298 76.3102 0.1096 -0.00354823 0.993969 0.304699
0.0488642 -0.998761 -0.00945397 1.63108 0.992534 0.0496142 -0.111418 76.7938 0.111749 -0.00393906 0.993729 0.312515
0.0490211 -0.998714 -0.0129135 1.67342 0.992517 0.0501564 -0.111332 77.2763 0.111837 -0.00735918 0.993699 0.321068
0.0490781 -0.99868 -0.0151277 1.72525 0.99301 0.0504161 -0.106724 77.781 0.107346 -0.00978411 0.994174 0.322078
0.0483095 -0.998662 -0.01842 1.78427 0.993608 0.0499323 -0.101241 78.2991 0.102025 -0.0134113 0.994691 0.343146
0.0470059 -0.998668 -0.0212684 1.83489 0.993902 0.0488864 -0.0988339 78.8065 0.0997421 -0.0164929 0.994877 0.359967
0.0457004 -0.998691 -0.0229554 1.87473 0.993891 0.0477676 -0.0994929 79.3205 0.100459 -0.0182683 0.994774 0.371855
0.043803 -0.998764 -0.0234835 1.91259 0.99393 0.0459412 -0.0999581 79.8314 0.100913 -0.0189625 0.994714 0.385629
0.041273 -0.998869 -0.023588 1.95542 0.994244 0.0433951 -0.097958 80.3349 0.0988709 -0.0194092 0.994911 0.393009
0.0385491 -0.999002 -0.022537 2.00846 0.994766 0.0405018 -0.0938076 80.8466 0.0946268 -0.0188029 0.995335 0.388976
0.0355634 -0.999176 -0.0195455 2.06299 0.995112 0.0372081 -0.0914778 81.3638 0.0921297 -0.0161967 0.995615 0.385861
0.0324092 -0.999339 -0.0164795 2.1156 0.995014 0.0338161 -0.0938265 81.879 0.0943217 -0.0133565 0.995452 0.389296
0.0288982 -0.999473 -0.0147842 2.15492 0.994792 0.0302028 -0.0973434 82.3928 0.0977386 -0.0118941 0.995141 0.392806
0.0255257 -0.999601 -0.0120552 2.18622 0.994757 0.0265929 -0.0987511 82.9052 0.0990323 -0.0094713 0.995039 0.392516
0.0228704 -0.999694 -0.00945761 2.21955 0.994781 0.0236968 -0.0992439 83.4121 0.0994377 -0.0071385 0.995018 0.387189
0.0209486 -0.999725 -0.0105707 2.25663 0.994891 0.0218893 -0.0985516 83.9172 0.0987558 -0.00845218 0.995076 0.373021
0.0189178 -0.999755 -0.0115028 2.29913 0.994999 0.0199539 -0.0978746 84.4351 0.0980801 -0.00959373 0.995132 0.358479
0.0165515 -0.999792 -0.0119439 2.34187 0.994951 0.0176517 -0.0987974 84.9648 0.0989876 -0.0102483 0.995036 0.345011
0.0150873 -0.999785 -0.0141959 2.37232 0.994896 0.0164271 -0.0995571 85.5087 0.099769 -0.0126214 0.994931 0.345368
0.0142633 -0.999749 -0.0172475 2.39314 0.994588 0.0159608 -0.102666 86.0546 0.102916 -0.0156898 0.994566 0.363401
0.0139936 -0.999713 -0.0194292 2.40355 0.994275 0.0159707 -0.105652 86.5939 0.105932 -0.0178395 0.994213 0.386472
0.0143232 -0.999683 -0.0206923 2.41725 0.994318 0.0164232 -0.10517 87.1275 0.105477 -0.0190684 0.994239 0.402586
0.0162654 -0.999664 -0.0201701 2.45288 0.994447 0.0182716 -0.103636 87.6511 0.103969 -0.0183725 0.994411 0.402554
0.0202663 -0.999652 -0.0168782 2.50137 0.994644 0.0218704 -0.101018 88.1746 0.101352 -0.0147405 0.994741 0.387111
0.0247071 -0.999591 -0.0143976 2.54327 0.994757 0.0260121 -0.0989023 88.7088 0.0992364 -0.0118785 0.994993 0.38672
0.0280132 -0.999519 -0.0133156 2.58561 0.994512 0.0292112 -0.100463 89.2374 0.100804 -0.0104282 0.994852 0.39219
0.030818 -0.99942 -0.0144965 2.62662 0.994356 0.0321285 -0.101112 89.7626 0.101519 -0.0112986 0.994769 0.399004
0.0341718 -0.999251 -0.0181243 2.66792 0.994349 0.0358167 -0.0999354 90.2918 0.10051 -0.0146069 0.994829 0.409716
0.0365588 -0.999174 -0.0177349 2.70771 0.994501 0.0381191 -0.0975414 90.8287 0.0981369 -0.0140714 0.995073 0.42159
0.0391257 -0.999101 -0.0163318 2.75943 0.99468 0.0405008 -0.0947171 91.3655 0.0952933 -0.012539 0.99537 0.436409
0.041932 -0.998976 -0.0169837 2.81532 0.994462 0.0433699 -0.0957271 91.9043 0.0963657 -0.0128756 0.995263 0.446887
0.0432866 -0.998938 -0.015783 2.85944 0.99397 0.0446535 -0.100143 92.4431 0.100741 -0.011353 0.994848 0.450465
0.0444754 -0.9989 -0.0148527 2.8955 0.993517 0.045783 -0.10406 92.9837 0.104625 -0.0101283 0.99446 0.458134
0.0455554 -0.998808 -0.0175059 2.93856 0.99326 0.0471581 -0.105878 93.5442 0.106577 -0.0125647 0.994225 0.47913
0.0467031 -0.998694 -0.0207012 2.98055 0.993236 0.0486334 -0.105438 94.1058 0.106307 -0.0156369 0.99421 0.492699
0.0482798 -0.99859 -0.0220761 3.03365 0.993502 0.050291 -0.102103 94.6563 0.103069 -0.0170031 0.994529 0.479375
0.0501516 -0.998516 -0.0212222 3.09247 0.993632 0.0520304 -0.0999413 95.1993 0.100897 -0.0160748 0.994767 0.451818
0.0516097 -0.998439 -0.0213577 3.1463 0.993565 0.0534933 -0.0998336 95.7393 0.10082 -0.0160679 0.994775 0.431956
0.0528094 -0.998323 -0.0237204 3.18677 0.993442 0.0549338 -0.100276 96.2815 0.101411 -0.0182693 0.994677 0.425264
0.0535941 -0.998315 -0.0222563 3.23062 0.993401 0.0555671 -0.10033 96.8389 0.101397 -0.0167323 0.994705 0.422213
0.0530699 -0.998407 -0.0191293 3.27955 0.993347 0.0547421 -0.101315 97.3928 0.102201 -0.0136253 0.994671 0.419927
0.0535018 -0.998415 -0.0174775 3.33766 0.993228 0.0550151 -0.102327 97.941 0.103127 -0.0118844 0.994597 0.411278
0.0547521 -0.998391 -0.014724 3.3984 0.993211 0.0559719 -0.101979 98.4837 0.102639 -0.00904052 0.994678 0.403772
0.0542853 -0.998436 -0.0133257 3.46634 0.993426 0.0553503 -0.100204 99.0278 0.100785 -0.00779853 0.994878 0.40572
0.0530294 -0.998485 -0.0146567 3.53341 0.99371 0.0542141 -0.0979825 99.5775 0.0986287 -0.0093686 0.99508 0.413257
0.0522917 -0.998498 -0.0163224 3.58983 0.993791 0.0536386 -0.0974777 100.142 0.0982069 -0.0111237 0.995104 0.426515
0.0513712 -0.998531 -0.0172499 3.64398 0.99384 0.052813 -0.0974336 100.718 0.0982014 -0.0121383 0.995093 0.436213
0.0501612 -0.998566 -0.0186853 3.69934 0.993942 0.0517433 -0.0969658 101.303 0.0977937 -0.0137081 0.995112 0.432005
0.0485743 -0.998656 -0.0180828 3.75184 0.994004 0.0501078 -0.0971894 101.868 0.0979649 -0.0132534 0.995102 0.424749
0.0468086 -0.998763 -0.0167595 3.79838 0.994212 0.0482063 -0.0960093 102.419 0.0966985 -0.0121684 0.995239 0.422593
0.0450046 -0.998849 -0.0165689 3.84468 0.994489 0.0463678 -0.0940257 102.97 0.0946858 -0.012246 0.995432 0.429041
0.0436798 -0.998913 -0.0162942 3.88805 0.994545 0.0450236 -0.0940896 103.525 0.0947209 -0.0120955 0.99543 0.442389
0.0434981 -0.998893 -0.0178954 3.93123 0.994589 0.0449882 -0.0936371 104.092 0.0943385 -0.0137256 0.995446 0.454975
0.0434245 -0.998878 -0.0188849 3.97475 0.994786 0.044977 -0.0915297 104.684 0.0922764 -0.0148118 0.995623 0.463888
0.0431143 -0.998891 -0.0189233 4.01812 0.994941 0.0446486 -0.0899918 105.289 0.0907369 -0.0149477 0.995763 0.464472
0.0428016 -0.998884 -0.0199524 4.06405 0.994978 0.0444258 -0.0896984 105.887 0.0904847 -0.0160129 0.995769 0.457409
0.0421059 -0.998918 -0.0197182 4.10869 0.994986 0.0437157 -0.0899538 106.476 0.0907186 -0.0158318 0.995751 0.4452
0.0416538 -0.998918 -0.0206562 4.15545 0.99505 0.0433416 -0.0894219 107.062 0.0902205 -0.0168292 0.99578 0.434391
0.0411049 -0.998921 -0.0216121 4.20609 0.995213 0.0428526 -0.0878341 107.656 0.0886654 -0.0178982 0.995901 0.425507
0.0402066 -0.998969 -0.0210884 4.25475 0.995265 0.0419089 -0.0877021 108.251 0.0884955 -0.0174624 0.995924 0.420822
0.0393321 -0.999006 -0.0209762 4.30351 0.995156 0.0410562 -0.0893283 108.843 0.0901007 -0.0173611 0.995781 0.42086
0.0374653 -0.999148 -0.0173208 4.35037 0.995358 0.0388495 -0.0880471 109.434 0.088645 -0.0139417 0.995966 0.426041
0.0359069 -0.999269 -0.0130938 4.40013 0.995693 0.0368928 -0.085053 110.019 0.085474 -0.0099834 0.99629 0.426847
0.0352981 -0.999286 -0.0134841 4.44736 0.995672 0.0363247 -0.0855478 110.599 0.0859765 -0.010406 0.996243 0.424421
0.0351964 -0.999263 -0.0153274 4.48846 0.995535 0.036401 -0.0870934 111.179 0.0875872 -0.0121936 0.996082 0.431728
0.0348338 -0.999259 -0.0163472 4.52279 0.995635 0.0361153 -0.086064 111.761 0.0865906 -0.0132779 0.996156 0.440911
0.0337738 -0.999303 -0.0158941 4.56307 0.995838 0.0349951 -0.084152 112.35 0.0846495 -0.0129858 0.996326 0.445167
0.0337303 -0.999303 -0.0159734 4.60321 0.996021 0.03493 -0.0819825 112.954 0.0824833 -0.0131446 0.996506 0.436782
0.0335599 -0.999343 -0.0136396 4.64541 0.996055 0.034565 -0.0817313 113.553 0.0821491 -0.0108429 0.996561 0.427437
0.0321815 -0.999392 -0.0133731 4.68317 0.995946 0.0331893 -0.0836112 114.146 0.0840043 -0.0106282 0.996409 0.425072
0.0309859 -0.999389 -0.0161445 4.71897 0.995893 0.0322442 -0.0846009 114.74 0.0850698 -0.0134567 0.996284 0.432802
0.0306516 -0.999377 -0.0174982 4.76413 0.995992 0.0320101 -0.0835181 115.324 0.0840262 -0.0148681 0.996353 0.437649
0.0301388 -0.999349 -0.0198288 4.81336 0.996092 0.0316765 -0.0824483 115.909 0.0830227 -0.0172664 0.996398 0.438675
0.0296844 -0.999316 -0.0220667 4.85463 0.99603 0.0314259 -0.0832869 116.501 0.0839234 -0.0195067 0.996281 0.443281
0.0293851 -0.999318 -0.0223364 4.88705 0.996005 0.0311581 -0.0836794 117.1 0.0843183 -0.0197883 0.996242 0.45092
0.0287796 -0.999314 -0.0233189 4.91468 0.99603 0.0306354 -0.0835819 117.697 0.084239 -0.0208209 0.996228 0.452173
0.0280237 -0.999283 -0.0254377 4.94618 0.996149 0.0300325 -0.0823668 118.29 0.0830718 -0.0230315 0.996277 0.448718
