0.0213469 -0.99957 0.0200892 0.405897 0.998415 0.0202671 -0.052501 -0.586823 0.0520713 0.0211781 0.998419 -0.169984
0.0268752 -0.99888 0.0389523 0.365704 0.995455 0.0231812 -0.0923655 -0.628045 0.0913591 0.0412576 0.994963 -0.0779031
0.0283584 -0.998562 0.0455035 0.346912 0.992717 0.022802 -0.118291 -0.606468 0.117084 0.0485267 0.991936 0.00848154
0.0278075 -0.998766 0.0411449 0.370056 0.992646 0.0227391 -0.118897 -0.59713 0.117814 0.0441485 0.992054 0.0160231
0.0266408 -0.999115 0.0325603 0.350648 0.995602 0.0235927 -0.0906593 -0.628291 0.0898109 0.0348323 0.99535 -0.0487017
0.0253353 -0.999337 0.0261614 0.337426 0.997831 0.0236894 -0.0614155 -0.642012 0.0607551 0.0276606 0.997769 -0.112464
0.0229206 -0.999387 0.0264664 0.374029 0.998402 0.0215139 -0.052264 -0.609028 0.0516625 0.0276221 0.998283 -0.134877
0.0208477 -0.999387 0.0281403 0.398887 0.998557 0.0194207 -0.0500655 -0.580393 0.0494883 0.0291435 0.998349 -0.125723
0.0195489 -0.999359 0.0299748 0.414766 0.998516 0.0179907 -0.0514004 -0.553684 0.0508282 0.0309351 0.998228 -0.111055
0.0194342 -0.99932 0.0313371 0.420627 0.99838 0.0177207 -0.0540614 -0.547112 0.0534694 0.032337 0.998046 -0.102183
0.0202342 -0.999289 0.0318096 0.411111 0.998163 0.0183734 -0.0577398 -0.542828 0.0571143 0.0329195 0.997825 -0.0971825
0.0213167 -0.999269 0.0317493 0.404444 0.99787 0.0193071 -0.0623122 -0.549082 0.0616536 0.03301 0.997552 -0.0937013
0.0224746 -0.999266 0.0310297 0.397465 0.997517 0.0203416 -0.0674241 -0.546381 0.0667434 0.032468 0.997242 -0.0819611
0.0230342 -0.999275 0.0303246 0.378167 0.997119 0.0207707 -0.0729488 -0.540132 0.0722661 0.0319176 0.996875 -0.0699071
0.0234271 -0.999275 0.0300193 0.35898 0.996832 0.021066 -0.0766914 -0.524742 0.0760034 0.0317209 0.996603 -0.066533
0.0227126 -0.999303 0.0296367 0.34806 0.996622 0.0202916 -0.0795787 -0.509862 0.0789218 0.031344 0.996388 -0.0589987
0.0206798 -0.999347 0.0296184 0.338032 0.996546 0.0182206 -0.0810192 -0.482092 0.0804266 0.0311916 0.996272 -0.0466153
0.0172046 -0.999399 0.0301016 0.351912 0.996853 0.0148152 -0.0778755 -0.44265 0.0773827 0.0313467 0.996508 -0.055982
0.0129564 -0.999454 0.0303874 0.364491 0.997142 0.0106524 -0.0747935 -0.394381 0.074429 0.0312697 0.996736 -0.0609439
0.00873797 -0.999488 0.0307684 0.368606 0.997376 0.00649985 -0.0721037 -0.342179 0.0718668 0.0313177 0.996922 -0.0705398
0.0044105 -0.999511 0.0309382 0.368289 0.997582 0.00225192 -0.0694618 -0.293812 0.0693582 0.0311697 0.997105 -0.090016
-0.000747546 -0.999519 0.0310139 0.360195 0.997787 -0.00280766 -0.0664352 -0.253398 0.0664903 0.0308956 0.997309 -0.102094
-0.006227 -0.999494 0.0312048 0.344076 0.997928 -0.00820959 -0.063815 -0.232778 0.0640389 0.0307428 0.997474 -0.0939747
-0.0120315 -0.999432 0.0314724 0.336822 0.997911 -0.0139993 -0.0630716 -0.208716 0.0634763 0.0306478 0.997513 -0.0865943
-0.0188387 -0.999338 0.0311159 0.330577 0.997632 -0.0208474 -0.0655463 -0.175757 0.0661516 0.0298074 0.997364 -0.0786252
-0.0259945 -0.999204 0.0302534 0.310562 0.997279 -0.028009 -0.0681877 -0.144645 0.0689808 0.0283986 0.997214 -0.0773999
-0.0336942 -0.998981 0.0300238 0.295728 0.996862 -0.0357456 -0.0706333 -0.105799 0.0716346 0.0275496 0.99705 -0.0774754
-0.0424204 -0.998652 0.0299038 0.284019 0.996298 -0.0445224 -0.0735367 -0.0518037 0.074769 0.0266737 0.996844 -0.0700151
-0.0533538 -0.998123 0.0300769 0.27336 0.995773 -0.0554351 -0.073238 -0.00100868 0.0747678 0.0260422 0.996861 -0.0657432
-0.0650388 -0.99742 0.0304005 0.260108 0.995331 -0.0670195 -0.0694534 0.0570785 0.0713115 0.0257414 0.997122 -0.0664508
-0.0767011 -0.996585 0.0305846 0.249682 0.994718 -0.078584 -0.0660373 0.104378 0.0682153 0.0253579 0.997348 -0.055572
-0.0891942 -0.995542 0.0306671 0.249816 0.993852 -0.0909862 -0.0630898 0.151813 0.0655989 0.0248513 0.997537 -0.0498336
-0.102025 -0.994306 0.0307716 0.244852 0.992679 -0.103771 -0.0618112 0.206872 0.0646524 0.02424 0.997613 -0.0583207
-0.113957 -0.993007 0.030836 0.252815 0.991354 -0.11569 -0.0619119 0.25437 0.0650464 0.0235141 0.997605 -0.0668502
-0.124558 -0.991722 0.0311984 0.260997 0.989928 -0.126342 -0.0638704 0.300487 0.0672833 0.0229286 0.99747 -0.0712171
-0.134116 -0.99045 0.0319622 0.263991 0.988552 -0.135969 -0.0653998 0.341542 0.0691211 0.0228252 0.997347 -0.062508
-0.142443 -0.989271 0.032434 0.270525 0.987286 -0.14434 -0.0665698 0.391027 0.0705372 0.0225392 0.997254 -0.0537484
-0.148757 -0.988364 0.0317384 0.282404 0.986421 -0.150571 -0.0655863 0.437366 0.069602 0.021551 0.997342 -0.0746892
-0.15228 -0.98788 0.0300771 0.288723 0.986056 -0.153924 -0.0632548 0.481106 0.0671178 0.0200253 0.997544 -0.101502
-0.152818 -0.987856 0.0280482 0.291983 0.986133 -0.154287 -0.0611305 0.507217 0.0647156 0.0183175 0.997736 -0.0999946
-0.150814 -0.988172 0.0277643 0.29445 0.986481 -0.152259 -0.0605995 0.476968 0.0641101 0.0182497 0.997776 -0.0683957
-0.148035 -0.988557 0.028991 0.268745 0.986867 -0.149572 -0.0610143 0.452326 0.0646523 0.019578 0.997716 -0.0519461
-0.145818 -0.988844 0.0304023 0.239849 0.986995 -0.147509 -0.0638839 0.447671 0.0676559 0.0206915 0.997494 -0.0351993
-0.144185 -0.98905 0.0314745 0.218076 0.98699 -0.146026 -0.0672851 0.447249 0.0711444 0.0213636 0.997237 -0.0334893
-0.144046 -0.989044 0.0323033 0.226132 0.986711 -0.146033 -0.0712483 0.448149 0.075185 0.0216109 0.996935 -0.0495097
-0.144801 -0.988907 0.0331018 0.243038 0.986251 -0.146943 -0.0756079 0.445391 0.0796333 0.0216985 0.996588 -0.0629864
-0.145422 -0.988827 0.0327787 0.252294 0.986045 -0.147568 -0.0770645 0.438712 0.0810405 0.0211143 0.996487 -0.0752992
-0.146164 -0.988735 0.0322311 0.269155 0.985827 -0.148291 -0.0784505 0.437499 0.0823463 0.0203076 0.996397 -0.0692666
-0.146569 -0.988697 0.031573 0.281451 0.985784 -0.148638 -0.0783347 0.438658 0.0821422 0.0196428 0.996427 -0.0551192
-0.146739 -0.988679 0.0313448 0.274134 0.985778 -0.148786 -0.0781323 0.438241 0.0819114 0.0194339 0.99645 -0.0335538
-0.146636 -0.988689 0.0315026 0.26236 0.98594 -0.14866 -0.0763081 0.4397 0.0801281 0.0198702 0.996586 -0.0469074
-0.146342 -0.988735 0.0314197 0.250753 0.986019 -0.148352 -0.0758802 0.443866 0.0796866 0.0198759 0.996622 -0.0511185
-0.146238 -0.988758 0.0311738 0.248775 0.986031 -0.14823 -0.0759609 0.448951 0.0797279 0.01963 0.996623 -0.048033
-0.145939 -0.988782 0.0318014 0.254317 0.985989 -0.148001 -0.0769503 0.450632 0.0807937 0.0201258 0.996528 -0.0395851
-0.145857 -0.988801 0.0315884 0.268154 0.986003 -0.147903 -0.0769591 0.456699 0.0807693 0.0199213 0.996534 -0.0310324
-0.14582 -0.988807 0.0315818 0.272698 0.985977 -0.147873 -0.0773503 0.456148 0.0811546 0.0198597 0.996504 -0.0286131
-0.146402 -0.988733 0.0311854 0.271039 0.985892 -0.148422 -0.0773747 0.448123 0.0811316 0.0194176 0.996514 -0.0283896
-0.146892 -0.988673 0.0307867 0.26545 0.985941 -0.14885 -0.0759213 0.447835 0.079644 0.0192016 0.996638 -0.0236456
-0.147216 -0.988631 0.0306121 0.270317 0.986074 -0.149115 -0.0736399 0.453982 0.0773674 0.0193448 0.996815 -0.021023
-0.147235 -0.988623 0.0307506 0.277861 0.986059 -0.149148 -0.0737746 0.461784 0.0775217 0.0194597 0.996801 -0.0154011
-0.147426 -0.988583 0.0311282 0.25916 0.985895 -0.149401 -0.0754354 0.458915 0.0792247 0.019568 0.996665 -0.00615986
-0.147327 -0.988576 0.031832 0.250812 0.98581 -0.14938 -0.0765835 0.44978 0.0804637 0.0200975 0.996555 -0.00158409
-0.147384 -0.988559 0.0320881 0.246656 0.98573 -0.149475 -0.0774201 0.448181 0.0813307 0.0202198 0.996482 -0.00180067
-0.14771 -0.988503 0.0323151 0.241803 0.985718 -0.149809 -0.0769302 0.457141 0.0808868 0.0204902 0.996513 -0.00299106
-0.148438 -0.988381 0.032686 0.225985 0.985729 -0.150532 -0.0753522 0.474303 0.079397 0.0210344 0.996621 -0.00381567
-0.149788 -0.988204 0.0318846 0.211136 0.985621 -0.151792 -0.0742325 0.49824 0.0781967 0.020307 0.996731 -0.011735
-0.151646 -0.987938 0.0313489 0.202893 0.985487 -0.153565 -0.0723461 0.514301 0.0762875 0.019923 0.996887 -0.0148827
-0.15409 -0.987566 0.0311218 0.20252 0.985181 -0.155967 -0.0713621 0.527793 0.0753288 0.0196644 0.996965 -0.00833465
-0.156957 -0.987096 0.0317045 0.205483 0.984809 -0.158846 -0.070142 0.540446 0.0742731 0.0202135 0.997033 -0.0100965
-0.160229 -0.986549 0.0323601 0.202321 0.984454 -0.162107 -0.0676122 0.562568 0.0719486 0.0210236 0.997187 -0.0265654
-0.164008 -0.985913 0.0328136 0.195551 0.984056 -0.165839 -0.0642756 0.594293 0.0688119 0.0217487 0.997393 -0.0590596
-0.169185 -0.985047 0.0325325 0.192615 0.983447 -0.170898 -0.060208 0.623159 0.0648675 0.0218077 0.997656 -0.0827158
-0.175095 -0.984015 0.0325062 0.188163 0.982614 -0.176725 -0.056901 0.65993 0.0617361 0.021978 0.99785 -0.0966174
-0.181387 -0.982884 0.0322198 0.180073 0.981532 -0.182968 -0.0558342 0.695084 0.0607737 0.0214972 0.99792 -0.0945196
-0.18801 -0.981647 0.0319475 0.143696 0.980238 -0.189579 -0.0565097 0.714572 0.0615292 0.0206918 0.997891 -0.0803072
-0.195282 -0.980222 0.0320838 0.122591 0.978598 -0.196915 -0.0597613 0.735033 0.0648971 0.0197268 0.997697 -0.0578917
-0.203494 -0.97854 0.032402 0.0993604 0.976633 -0.205212 -0.0638388 0.768625 0.069118 0.0186541 0.997434 -0.0503686
-0.213868 -0.976308 0.0329062 0.0647044 0.974141 -0.215664 -0.0673666 0.813483 0.0728672 0.0176477 0.997186 -0.055224
-0.227219 -0.973268 0.0334784 0.0261138 0.970822 -0.229086 -0.0708792 0.870907 0.0766539 0.0163965 0.996923 -0.0658605
-0.243863 -0.969215 0.0339491 -0.0097102 0.966563 -0.24576 -0.0732019 0.931346 0.0792917 0.0149627 0.996739 -0.0808664
-0.263109 -0.964155 0.0343438 -0.0403163 0.961421 -0.264992 -0.0738211 1.01214 0.0802758 0.0135958 0.99668 -0.0895504
-0.284542 -0.95803 0.0348598 -0.0713407 0.955191 -0.286416 -0.0746711 1.10592 0.0815215 0.0120507 0.996599 -0.0826568
-0.307459 -0.950916 0.0350427 -0.102708 0.947956 -0.309289 -0.075624 1.20607 0.0827503 0.00996765 0.99652 -0.0606687
-0.330174 -0.943265 0.0351631 -0.121129 0.940182 -0.33195 -0.0765984 1.3025 0.083925 0.0077689 0.996442 -0.0388456
-0.35094 -0.935733 0.0352879 -0.122789 0.932939 -0.352631 -0.0726365 1.42044 0.080412 0.00743047 0.996734 -0.0368649
-0.365202 -0.930243 0.0357011 -0.165841 0.928404 -0.366766 -0.0595691 1.59167 0.0685078 0.0113903 0.997586 -0.0930295
-0.377815 -0.925171 0.0362533 -0.221157 0.924046 -0.379241 -0.0481259 1.77025 0.0582735 0.015317 0.998183 -0.139202
-0.387424 -0.921187 0.0362827 -0.291874 0.920356 -0.388753 -0.0426114 1.94588 0.0533581 0.0168843 0.998433 -0.126656
-0.394127 -0.918352 0.0359526 -0.361052 0.917558 -0.395416 -0.0416398 2.11506 0.0524563 0.0165772 0.998486 -0.119626
-0.396516 -0.917333 0.0357141 -0.419777 0.916524 -0.397793 -0.0417665 2.27649 0.0525206 0.0161717 0.998489 -0.125062
-0.394573 -0.918173 0.0356557 -0.468763 0.917303 -0.395867 -0.0429442 2.44798 0.0535451 0.0157624 0.998441 -0.131315
-0.387119 -0.921348 0.0354545 -0.506391 0.920409 -0.388431 -0.0443576 2.62892 0.0546405 0.015461 0.998386 -0.143788
-0.376202 -0.925879 0.0349376 -0.55482 0.92494 -0.3775 -0.0445007 2.83324 0.0543912 0.0155739 0.998398 -0.153017
-0.362515 -0.931336 0.0345969 -0.602575 0.93041 -0.363808 -0.0445136 3.04939 0.0540438 0.0160525 0.99841 -0.149562
-0.345932 -0.937617 0.0347149 -0.645663 0.936799 -0.347221 -0.0429593 3.25811 0.0523331 0.0176599 0.998474 -0.145596
-0.327073 -0.94436 0.0347395 -0.69694 0.943701 -0.328329 -0.0403552 3.46672 0.0495158 0.0195846 0.998581 -0.151771
-0.306713 -0.95117 0.0346924 -0.736304 0.950576 -0.307964 -0.0395396 3.68231 0.0482929 0.0208505 0.998616 -0.15443
-0.285218 -0.957824 0.0349942 -0.801863 0.957207 -0.286523 -0.0407374 3.90339 0.0490459 0.0218777 0.998557 -0.147902
-0.263043 -0.964149 0.034997 -0.873764 0.963315 -0.264471 -0.0455911 4.11727 0.0532123 0.0217207 0.998347 -0.121953
-0.2411 -0.969877 0.0347741 -0.926455 0.968646 -0.242699 -0.0531302 4.34387 0.0599694 0.0208741 0.997982 -0.0970744
-0.220808 -0.974715 0.0342712 -0.978553 0.972845 -0.222612 -0.0633762 4.59207 0.0694029 0.0193466 0.997401 -0.0718589
-0.20502 -0.978135 0.03491 -1.02673 0.975522 -0.20711 -0.0739022 4.8553 0.0795165 0.0189041 0.996654 -0.0480488
-0.192524 -0.980617 0.036388 -1.06026 0.977101 -0.194993 -0.0851573 5.11236 0.0906021 0.01916 0.995703 -0.0290889
-0.182392 -0.982489 0.0380559 -1.07656 0.978179 -0.185237 -0.0940967 5.3849 0.0994984 0.020063 0.994835 -0.00723912
-0.174196 -0.983867 0.040757 -1.09746 0.979415 -0.177398 -0.0963186 5.66748 0.101995 0.0231397 0.994516 -0.00711594
-0.166559 -0.985136 0.0420149 -1.12 0.980611 -0.169955 -0.0975559 5.96016 0.103246 0.0249514 0.994343 -0.0143277
-0.158742 -0.986458 0.0412504 -1.14647 0.981784 -0.162132 -0.0990644 6.26355 0.104411 0.0247733 0.994226 -0.0196649
-0.150495 -0.987814 0.0396849 -1.17601 0.983275 -0.153727 -0.0976587 6.57522 0.102569 0.0243241 0.994428 -0.0229935
-0.141946 -0.989166 0.0374337 -1.2142 0.984621 -0.144982 -0.0974738 6.88689 0.101845 0.023022 0.994534 -0.0209292
-0.133128 -0.99049 0.0347348 -1.2601 0.985862 -0.135942 -0.0979618 7.20217 0.101752 0.0212022 0.994584 -0.0212327
-0.124409 -0.991709 0.0321839 -1.28884 0.98688 -0.127037 -0.0996431 7.52463 0.102906 0.0193651 0.994503 -0.0187111
-0.115895 -0.992809 0.0299683 -1.3076 0.987799 -0.118365 -0.101209 7.8441 0.104028 0.0178731 0.994414 -0.00689308
-0.108796 -0.993667 0.0280796 -1.32191 0.988308 -0.111158 -0.104357 8.17816 0.106818 0.0163977 0.994143 0.0105204
-0.10313 -0.994305 0.0268691 -1.34582 0.988404 -0.10547 -0.109239 8.52334 0.11145 0.0152917 0.993652 0.017459
-0.0999471 -0.994617 0.0273548 -1.37844 0.988541 -0.102387 -0.110925 8.86465 0.113128 0.0159547 0.993452 0.0248982
-0.0965159 -0.99493 0.0282785 -1.39328 0.98902 -0.0990595 -0.109663 9.22428 0.111908 0.0173838 0.993566 0.0301008
-0.0934629 -0.995209 0.0287084 -1.39977 0.989906 -0.0959732 -0.104288 9.61663 0.106544 0.0186715 0.994133 0.0231143
-0.0911778 -0.995445 0.0278475 -1.42922 0.990588 -0.0935288 -0.0999404 9.99475 0.10209 0.018473 0.994604 -0.00148939
-0.0884764 -0.995739 0.0260131 -1.45331 0.99098 -0.0906325 -0.0987149 10.3594 0.100652 0.0170445 0.994776 -0.0111266
-0.0843122 -0.996149 0.0240435 -1.46195 0.990523 -0.0864127 -0.106756 10.7647 0.108423 0.0148148 0.993994 0.00218509
-0.079572 -0.996581 0.0222352 -1.47952 0.990168 -0.081595 -0.113618 11.1684 0.115044 0.0129757 0.993276 0.0139882
-0.0752539 -0.996954 0.0204858 -1.49352 0.990098 -0.0771464 -0.117282 11.5881 0.118506 0.0114569 0.992887 0.0269325
-0.0710541 -0.99729 0.0190765 -1.51469 0.990155 -0.0728322 -0.119534 12.0064 0.120599 0.0103954 0.992647 0.0421674
-0.0665617 -0.997612 0.0184225 -1.53092 0.990351 -0.068304 -0.120583 12.4337 0.121553 0.0102186 0.992532 0.0503979
-0.0621273 -0.997891 0.0188272 -1.52753 0.99081 -0.0639354 -0.119196 12.8602 0.120148 0.0112489 0.992692 0.0595428
-0.0581589 -0.998097 0.0205113 -1.53774 0.991522 -0.0601428 -0.11518 13.2971 0.116195 0.0136387 0.993133 0.0638956
-0.0536761 -0.998296 0.0228703 -1.53465 0.992298 -0.0558862 -0.110546 13.7379 0.111636 0.0167605 0.993608 0.0673921
-0.0482432 -0.998521 0.0250811 -1.53887 0.993082 -0.0506415 -0.105944 14.1657 0.107057 0.0197965 0.994056 0.0572594
-0.0430601 -0.998756 0.0251286 -1.55366 0.993554 -0.0454486 -0.103847 14.6285 0.10486 0.0204949 0.994276 0.0440136
-0.0384617 -0.998974 0.0238923 -1.56497 0.993943 -0.0407093 -0.102077 15.0928 0.102945 0.0198215 0.99449 0.050037
-0.0336503 -0.999198 0.0217089 -1.54953 0.994257 -0.0356761 -0.100896 15.5378 0.10159 0.018189 0.99466 0.070163
-0.0286391 -0.999405 0.0192266 -1.52276 0.994596 -0.0304109 -0.0992641 16.001 0.0997897 0.0162798 0.994875 0.0940573
-0.0237755 -0.999559 0.0178031 -1.50278 0.994828 -0.0254145 -0.0983424 16.4559 0.0987515 0.0153729 0.994993 0.117043
-0.0190355 -0.99964 0.0188964 -1.48048 0.994811 -0.0208261 -0.0995872 16.9056 0.0999449 0.0169026 0.994849 0.0929559
-0.0141529 -0.999721 0.0189041 -1.48124 0.994562 -0.0160259 -0.10291 17.3881 0.103184 0.0173448 0.994511 0.097233
-0.0110766 -0.999758 0.0190056 -1.49001 0.994015 -0.0130748 -0.108455 17.8698 0.108677 0.0176906 0.99392 0.117262
-0.00922587 -0.999772 0.0192604 -1.49026 0.993641 -0.0113274 -0.112025 18.3716 0.112217 0.0181044 0.993519 0.130097
-0.00788679 -0.999764 0.0202456 -1.46577 0.993928 -0.0100597 -0.109574 18.8795 0.109751 0.0192585 0.993772 0.123016
-0.00629715 -0.999793 0.0193222 -1.44406 0.994015 -0.00836585 -0.108925 19.3822 0.109064 0.0185206 0.993862 0.110747
-0.00504207 -0.999833 0.0175461 -1.42104 0.993946 -0.0069366 -0.109648 19.8941 0.109752 0.016887 0.993816 0.100533
-0.0033181 -0.999872 0.0156546 -1.40135 0.993733 -0.00504597 -0.111662 20.3937 0.111727 0.0151859 0.993623 0.0995546
-0.0011089 -0.999898 0.0142312 -1.37719 0.993194 -0.00275871 -0.11644 20.8992 0.116467 0.0140053 0.993096 0.109376
0.000703286 -0.999921 0.0125458 -1.35381 0.992196 -0.000866504 -0.124682 21.3942 0.124683 0.0125356 0.992117 0.114366
0.00258361 -0.99993 0.0115286 -1.31839 0.99144 0.00105639 -0.13056 21.8981 0.130539 0.0117673 0.991373 0.127382
0.00394552 -0.999924 0.0117221 -1.28582 0.991373 0.00237545 -0.131053 22.395 0.131015 0.012138 0.991306 0.134449
0.00593528 -0.999897 0.0131002 -1.27621 0.991641 0.00419666 -0.128963 22.8834 0.128895 0.0137561 0.991563 0.121632
0.00803036 -0.999861 0.0146313 -1.26498 0.991827 0.00610086 -0.127447 23.3813 0.12734 0.0155352 0.991737 0.114693
0.00959505 -0.999818 0.01647 -1.25449 0.991977 0.00744098 -0.126196 23.8663 0.126051 0.0175487 0.991868 0.118493
0.0109886 -0.999775 0.0181225 -1.23722 0.991919 0.00860771 -0.126584 24.338 0.126399 0.019367 0.99179 0.125138
0.0126743 -0.999737 0.019126 -1.20613 0.992106 0.0101864 -0.124985 24.8074 0.124757 0.0205591 0.991974 0.126664
0.0142697 -0.999727 0.0184848 -1.16905 0.992446 0.0119081 -0.122106 25.2891 0.121852 0.0200876 0.992345 0.133661
0.0157584 -0.999739 0.0165343 -1.13279 0.992871 0.0136919 -0.118408 25.7598 0.118151 0.0182824 0.992827 0.131572
0.0174929 -0.999755 0.0135527 -1.10546 0.993086 0.0157993 -0.116319 26.2194 0.116077 0.0154938 0.993119 0.134663
0.0195687 -0.999753 0.0105792 -1.08401 0.992887 0.0181893 -0.11766 26.6709 0.117439 0.0128064 0.992998 0.134588
0.0210972 -0.999741 0.00848938 -1.08105 0.992349 0.0199065 -0.12185 27.1404 0.12165 0.0109951 0.992512 0.133264
0.0214451 -0.999737 0.0080792 -1.04537 0.991883 0.0202621 -0.125533 27.5726 0.125336 0.0107057 0.992057 0.152087
0.0208826 -0.999742 0.00895122 -1.01326 0.991799 0.0195859 -0.126296 28.017 0.126088 0.0115152 0.991952 0.167145
0.0201388 -0.999738 0.0108908 -0.968519 0.992074 0.0186307 -0.124265 28.4664 0.12403 0.013307 0.992189 0.175339
0.0199406 -0.999717 0.0129513 -0.937422 0.99244 0.0182231 -0.121368 28.9335 0.121097 0.0152735 0.992523 0.174843
0.0195511 -0.999708 0.0141826 -0.931187 0.992429 0.0176845 -0.121539 29.4009 0.121253 0.0164515 0.992485 0.174671
0.0195326 -0.999704 0.014531 -0.905738 0.992355 0.0176136 -0.12215 29.8487 0.121858 0.0168058 0.992405 0.15823
0.0195621 -0.999708 0.0141622 -0.861127 0.99223 0.0176711 -0.123156 30.2869 0.12287 0.0164614 0.992286 0.156571
0.018988 -0.99973 0.0133884 -0.824411 0.992475 0.0172268 -0.121226 30.7141 0.120963 0.0155895 0.992535 0.156998
0.0183469 -0.999755 0.012408 -0.786535 0.992627 0.0167261 -0.120048 31.1527 0.119812 0.014519 0.992691 0.169604
0.0181357 -0.999764 0.0119662 -0.763397 0.99253 0.0165578 -0.120872 31.5806 0.120646 0.0140689 0.992596 0.173211
0.0169074 -0.999787 0.0118087 -0.764874 0.992033 0.0152994 -0.125045 32.0182 0.124838 0.0138288 0.992081 0.169782
0.0156528 -0.999797 0.0127118 -0.740572 0.991623 0.0138921 -0.128415 32.4306 0.128213 0.0146154 0.991639 0.168972
0.0139908 -0.999811 0.0135044 -0.715905 0.991201 0.01209 -0.13181 32.8448 0.131622 0.0152297 0.991183 0.182199
0.0121597 -0.999834 0.0135708 -0.696221 0.991268 0.0102712 -0.13146 33.2702 0.131299 0.0150508 0.991229 0.180747
0.00975145 -0.999886 0.011552 -0.679229 0.991526 0.00817206 -0.129649 33.7138 0.129539 0.0127184 0.991493 0.126842
0.00779577 -0.999932 0.00862283 -0.671839 0.991405 0.00660252 -0.130665 34.145 0.130599 0.00956734 0.991389 0.106318
0.00596466 -0.999966 0.00575282 -0.657655 0.991437 0.00516312 -0.130483 34.5579 0.130449 0.00648184 0.991434 0.0941842
0.00470318 -0.999985 0.00265678 -0.651827 0.991465 0.00431693 -0.130298 34.9675 0.130285 0.00324692 0.991471 0.113913
0.0027925 -0.999996 0.000551273 -0.650597 0.991353 0.00269604 -0.131195 35.3814 0.131193 0.000912868 0.991356 0.140057
0.000925188 -0.999999 -0.000448661 -0.618932 0.991144 0.000976571 -0.132786 35.8006 0.132786 -0.000321836 0.991145 0.145142
0.000592235 -0.999999 0.000913298 -0.594541 0.990506 0.000461061 -0.13747 36.2129 0.13747 0.000986042 0.990505 0.146257
-0.00031222 -0.999995 0.00329039 -0.578209 0.989783 -0.000778188 -0.142583 36.6354 0.142585 0.00321225 0.989777 0.15164
-0.00172022 -0.999972 0.00724068 -0.557843 0.989584 -0.00274454 -0.143932 37.0561 0.143948 0.00691767 0.989561 0.150628
-0.00335588 -0.999928 0.0115489 -0.527357 0.989908 -0.00495797 -0.141623 37.4862 0.14167 0.0109571 0.989853 0.132809
-0.00441437 -0.999886 0.0144172 -0.505013 0.990515 -0.00635209 -0.137257 37.92 0.137333 0.0136746 0.990431 0.116285
-0.00536291 -0.999864 0.0155644 -0.500159 0.99098 -0.00739812 -0.133804 38.3451 0.133901 0.0147064 0.990886 0.107895
-0.00631875 -0.99988 0.0141309 -0.495691 0.991094 -0.00814163 -0.132913 38.7392 0.133012 0.0131652 0.991027 0.0992937
-0.00733915 -0.999911 0.0111129 -0.48298 0.991165 -0.00874584 -0.132347 39.1267 0.132433 0.0100434 0.991141 0.0961401
-0.00798492 -0.999938 0.00770878 -0.461761 0.991095 -0.00893851 -0.132853 39.514 0.132914 0.00657932 0.991106 0.10868
-0.00868366 -0.999952 0.00446861 -0.437951 0.991112 -0.00919996 -0.132714 39.9091 0.132748 0.00327645 0.991144 0.128714
-0.0084279 -0.999961 0.00255715 -0.411686 0.991057 -0.00869337 -0.133159 40.3206 0.133176 0.00141203 0.991091 0.154034
-0.00711301 -0.99997 0.00304339 -0.412385 0.990829 -0.0074586 -0.134915 40.7045 0.134933 0.00205583 0.990853 0.161495
-0.00727689 -0.999965 0.00417473 -0.410263 0.990641 -0.00777794 -0.136268 41.0948 0.136296 0.00314405 0.990663 0.162781
-0.00708318 -0.999963 0.0048193 -0.397029 0.990451 -0.00767919 -0.137648 41.5148 0.13768 0.0037983 0.990469 0.142607
-0.00657083 -0.999963 0.00561509 -0.375884 0.99053 -0.00727872 -0.137102 41.9298 0.137137 0.00466104 0.990541 0.1098
-0.00647158 -0.999956 0.00681275 -0.354301 0.990766 -0.00733449 -0.135386 42.3476 0.13543 0.00587368 0.99077 0.115633
-0.00562104 -0.999949 0.00836512 -0.353321 0.991274 -0.00667359 -0.13165 42.7344 0.131699 0.00755212 0.991261 0.171267
-0.00471118 -0.999939 0.00998275 -0.335034 0.991638 -0.00595908 -0.128915 43.1247 0.128967 0.00929193 0.991605 0.191333
-0.00290566 -0.999931 0.0113581 -0.329417 0.991496 -0.00435851 -0.130061 43.54 0.130102 0.0108836 0.991441 0.197196
7.62662e-05 -0.999917 0.0128666 -0.310546 0.99111 -0.00163625 -0.133035 43.9272 0.133045 0.0127624 0.991028 0.166657
0.00260137 -0.999897 0.0140826 -0.295464 0.990485 0.000638618 -0.137621 44.328 0.137598 0.0143066 0.990385 0.159938
0.00463292 -0.999873 0.0152679 -0.239566 0.990479 0.00248758 -0.137644 44.7319 0.137589 0.0157602 0.990364 0.143205
0.00670544 -0.99984 0.0165596 -0.205084 0.990809 0.00440565 -0.1352 45.121 0.135105 0.017314 0.99068 0.125276
0.00942054 -0.999806 0.0173268 -0.210777 0.991253 0.00705613 -0.131783 45.5274 0.131635 0.0184167 0.991127 0.099719
0.00997549 -0.999802 0.0171902 -0.196725 0.990888 0.00757449 -0.134472 45.9657 0.134316 0.018375 0.990768 0.124539
0.0110211 -0.999796 0.0169339 -0.191043 0.990559 0.00860203 -0.136815 46.3936 0.136641 0.0182819 0.990452 0.131413
0.0119035 -0.999788 0.0168269 -0.177696 0.99059 0.00949613 -0.136531 46.8086 0.136342 0.0182938 0.990493 0.149385
0.0119548 -0.999801 0.0159455 -0.148238 0.990719 0.00968385 -0.13558 47.2174 0.135399 0.0174183 0.990638 0.151301
0.0113253 -0.999838 0.0139738 -0.115542 0.990744 0.0093296 -0.135424 47.6364 0.135272 0.0153782 0.990689 0.143425
0.0111928 -0.999872 0.0114216 -0.0781721 0.990396 0.00951108 -0.137933 48.064 0.137807 0.0128558 0.990376 0.141992
0.0114934 -0.999889 0.00947551 -0.0619036 0.989646 0.0100188 -0.143176 48.5136 0.143066 0.011023 0.989652 0.154928
0.0114913 -0.999901 0.00808056 -0.0385777 0.988944 0.0101698 -0.147944 48.9696 0.147847 0.00969128 0.988963 0.159376
0.0113551 -0.999911 0.00696978 -0.00202531 0.988305 0.0101628 -0.152151 49.4269 0.152067 0.00861596 0.988333 0.165146
0.0115295 -0.99991 0.00691702 0.0181829 0.987896 0.0103203 -0.154777 49.8912 0.154692 0.0086178 0.987925 0.175291
0.0114485 -0.999906 0.00755362 0.037974 0.987956 0.0101453 -0.154405 50.3573 0.154314 0.00923035 0.987979 0.168373
0.0112712 -0.999899 0.00863127 0.0639586 0.988315 0.00982757 -0.152107 50.8278 0.152007 0.0102448 0.988326 0.155976
0.0113505 -0.999889 0.00968898 0.0870074 0.988925 0.00979104 -0.148093 51.2985 0.147981 0.0112626 0.988926 0.153711
0.0110746 -0.99989 0.00984365 0.117987 0.989632 0.00955016 -0.143312 51.8014 0.143202 0.0113287 0.989629 0.14454
0.0110367 -0.999892 0.00971049 0.144028 0.989911 0.0095536 -0.141368 52.3155 0.14126 0.0111728 0.98991 0.141381
0.0110383 -0.999894 0.00952537 0.157459 0.989949 0.00958429 -0.141102 52.7904 0.140996 0.0109872 0.989949 0.140422
0.0103917 -0.999901 0.00951108 0.172514 0.989845 0.00893772 -0.141867 53.2636 0.141768 0.0108887 0.98984 0.161064
0.00950116 -0.999913 0.00912703 0.203439 0.989361 0.00807498 -0.14526 53.7189 0.145174 0.0104101 0.989351 0.16221
0.00858093 -0.999926 0.00858466 0.234067 0.988914 0.00721308 -0.148317 54.2219 0.148244 0.00976218 0.988903 0.184337
0.00766252 -0.999937 0.00818826 0.259635 0.988931 0.00636429 -0.148238 54.7059 0.148176 0.0092335 0.988918 0.168993
0.00745539 -0.999939 0.00809031 0.281123 0.989232 0.00619245 -0.146228 55.1936 0.146169 0.00909337 0.989218 0.143918
0.00654714 -0.999947 0.00798624 0.309353 0.989646 0.00533416 -0.143432 55.67 0.143381 0.00884262 0.989628 0.165152
0.00564069 -0.999949 0.00832432 0.326289 0.990156 0.00442079 -0.139902 56.1438 0.139858 0.00903152 0.99013 0.195316
0.00471638 -0.999949 0.00894084 0.345863 0.990272 0.003427 -0.139101 56.6211 0.139063 0.00950992 0.990238 0.209113
0.00455723 -0.999945 0.00941536 0.360727 0.989702 0.00316307 -0.143107 57.0971 0.143069 0.00997058 0.989663 0.214449
0.00413933 -0.999942 0.00989807 0.375044 0.988804 0.00261639 -0.149196 57.585 0.149162 0.0104048 0.988758 0.223877
0.00351094 -0.999945 0.00991307 0.39996 0.988134 0.0019469 -0.153583 58.0717 0.153555 0.0103347 0.988086 0.223437
0.00276045 -0.999951 0.00950317 0.458599 0.987796 0.00124673 -0.155747 58.5585 0.155728 0.00981712 0.987751 0.216276
0.00235054 -0.999954 0.00935002 0.491912 0.987953 0.00087536 -0.154748 59.0204 0.154733 0.00960113 0.98791 0.213226
0.00268446 -0.999954 0.00923942 0.527921 0.988183 0.00123666 -0.153271 59.4905 0.153253 0.0095417 0.988141 0.210307
0.00291139 -0.999953 0.00927508 0.557781 0.988352 0.0014661 -0.152176 59.9655 0.152156 0.00961009 0.98831 0.217028
0.00432751 -0.999946 0.00948799 0.579592 0.988413 0.00283761 -0.151761 60.4473 0.151726 0.0100348 0.988372 0.225758
0.00581404 -0.999942 0.00906122 0.592317 0.988496 0.0043775 -0.151184 60.9378 0.151135 0.00983597 0.988464 0.234913
0.00631431 -0.999942 0.00871698 0.615452 0.988494 0.00492413 -0.151178 61.4123 0.151126 0.00957127 0.988468 0.241797
0.00739405 -0.999935 0.00872343 0.643095 0.988665 0.00600192 -0.150022 61.8775 0.149959 0.00973381 0.988644 0.254328
0.0079307 -0.999926 0.00917714 0.669337 0.988533 0.00645573 -0.150864 62.3348 0.150793 0.0102684 0.988512 0.272427
0.00860214 -0.999917 0.00955288 0.687013 0.98842 0.00705508 -0.15158 62.7913 0.1515 0.0107462 0.988399 0.275159
0.00921323 -0.999911 0.00963453 0.701065 0.988136 0.00762676 -0.15339 63.257 0.153303 0.0109334 0.988119 0.27726
0.00990494 -0.999906 0.00947089 0.727172 0.987862 0.00831647 -0.155109 63.7012 0.155016 0.0108923 0.987852 0.273331
0.0104907 -0.999902 0.00931356 0.748039 0.987503 0.00889498 -0.157346 64.132 0.157248 0.0108478 0.9875 0.27344
0.0107286 -0.999905 0.00866678 0.778893 0.987163 0.00920986 -0.159452 64.5604 0.159357 0.0102662 0.987168 0.267925
0.011443 -0.9999 0.00833779 0.792608 0.987097 0.00996382 -0.159813 64.9977 0.159714 0.0100589 0.987112 0.261149
0.0119622 -0.999892 0.00857764 0.801474 0.987038 0.0104346 -0.160149 65.4333 0.160042 0.0103822 0.987056 0.26394
0.0125047 -0.99988 0.00909989 0.826824 0.98685 0.0108739 -0.161274 65.8593 0.161155 0.0109969 0.986868 0.274848
0.0135552 -0.999861 0.00973078 0.85571 0.986764 0.0118037 -0.161731 66.289 0.161593 0.0117943 0.986787 0.266053
0.0144791 -0.999847 0.00983902 0.880273 0.986862 0.0127061 -0.161067 66.7356 0.160917 0.0120418 0.986894 0.262028
0.0152145 -0.999835 0.00990571 0.906648 0.987013 0.0134334 -0.16008 67.1857 0.159921 0.0122126 0.987054 0.269747
0.0161601 -0.999819 0.0100863 0.923151 0.987101 0.0143459 -0.159452 67.63 0.159279 0.012533 0.987154 0.267788
0.0166135 -0.999823 0.00882574 0.939387 0.986773 0.0149718 -0.161414 68.047 0.161253 0.0113906 0.986847 0.255544
0.0168061 -0.999832 0.00731531 0.973597 0.986639 0.0153976 -0.162193 68.4652 0.162053 0.00994339 0.986732 0.258333
0.0174706 -0.999827 0.00644165 1.02658 0.986916 0.0162115 -0.160415 68.8694 0.160283 0.00915992 0.987029 0.272267
0.0187661 -0.9998 0.00696235 1.05284 0.987497 0.0174442 -0.156671 69.3049 0.156519 0.00981542 0.987626 0.301169
0.0195087 -0.99978 0.00767758 1.07024 0.988143 0.0181108 -0.152466 69.7588 0.152293 0.010561 0.988279 0.303793
0.0213403 -0.999738 0.00829273 1.08561 0.988267 0.0198393 -0.15144 70.2113 0.151236 0.0114272 0.988432 0.301819
0.0234334 -0.999686 0.00886686 1.11269 0.98812 0.021813 -0.152126 70.6591 0.151885 0.0123264 0.988321 0.307042
0.0258721 -0.999624 0.00905447 1.15154 0.987888 0.0241801 -0.153271 71.1059 0.152994 0.0129102 0.988143 0.307726
0.0283281 -0.999562 0.00855708 1.20571 0.98766 0.0266696 -0.154325 71.5592 0.154029 0.0128232 0.987983 0.301057
0.031764 -0.999463 0.0080218 1.25362 0.987249 0.0301213 -0.156309 72.0246 0.155983 0.0128845 0.987676 0.296968
0.0354905 -0.999337 0.0080719 1.2905 0.987119 0.0337935 -0.156377 72.4745 0.156001 0.0135178 0.987664 0.30224
0.0395424 -0.999174 0.00932218 1.32299 0.986948 0.0375976 -0.156586 72.9301 0.156106 0.0153923 0.98762 0.308613
0.0429733 -0.999015 0.0110611 1.35441 0.987102 0.0407467 -0.154818 73.3921 0.154214 0.0175715 0.987881 0.310723
0.0460425 -0.998861 0.0125423 1.40638 0.987557 0.0436242 -0.15109 73.8944 0.150371 0.0193428 0.98844 0.300504
0.0492152 -0.998697 0.0135171 1.43665 0.987869 0.046677 -0.148108 74.4006 0.147284 0.0206423 0.988879 0.288237
0.0507195 -0.99862 0.0136254 1.47549 0.988073 0.0481884 -0.14625 74.9072 0.145392 0.0208806 0.989154 0.284511
0.0502661 -0.998643 0.0135939 1.52308 0.988197 0.047759 -0.145552 75.3766 0.144705 0.0207498 0.989257 0.314606
0.0503645 -0.998634 0.0139348 1.58401 0.988422 0.0478402 -0.143992 75.8394 0.143128 0.0210255 0.989481 0.317103
0.0514112 -0.998578 0.0141334 1.64309 0.988579 0.0488788 -0.142555 76.3133 0.141662 0.0213009 0.989686 0.320631
0.0524423 -0.998528 0.0138582 1.67934 0.98857 0.0499451 -0.142249 76.7972 0.141348 0.0211597 0.989734 0.32348
0.0529301 -0.998517 0.0127743 1.71003 0.988534 0.0505809 -0.142273 77.2714 0.141416 0.0201584 0.989745 0.331571
0.0529203 -0.998552 0.00969678 1.76842 0.98845 0.0509991 -0.142708 77.8037 0.142007 0.0171369 0.989717 0.320401
0.0530679 -0.99857 0.00641864 1.83441 0.988914 0.0516599 -0.139212 78.3288 0.138681 0.0137352 0.990242 0.369433
0.0514002 -0.998669 0.00430384 1.88112 0.989851 0.0503737 -0.132882 78.8166 0.132488 0.0110903 0.991122 0.377629
0.0493131 -0.99878 0.00270072 1.91731 0.990682 0.0485692 -0.127243 79.3411 0.126957 0.00895031 0.991868 0.379561
0.0474139 -0.998875 0.001279 1.95567 0.99112 0.0468865 -0.124431 79.8442 0.124231 0.00716739 0.992227 0.391028
0.0451608 -0.99898 0.000311398 1.99978 0.99119 0.0447698 -0.124654 80.332 0.124513 0.00593813 0.9922 0.390386
0.0426575 -0.99909 0.000539082 2.06222 0.991075 0.0422471 -0.126435 80.8473 0.126297 0.00592766 0.991975 0.379761
0.0397578 -0.999207 0.00212728 2.12071 0.991189 0.0391694 -0.12653 81.3611 0.126346 0.00713909 0.99196 0.381284
0.0366234 -0.999318 0.00466995 2.17692 0.991387 0.0357439 -0.125996 81.8701 0.125743 0.00924412 0.99202 0.391959
0.0332226 -0.999417 0.00782488 2.20289 0.991547 0.0319764 -0.125746 82.3836 0.125422 0.0119363 0.992032 0.397613
0.0300666 -0.999493 0.0105147 2.2237 0.991637 0.0285062 -0.12587 82.9022 0.125507 0.0142113 0.991991 0.393607
0.0271075 -0.999551 0.0127925 2.25957 0.991547 0.0252617 -0.127261 83.4207 0.126881 0.0161341 0.991787 0.392646
0.0238707 -0.999614 0.0142356 2.30622 0.991409 0.0218383 -0.128959 83.9451 0.128598 0.0171917 0.991548 0.378358
0.0212123 -0.999664 0.0149028 2.35729 0.991403 0.0191073 -0.129443 84.4843 0.129115 0.0175205 0.991475 0.360904
0.0194714 -0.999703 0.0146774 2.39801 0.991307 0.0173932 -0.130414 85.0211 0.13012 0.0170891 0.991351 0.346283
0.0173294 -0.999753 0.0139197 2.41387 0.991427 0.0153785 -0.129755 85.5687 0.129509 0.0160489 0.991448 0.364278
0.0159718 -0.999798 0.0121729 2.43046 0.991627 0.0142786 -0.128341 86.1001 0.128141 0.0141208 0.991655 0.399598
0.0159305 -0.99982 0.0103078 2.4362 0.991658 0.01448 -0.128082 86.6216 0.12791 0.0122622 0.99171 0.424185
0.0162952 -0.99983 0.00864646 2.45396 0.991523 0.0150438 -0.129055 87.1433 0.128903 0.0106761 0.9916 0.426877
0.0175397 -0.999816 0.00782516 2.50772 0.99137 0.0163735 -0.130066 87.6496 0.129914 0.010039 0.991474 0.40293
0.0191926 -0.99977 0.00951971 2.5644 0.991266 0.0177851 -0.130672 88.1565 0.130473 0.0119445 0.99138 0.372029
0.0221628 -0.999673 0.0127415 2.59679 0.991361 0.020327 -0.129578 88.6945 0.129277 0.0155032 0.991487 0.399161
0.0252514 -0.999559 0.0156422 2.63854 0.991448 0.0230363 -0.128454 89.2268 0.128037 0.0187521 0.991592 0.412216
0.028559 -0.999428 0.0181217 2.67253 0.991547 0.0260291 -0.127108 89.7578 0.126563 0.0215986 0.991723 0.416166
0.0319607 -0.99936 0.0160782 2.71261 0.991244 0.029631 -0.128671 90.2925 0.128113 0.0200498 0.991557 0.421457
0.0344317 -0.999319 0.0132841 2.74694 0.991279 0.0324568 -0.127723 90.8407 0.127205 0.017566 0.991721 0.414049
0.0363512 -0.999293 0.00961933 2.80911 0.991694 0.034883 -0.123798 91.3675 0.123375 0.0140396 0.992261 0.41318
0.0388922 -0.999222 0.00655969 2.86251 0.992236 0.0378425 -0.118476 91.9004 0.118135 0.0111166 0.992935 0.423109
0.0406275 -0.99916 0.00526975 2.88554 0.992665 0.0397612 -0.114175 92.4458 0.113869 0.00986972 0.993447 0.428713
0.0423638 -0.999084 0.00609314 2.90771 0.992511 0.0413842 -0.114933 92.995 0.114575 0.0109165 0.993355 0.437449
0.0438853 -0.999013 0.00687767 2.9589 0.991948 0.0427543 -0.119211 93.5762 0.118799 0.0120539 0.992845 0.475289
0.0447999 -0.99898 0.00565873 3.00551 0.991445 0.0437654 -0.12297 94.1315 0.122596 0.0111193 0.992394 0.486805
0.0460928 -0.998931 0.00357153 3.08008 0.991296 0.0452986 -0.123611 94.6638 0.123317 0.00923804 0.992324 0.446394
0.0472053 -0.998883 0.0018439 3.14326 0.991399 0.0466258 -0.122289 95.1973 0.122067 0.00760073 0.992493 0.412486
0.0482866 -0.998833 0.000546775 3.18599 0.991859 0.0478849 -0.117997 95.7337 0.117833 0.00623998 0.993014 0.419477
0.0493539 -0.998781 -0.000518384 3.21327 0.992219 0.049089 -0.11442 96.2818 0.114306 0.00513271 0.993432 0.432645
0.0499211 -0.998751 -0.00215752 3.27156 0.992238 0.0498417 -0.113933 96.8598 0.113898 0.00354687 0.993486 0.424608
0.0497826 -0.998757 -0.00231997 3.32412 0.992225 0.049722 -0.114092 97.4114 0.114066 0.00337787 0.993467 0.429347
0.0497414 -0.998761 -0.00126402 3.38645 0.992214 0.0495599 -0.114262 97.9547 0.114183 0.00442938 0.99345 0.424316
0.0501639 -0.998739 0.00216223 3.44474 0.992263 0.0495923 -0.113816 98.4902 0.113565 0.00785493 0.993499 0.421177
0.0496346 -0.998748 0.00624699 3.5153 0.992308 0.0486025 -0.113853 99.0375 0.113406 0.01185 0.993478 0.433672
0.0485198 -0.998776 0.00961285 3.57861 0.992573 0.0471391 -0.112146 99.5863 0.111556 0.0149828 0.993645 0.440228
0.0474148 -0.998824 0.010103 3.62496 0.992726 0.0459999 -0.111262 100.156 0.110666 0.015305 0.99374 0.448881
0.0462165 -0.998896 0.00842796 3.67757 0.992902 0.0450103 -0.110088 100.744 0.109587 0.013456 0.993886 0.448658
0.0447182 -0.998988 0.00480889 3.73473 0.992951 0.043918 -0.11009 101.341 0.109768 0.00969803 0.99391 0.430876
0.0437943 -0.99904 0.000752897 3.78595 0.993015 0.0434475 -0.109699 101.873 0.109561 0.00555182 0.993965 0.424588
0.0426004 -0.99909 -0.00199208 3.8272 0.993348 0.0425689 -0.106997 102.41 0.106984 0.00257928 0.994257 0.43047
0.0415814 -0.99913 -0.00301459 3.87661 0.993661 0.0416688 -0.104413 102.961 0.104448 0.00134615 0.994529 0.449605
0.0407381 -0.999167 -0.00227861 3.91755 0.99381 0.0407553 -0.103349 103.524 0.103356 0.00194574 0.994643 0.469518
0.0400002 -0.999199 -0.00104981 3.96147 0.99391 0.0398964 -0.102721 104.105 0.102681 0.00306546 0.99471 0.47447
0.0388979 -0.999243 -0.000793445 4.01293 0.993921 0.0387726 -0.10304 104.725 0.102992 0.0032194 0.994677 0.472994
0.0378717 -0.999283 -6.67901e-05 4.066 0.993976 0.0376775 -0.102919 105.339 0.102847 0.00383132 0.99469 0.460686
0.0373592 -0.999302 0.000763543 4.11878 0.993981 0.0370815 -0.103088 105.916 0.102988 0.00461024 0.994672 0.445513
0.0367891 -0.999322 0.00155962 4.15922 0.994035 0.036434 -0.102798 106.487 0.102671 0.00533216 0.994701 0.42979
0.0359785 -0.999351 0.00190409 4.20278 0.994063 0.0355922 -0.102824 107.065 0.102689 0.00559224 0.994698 0.422499
0.0345785 -0.9994 0.00176132 4.25247 0.994196 0.0342186 -0.101998 107.667 0.101877 0.00527802 0.994783 0.416288
0.033526 -0.999438 0.00083995 4.29682 0.994324 0.0332695 -0.101062 108.262 0.100978 0.0042234 0.99488 0.420636
0.0329112 -0.999458 -0.000708896 4.34738 0.994337 0.0328143 -0.101077 108.85 0.101046 0.00262169 0.994878 0.426081
0.0320438 -0.999485 -0.00164729 4.38649 0.99439 0.0320466 -0.100806 109.447 0.100807 0.00159215 0.994905 0.434894
0.0304429 -0.999536 -0.00105419 4.43133 0.99458 0.0303969 -0.0994333 110.028 0.0994192 0.00197856 0.995044 0.431605
0.0296807 -0.999559 0.00124985 4.47914 0.994796 0.0294174 -0.0975435 110.6 0.0974637 0.00413851 0.99523 0.422978
0.0292666 -0.999564 0.00382133 4.52488 0.994891 0.0287598 -0.0967708 111.178 0.0966188 0.00663396 0.995299 0.436195
0.0283451 -0.999583 0.00556966 4.55383 0.994821 0.0276651 -0.0978012 111.774 0.0976063 0.00831299 0.99519 0.443403
0.0266672 -0.999623 0.00647733 4.60218 0.994795 0.0258999 -0.098548 112.381 0.0983431 0.00907162 0.995111 0.444403
0.0258082 -0.999645 0.00661499 4.64669 0.994861 0.0250355 -0.0981103 112.996 0.0979099 0.00911304 0.995154 0.424652
0.0253476 -0.999645 0.00823318 4.69659 0.995233 0.0244581 -0.094412 113.578 0.0941771 0.010587 0.995499 0.420636
0.0248046 -0.999646 0.00959493 4.7271 0.99548 0.0238188 -0.0919366 114.162 0.0916755 0.011832 0.995719 0.431574
0.0239141 -0.999664 0.0100471 4.75896 0.995611 0.0229051 -0.0907455 114.759 0.0904849 0.0121731 0.995823 0.448895
0.0227709 -0.999697 0.00934734 4.80914 0.995597 0.0218252 -0.0911572 115.326 0.0909256 0.0113819 0.995793 0.446484
0.0221852 -0.999718 0.00848013 4.85499 0.995552 0.0213143 -0.0917743 115.907 0.0915677 0.0104784 0.995744 0.443645
0.0215011 -0.999741 0.00740835 4.88839 0.995493 0.020724 -0.0925383 116.506 0.0923608 0.00936463 0.995682 0.450182
0.0211885 -0.999755 0.00641744 4.9125 0.995485 0.0205031 -0.0926746 117.107 0.0925203 0.0083521 0.995676 0.459711
0.0207073 -0.999773 0.00497962 4.9351 0.995565 0.0201625 -0.0918948 117.7 0.0917736 0.00686043 0.995756 0.454014
0.0199154 -0.999797 0.00314974 4.97214 0.995797 0.0195539 -0.0894805 118.287 0.0894007 0.00491855 0.995984 0.448973
0.0196915 -0.999806 0.000640727 4.99686 0.996183 0.0195657 -0.0850636 118.879 0.0850346 0.00231332 0.996375 0.444803
0.0200589 -0.999798 -0.00150692 5.02209 0.996461 0.020115 -0.0816136 119.46 0.0816275 0.000135498 0.996663 0.444409
0.0198632 -0.999799 -0.00264129 5.05067 0.996628 0.0200105 -0.0795744 120.019 0.0796113 -0.00105178 0.996825 0.446012
0.0192322 -0.999812 -0.00254417 5.08717 0.996765 0.019372 -0.0779955 120.595 0.0780302 -0.00103592 0.99695 0.440692
0.0191589 -0.999815 -0.00147857 5.13587 0.996913 0.0192158 -0.0761286 121.17 0.0761429 -1.54696e-05 0.997097 0.425226
