0.477049 -0.878697 0.0177695 1.14289 0.878872 0.477013 -0.00645564 1.39471 -0.00280372 0.0186968 0.999821 0.783545
0.47584 -0.879401 0.0151748 1.51786 0.879531 0.475793 -0.00680503 2.08885 -0.00123572 0.0165848 0.999862 0.781194
0.474319 -0.880273 0.0118313 1.99064 0.880353 0.474286 -0.00564914 2.97211 -0.00063865 0.0130952 0.999914 0.782823
0.473333 -0.880807 0.0116302 2.35747 0.880879 0.473331 -0.00311358 3.6659 -0.00276246 0.0117185 0.999928 0.791816
0.47164 -0.881725 0.0108233 2.87945 0.881782 0.471655 -0.0012987 4.66481 -0.00395976 0.0101563 0.999941 0.8098
0.470773 -0.882198 0.00993934 3.23709 0.882233 0.47081 0.00165816 5.37756 -0.00614237 0.00798819 0.999949 0.833178
0.469786 -0.882731 0.00927556 3.60285 0.882726 0.469848 0.00617753 6.12547 -0.0098112 0.00528565 0.999938 0.862355
0.468446 -0.88346 0.00755204 4.06651 0.883446 0.468492 0.00618898 7.08324 -0.00900579 0.00377261 0.999952 0.901217
0.4678 -0.883798 0.00804094 4.42263 0.883747 0.467862 0.00980267 7.82854 -0.0124256 0.00252047 0.99992 0.941525
0.467198 -0.884126 0.00680813 4.89462 0.884051 0.467248 0.0115371 8.80962 -0.0133813 0.000628632 0.99991 0.992044
0.467388 -0.884022 0.00728656 5.29017 0.883904 0.467445 0.0144243 9.62905 -0.0161575 -0.000301128 0.999869 1.03102
0.468196 -0.883566 0.0101291 5.66366 0.883363 0.468306 0.0189474 10.3937 -0.0214848 7.65864e-05 0.999769 1.05729
0.469399 -0.882921 0.0107292 6.14142 0.882749 0.46952 0.0174513 11.3693 -0.0204456 0.00127958 0.99979 1.07851
0.470338 -0.882429 0.0100346 6.54709 0.882313 0.47044 0.0144692 12.1873 -0.0174888 0.00204824 0.999845 1.08303
0.471251 -0.881937 0.0104265 6.93987 0.881849 0.471356 0.0128905 12.9619 -0.0162832 0.00311992 0.999863 1.09102
0.472158 -0.881469 0.00884791 7.4396 0.881478 0.472206 0.00423833 13.9347 -0.00791399 0.00579807 0.999952 1.10758
0.472898 -0.88103 0.0123704 7.87954 0.8811 0.472929 -0.000437547 14.759 -0.00546482 0.0111065 0.999923 1.12773
0.473068 -0.880843 0.0179767 8.294 0.88098 0.473153 0.000555798 15.537 -0.00899528 0.0155742 0.999838 1.14004
0.47222 -0.881187 0.0227433 8.80551 0.881431 0.472309 -0.00160858 16.5051 -0.0093244 0.0208062 0.99974 1.14793
0.471421 -0.881349 0.0314048 9.21897 0.881816 0.471587 -0.00236442 17.264 -0.0127262 0.0288079 0.999504 1.14335
0.46992 -0.88198 0.0358739 9.75394 0.882694 0.469759 -0.0133122 18.2513 -0.005111 0.0379213 0.999268 1.12974
0.46884 -0.882434 0.0387166 10.1608 0.883268 0.46864 -0.0146513 18.9993 -0.00521539 0.0410662 0.999143 1.11599
0.465697 -0.884193 0.0364692 11.1509 0.884932 0.465077 -0.0244671 20.8651 0.00467262 0.043667 0.999035 1.12154
0.464724 -0.88459 0.0391488 11.563 0.885455 0.464323 -0.019334 21.6374 -0.00107499 0.0436495 0.999046 1.11933
0.463332 -0.885413 0.0369726 12.0966 0.886181 0.462812 -0.0220853 22.6535 0.00244321 0.0429973 0.999072 1.11494
0.462188 -0.886034 0.036407 12.5341 0.88678 0.461706 -0.0211998 23.5014 0.00197443 0.0420833 0.999112 1.10544
0.461353 -0.88635 0.0391919 12.9439 0.887199 0.46117 -0.0141473 24.2978 -0.00553465 0.0412979 0.999132 1.09909
0.460775 -0.886801 0.0356366 13.4697 0.887491 0.460696 -0.010895 25.3273 -0.00675591 0.0366473 0.999305 1.08883
0.460145 -0.887089 0.0366091 13.8645 0.887745 0.460318 -0.00403011 26.1039 -0.0132768 0.034354 0.999322 1.07358
0.459466 -0.887361 0.0384873 14.3402 0.888039 0.459766 -0.00119457 27.0259 -0.0166351 0.0347271 0.999258 1.05844
0.459354 -0.887471 0.0372706 14.8015 0.8881 0.459649 -0.000705599 27.9303 -0.0165052 0.0334242 0.999305 1.04185
0.459336 -0.88762 0.0337782 15.3034 0.888187 0.459461 -0.00443967 28.9108 -0.011579 0.0320407 0.99942 1.03013
0.457616 -0.888496 0.0340844 16.2071 0.889101 0.457657 -0.00704623 30.6753 -0.00933843 0.0335289 0.999394 1.01711
0.456607 -0.889033 0.0336261 16.6005 0.889575 0.456781 -0.00276254 31.4593 -0.0129038 0.0311743 0.999431 1.01296
0.456406 -0.889357 0.0271386 17.1086 0.889758 0.456352 -0.00851372 32.4707 -0.004813 0.0280325 0.999595 1.00512
0.456185 -0.889549 0.0244728 17.528 0.889885 0.456037 -0.0116341 33.3008 -0.000811439 0.0270853 0.999633 1.01104
0.455664 -0.889802 0.0249389 17.9555 0.890149 0.455555 -0.0102304 34.1402 -0.00225801 0.0268609 0.999637 1.02606
0.455858 -0.889648 0.0268336 18.4487 0.890051 0.455708 -0.0118374 35.1007 -0.00169717 0.0292795 0.99957 1.04374
0.455398 -0.889826 0.0286779 18.8297 0.890276 0.455319 -0.00963136 35.8565 -0.00448735 0.0299174 0.999542 1.04768
0.454627 -0.890098 0.0322405 19.2253 0.890632 0.454687 -0.00587496 36.641 -0.00943006 0.0313854 0.999463 1.04547
0.454391 -0.89012 0.0348525 19.7311 0.890774 0.454338 -0.00988749 37.618 -0.00703376 0.0355385 0.999344 1.04399
0.453462 -0.890516 0.0367899 20.1566 0.891239 0.453431 -0.00966812 38.4456 -0.00807207 0.0371727 0.999276 1.04742
0.452494 -0.89087 0.039999 20.6162 0.891705 0.452538 -0.00846376 39.3441 -0.010561 0.0394971 0.999164 1.05892
0.451461 -0.891153 0.0450404 21.0387 0.892141 0.451734 -0.00449689 40.1694 -0.0163389 0.0422125 0.998975 1.07112
0.450215 -0.891634 0.0479061 21.4254 0.892609 0.450826 0.0022057 40.9349 -0.023564 0.0417684 0.998849 1.0746
0.449545 -0.892103 0.0454055 21.9177 0.892996 0.450063 0.00133513 41.9154 -0.0216264 0.0399468 0.998968 1.06177
0.448969 -0.892693 0.0390484 22.3447 0.893463 0.449097 -0.00593698 42.7775 -0.0122366 0.0375538 0.99922 1.04318
0.44814 -0.893246 0.0357988 22.7047 0.89393 0.448111 -0.0092842 43.507 -0.00774873 0.0361622 0.999316 1.03677
0.447173 -0.893922 0.0306475 23.134 0.894428 0.447126 -0.00874161 44.3808 -0.00588898 0.031321 0.999492 1.0419
0.44568 -0.89467 0.0305906 23.4877 0.895114 0.445834 -0.00195385 45.1094 -0.0118903 0.0282529 0.99953 1.05224
0.443623 -0.895787 0.0276601 24.325 0.896116 0.443819 0.00110228 46.8137 -0.0132635 0.0242976 0.999617 1.05996
0.442134 -0.896512 0.0280073 24.6604 0.896813 0.442395 0.003587 47.4998 -0.0156061 0.0235314 0.999601 1.05791
0.44105 -0.897096 0.0263485 25.0936 0.897363 0.44128 0.00336255 48.3855 -0.0146436 0.0221612 0.999647 1.06122
0.440013 -0.897614 0.0260368 25.4428 0.897873 0.440241 0.00346787 49.1071 -0.0145753 0.0218518 0.999655 1.06437
0.438812 -0.898189 0.0264773 25.7892 0.898454 0.439052 0.00375213 49.8201 -0.014995 0.0221421 0.999642 1.06824
0.437373 -0.898884 0.0266966 26.1098 0.899108 0.437677 0.00655495 50.4925 -0.0175766 0.0211362 0.999622 1.07365
0.436798 -0.899203 0.0253156 26.5175 0.899354 0.437127 0.00905323 51.3502 -0.0192068 0.0188132 0.999638 1.07874
0.435915 -0.899656 0.0244146 26.8338 0.899752 0.436262 0.0110698 52.0147 -0.0206102 0.0171416 0.999641 1.07833
0.434987 -0.900209 0.020242 27.168 0.90026 0.435238 0.0100457 52.7225 -0.0178533 0.0138533 0.999745 1.06975
0.433743 -0.900864 0.0176088 27.4092 0.90091 0.433927 0.00826278 53.2411 -0.0150846 0.01228 0.999811 1.05898
0.432891 -0.901339 0.0138887 27.7647 0.901426 0.432933 6.74468e-05 53.9992 -0.00607366 0.0124904 0.999904 1.05246
0.431797 -0.901884 0.0124956 28.0133 0.90196 0.431818 -0.00106975 54.5356 -0.00443105 0.0117325 0.999921 1.05871
0.431178 -0.902194 0.0114924 28.3357 0.902252 0.43121 0.00031742 55.2293 -0.00524202 0.0102322 0.999934 1.07183
0.430237 -0.902643 0.011447 28.6291 0.902673 0.430306 0.00426484 55.8627 -0.00877533 0.008498 0.999925 1.08862
0.428648 -0.903376 0.0131151 28.8672 0.903414 0.428739 0.00508308 56.3655 -0.0102149 0.00966952 0.999901 1.09285
0.428097 -0.903578 0.0167411 29.166 0.903713 0.428138 -0.00125587 56.9897 -0.00603272 0.0156668 0.999859 1.09461
0.428181 -0.903474 0.0199048 29.4086 0.903689 0.428137 -0.00664013 57.4929 -0.00252278 0.0208309 0.99978 1.09419
0.430546 -0.902347 0.0200247 29.6919 0.902568 0.430405 -0.0110964 58.0892 0.0013941 0.0228511 0.999738 1.10045
0.432939 -0.90124 0.0181909 29.9108 0.901423 0.432857 -0.00842805 58.5544 -0.000278382 0.0200466 0.999799 1.10751
0.43846 -0.898568 0.0181222 30.2055 0.898748 0.438421 -0.00631973 59.1618 -0.00226646 0.0190583 0.999816 1.11673
0.441429 -0.897026 0.0220188 30.4016 0.897278 0.441444 -0.00443971 59.5369 -0.00573754 0.0217168 0.999748 1.12334
0.448705 -0.893216 0.0287832 30.6867 0.89362 0.448815 -0.00291232 60.0865 -0.010317 0.0270281 0.999581 1.13558
0.456769 -0.889097 0.0294677 30.9135 0.889502 0.456928 -0.00150435 60.5359 -0.0121271 0.0268987 0.999565 1.13445
0.468964 -0.882847 0.0255648 31.1605 0.883137 0.469116 -8.41878e-05 61.01 -0.0119185 0.0226167 0.999673 1.12727
0.482942 -0.875388 0.0215176 31.3895 0.87556 0.483102 0.00262456 61.4335 -0.0126927 0.0175725 0.999765 1.11758
0.497364 -0.867276 0.0214803 31.611 0.867427 0.497549 0.00394058 61.789 -0.0141051 0.0166727 0.999762 1.11003
0.524376 -0.851135 0.0244819 31.9254 0.85137 0.524563 0.00145432 62.2675 -0.0140801 0.0200805 0.999699 1.10353
0.541709 -0.840138 0.0268388 32.1176 0.840424 0.541929 0.0010972 62.5335 -0.0154665 0.0219616 0.999639 1.0998
0.570824 -0.820579 0.0284655 32.4043 0.820893 0.571081 0.0010768 62.9234 -0.0171397 0.0227525 0.999594 1.09869
0.596596 -0.802004 0.0293641 32.6459 0.802325 0.596885 0.0013736 63.2284 -0.0186286 0.0227401 0.999568 1.09694
0.632244 -0.774222 0.0291293 32.956 0.774538 0.632528 0.000685434 63.5913 -0.0189558 0.0221284 0.999575 1.09104
0.708279 -0.705424 0.0267923 33.6055 0.705712 0.708497 -0.0018597 64.2166 -0.0176704 0.0202248 0.999639 1.0787
0.737528 -0.674821 0.0258692 33.8631 0.675111 0.737708 -0.00356496 64.4002 -0.0166782 0.0200938 0.999659 1.07482
0.777572 -0.628321 0.0243904 34.2189 0.628613 0.777694 -0.00619209 64.6303 -0.0150777 0.0201469 0.999683 1.06794
0.80892 -0.587425 0.0241006 34.5214 0.587729 0.80902 -0.00778572 64.7933 -0.0149244 0.0204627 0.999679 1.0592
0.884906 -0.465322 0.0204258 35.313 0.465623 0.884877 -0.0136992 65.1464 -0.0116998 0.0216332 0.999698 1.03169
0.907519 -0.419517 0.0203758 35.6033 0.419844 0.907459 -0.0157911 65.2241 -0.0118656 0.0228854 0.999668 1.02173
0.937132 -0.348389 0.0202312 36.0388 0.348738 0.937059 -0.0174118 65.327 -0.0128917 0.0233725 0.999644 1.01089
0.954662 -0.296911 0.0215321 36.3658 0.297278 0.954649 -0.0164509 65.3879 -0.0156711 0.0221061 0.999633 0.99938
0.973223 -0.228788 0.0222168 36.7895 0.229143 0.973278 -0.0149507 65.4469 -0.0182026 0.0196412 0.999641 0.985578
0.984659 -0.173063 0.0222585 37.1476 0.173433 0.984717 -0.0158962 65.4755 -0.0191673 0.0195126 0.999626 0.972473
0.994205 -0.10544 0.0209497 37.5841 0.105861 0.994177 -0.0201278 65.4847 -0.0187055 0.022229 0.999578 0.956178
0.99884 -0.0443363 0.0187611 37.9844 0.0447124 0.998797 -0.0201256 65.4772 -0.0178462 0.0209412 0.999621 0.946151
0.999844 0.00134755 0.0176201 38.303 -0.00105432 0.999861 -0.0166397 65.4668 -0.0176401 0.0166185 0.999706 0.943037
0.997678 0.0664777 0.0147936 38.7527 -0.0663134 0.997735 -0.0113287 65.4231 -0.0155132 0.0103214 0.999826 0.936251
0.993373 0.114282 0.0122391 39.0962 -0.114134 0.993391 -0.0121678 65.3695 -0.0135487 0.0106902 0.999851 0.91512
0.988417 0.151305 0.011783 39.4118 -0.151057 0.988329 -0.0197052 65.3018 -0.014627 0.017697 0.999736 0.883105
0.979693 0.200168 0.011591 39.8547 -0.19976 0.979401 -0.0294886 65.1906 -0.0172549 0.0265744 0.999498 0.84603
0.973336 0.229112 0.0111594 40.1549 -0.228717 0.973065 -0.0288516 65.1268 -0.017469 0.02553 0.999521 0.829857
0.962515 0.271119 0.0076969 40.598 -0.270964 0.962442 -0.0168189 65.0153 -0.0119678 0.0141029 0.999829 0.832346
0.955668 0.294361 0.00706311 40.8905 -0.2943 0.955674 -0.00861799 64.9406 -0.00928683 0.00615727 0.999938 0.848268
0.945167 0.32655 0.00484427 41.3233 -0.326538 0.945179 -0.00309879 64.7996 -0.00559061 0.00134704 0.999983 0.859433
0.937888 0.346928 0.00275499 41.6495 -0.346917 0.937888 -0.00373307 64.6899 -0.00387898 0.00254545 0.999989 0.862055
0.927825 0.372973 -0.00570917 42.107 -0.373008 0.927798 -0.00744666 64.516 0.00251956 0.00903877 0.999956 0.847234
0.921426 0.388359 -0.0122803 42.4387 -0.388465 0.921431 -0.00773888 64.391 0.00830998 0.0119013 0.999895 0.839081
0.912488 0.408759 -0.0167878 42.8949 -0.408885 0.912573 -0.00474658 64.1986 0.0133799 0.0111955 0.999848 0.846865
0.906398 0.42219 -0.0140767 43.2695 -0.422271 0.906464 -0.00318525 64.0305 0.0114152 0.00883127 0.999896 0.868162
0.897917 0.440068 -0.00926139 43.7875 -0.440109 0.89794 -0.00287922 63.7855 0.00704912 0.00666132 0.999953 0.890195
0.893338 0.449324 -0.0073834 44.1271 -0.449362 0.893338 -0.00455318 63.6195 0.00455003 0.00738534 0.999962 0.894603
0.886418 0.462824 -0.00747824 44.6459 -0.462875 0.886388 -0.00793097 63.3519 0.00295798 0.0104917 0.999941 0.891454
0.881481 0.472131 -0.00912355 45.088 -0.47221 0.881421 -0.0107101 63.1157 0.00298512 0.013749 0.999901 0.885884
0.877269 0.479876 -0.0108122 45.5455 -0.479986 0.877184 -0.0126908 62.8664 0.00339428 0.016323 0.999861 0.879301
0.874314 0.485221 -0.0116624 45.9875 -0.485351 0.874202 -0.0143415 62.6227 0.00323652 0.0181993 0.999829 0.870049
0.870984 0.491124 -0.0135217 46.5482 -0.491292 0.870859 -0.0153724 62.311 0.0042257 0.0200322 0.99979 0.85879
0.868099 0.496173 -0.0147075 47.0409 -0.496364 0.86798 -0.0152723 62.0371 0.00518811 0.0205581 0.999775 0.845719
0.865234 0.501118 -0.0158195 47.5984 -0.501337 0.8651 -0.0162168 61.7254 0.00555895 0.0219622 0.999743 0.831093
0.86378 0.503616 -0.0160001 48.0746 -0.503848 0.863604 -0.0180617 61.4595 0.00472162 0.023663 0.999709 0.813708
0.860287 0.509541 -0.0165605 49.2935 -0.509795 0.860056 -0.0203356 60.7696 0.00388111 0.0259369 0.999656 0.78409
0.859638 0.510619 -0.0170624 49.8079 -0.510895 0.859333 -0.0230617 60.4772 0.00288657 0.0285419 0.999588 0.765626
0.859463 0.510831 -0.0193391 50.5014 -0.511188 0.859057 -0.0265856 60.0771 0.00303262 0.0327353 0.99946 0.744861
0.860216 0.509511 -0.0206486 51.0944 -0.509921 0.859731 -0.0290413 59.7375 0.00295544 0.035511 0.999365 0.727498
0.861624 0.507098 -0.0213125 51.6555 -0.50754 0.861066 -0.0311362 59.4205 0.00256232 0.0376447 0.999288 0.712351
0.863973 0.503015 -0.022927 52.4527 -0.503525 0.863371 -0.0324434 58.9731 0.00347499 0.0395745 0.999211 0.695915
0.865615 0.500211 -0.0223308 52.9571 -0.500704 0.864956 -0.0338604 58.6946 0.00237778 0.0404912 0.999177 0.687244
0.867986 0.49612 -0.0215723 53.7542 -0.496587 0.867285 -0.0349074 58.2573 0.00139109 0.0410116 0.999158 0.674778
0.869968 0.492729 -0.0193004 54.4217 -0.493107 0.869284 -0.0344978 57.9025 -0.000220543 0.0395292 0.999218 0.658526
0.87183 0.489528 -0.0165822 55.0375 -0.489804 0.871169 -0.0340173 57.5837 -0.00220656 0.0377793 0.999284 0.641034
0.874216 0.485292 -0.0154551 55.8759 -0.485533 0.873633 -0.0319889 57.1524 -0.00202182 0.0354692 0.999369 0.61945
0.87599 0.482047 -0.0165048 56.5629 -0.482329 0.87551 -0.0290008 56.8001 0.000470346 0.0333651 0.999443 0.603504
0.87706 0.480016 -0.0187427 57.2567 -0.480351 0.876777 -0.0229281 56.4436 0.00542736 0.0291124 0.999561 0.58767
0.877398 0.47934 -0.0201208 57.9145 -0.479683 0.877244 -0.018644 56.1062 0.00871402 0.0260098 0.999624 0.579711
0.877589 0.478989 -0.0201938 58.7494 -0.479293 0.877536 -0.0144593 55.6892 0.0107949 0.0223681 0.999692 0.581104
0.877605 0.479054 -0.0178121 59.406 -0.479296 0.877553 -0.0133098 55.3645 0.0092549 0.020218 0.999753 0.590101
0.877771 0.478794 -0.0165474 60.2446 -0.479007 0.877717 -0.0128621 54.9401 0.00836566 0.0192163 0.99978 0.592592
0.877989 0.478428 -0.0155512 60.9344 -0.478617 0.87794 -0.0121095 54.588 0.00785949 0.018075 0.999806 0.593564
0.878236 0.478021 -0.0140216 62.4005 -0.478157 0.878231 -0.00870088 53.8408 0.00815499 0.0143459 0.999864 0.588506
0.877921 0.478628 -0.0130571 63.0374 -0.478735 0.877934 -0.0066988 53.5134 0.00825708 0.0121319 0.999892 0.588055
0.877061 0.480216 -0.0124969 63.9357 -0.480284 0.877108 -0.00302765 53.0549 0.00950721 0.0086575 0.999917 0.5889
0.875691 0.482754 -0.0107109 64.6178 -0.48279 0.875735 -0.000958432 52.7065 0.0089172 0.0060104 0.999942 0.595262
0.87373 0.486345 -0.00802384 65.3083 -0.486361 0.873758 -5.12679e-05 52.3515 0.00698596 0.00394728 0.999968 0.60335
0.87132 0.490689 -0.00499217 65.9084 -0.490695 0.871331 1.38162e-05 52.0361 0.00435662 0.0024376 0.999988 0.610554
0.867419 0.497566 -0.00343446 66.7731 -0.497566 0.867425 0.00106144 51.5754 0.00350728 0.000788159 0.999994 0.619738
0.86391 0.503636 -0.00330552 67.3944 -0.503633 0.863916 0.0017598 51.2349 0.003742 0.000144459 0.999993 0.621232
0.85953 0.511072 -0.00366613 68.0486 -0.511068 0.859538 0.00185374 50.8691 0.00409858 0.000280296 0.999992 0.619899
0.853536 0.521014 -0.00443293 68.8804 -0.521013 0.853547 0.00153675 50.3942 0.00458439 0.00099794 0.999989 0.619875
0.849076 0.52826 -0.00324116 69.438 -0.528261 0.849082 0.000618947 50.0618 0.00307898 0.00118665 0.999995 0.62151
0.842605 0.538525 -0.00264473 70.2113 -0.538527 0.842608 -0.000168399 49.5892 0.00213779 0.00156615 0.999997 0.626445
0.836562 0.547863 -0.0033277 70.9052 -0.547868 0.836564 -0.000846301 49.1453 0.00232018 0.00253112 0.999994 0.628963
0.83093 0.556362 -0.00406817 71.5291 -0.556369 0.830935 -0.000790718 48.7329 0.00294046 0.00292043 0.999991 0.62556
0.825284 0.564697 -0.00482972 72.1503 -0.564705 0.825292 -0.000435311 48.3138 0.00374012 0.00308663 0.999988 0.621305
0.819568 0.572952 -0.00582736 72.7714 -0.572963 0.819581 -0.000138963 47.8883 0.00469638 0.00345275 0.999983 0.616093
0.813587 0.5814 -0.00707074 73.4332 -0.581415 0.813607 -0.000129628 47.4273 0.00567744 0.0042165 0.999975 0.611497
0.808255 0.588776 -0.00813066 74.0247 -0.588799 0.80828 -0.000523145 47.0003 0.00626383 0.00521016 0.999967 0.612433
0.802387 0.596738 -0.00886384 74.6556 -0.596765 0.802416 -0.000500612 46.5372 0.00681375 0.00569131 0.999961 0.617413
0.797915 0.602704 -0.00892437 75.1559 -0.602739 0.797936 -0.00167334 46.162 0.00611256 0.00671425 0.999959 0.621334
0.792437 0.609886 -0.00905826 75.8124 -0.609933 0.792446 -0.00348446 45.6631 0.00505306 0.00828615 0.999953 0.619309
0.788776 0.614618 -0.0087626 76.3391 -0.614673 0.788757 -0.00626722 45.257 0.00305962 0.0103296 0.999942 0.613092
0.785545 0.618734 -0.00937386 76.9789 -0.618804 0.785476 -0.0104678 44.7494 0.000886148 0.0140235 0.999901 0.608299
0.783616 0.621171 -0.00963199 77.5088 -0.621246 0.783505 -0.0131754 44.3256 -0.000637457 0.0163083 0.999867 0.601586
0.782152 0.623009 -0.00990491 78.0754 -0.623086 0.782013 -0.0147946 43.8751 -0.00147141 0.0177433 0.999842 0.591341
0.781269 0.624117 -0.00982083 78.5877 -0.624192 0.781125 -0.0151353 43.471 -0.00177491 0.0179548 0.999837 0.581125
0.781084 0.624332 -0.0108515 79.0892 -0.624425 0.780932 -0.0154597 43.0753 -0.00117769 0.0188513 0.999822 0.568087
0.782382 0.622669 -0.0126689 79.6159 -0.622798 0.782229 -0.0154777 42.6547 0.000272501 0.0199996 0.9998 0.558661
0.784783 0.619616 -0.0138507 80.0862 -0.61977 0.784629 -0.015585 42.2803 0.0012109 0.0208151 0.999783 0.552613
0.787994 0.615521 -0.0140883 80.5129 -0.61568 0.787843 -0.015504 41.9449 0.00155629 0.020891 0.999781 0.552258
0.79455 0.607028 -0.0143953 81.0385 -0.607193 0.794421 -0.0145327 41.5456 0.00261418 0.0202877 0.999791 0.558511
0.801565 0.597737 -0.0142732 81.4692 -0.5979 0.801444 -0.0142564 41.2342 0.00291754 0.0199614 0.999797 0.571689
0.811157 0.584648 -0.0145243 81.9274 -0.584812 0.811069 -0.0127256 40.9173 0.00434021 0.0188165 0.999814 0.586102
0.821708 0.569689 -0.0158239 82.3398 -0.569868 0.821665 -0.0108386 40.6504 0.00682731 0.0179237 0.999816 0.599057
0.83214 0.554307 -0.0169188 82.7192 -0.554489 0.832145 -0.0087802 40.4187 0.00921197 0.0166876 0.999818 0.611457
0.84853 0.528829 -0.0183296 83.2229 -0.529002 0.8486 -0.00600889 40.1226 0.0123769 0.0147951 0.999814 0.625464
0.863414 0.504172 -0.0180867 83.6561 -0.504329 0.863496 -0.00519598 39.8888 0.0129981 0.0136079 0.999823 0.641821
0.879539 0.475564 -0.0158154 84.1075 -0.475693 0.879594 -0.00550965 39.6661 0.0112909 0.0123692 0.99986 0.657967
0.900448 0.434799 -0.0119621 84.6349 -0.43489 0.900461 -0.0064171 39.4439 0.00798125 0.0109805 0.999908 0.673044
0.916155 0.400758 -0.00734951 85.0502 -0.400804 0.91614 -0.00662217 39.3036 0.0040793 0.00901265 0.999951 0.681656
0.934889 0.354937 -0.00147275 85.5521 -0.354939 0.934874 -0.00535765 39.1656 -0.000524785 0.00553155 0.999985 0.689941
0.948217 0.317611 0.00278655 85.9616 -0.317602 0.948219 -0.00328112 39.0869 -0.00368438 0.0022262 0.999991 0.693486
0.9658 0.259218 0.00598039 86.5156 -0.259218 0.965819 -0.000836499 39.0028 -0.00599281 -0.000742333 0.999982 0.694569
0.978921 0.204155 0.0059273 86.9986 -0.204147 0.978938 -0.00197415 38.9675 -0.0062055 0.000722499 0.99998 0.69703
0.991316 0.131473 0.0026602 87.5563 -0.131464 0.991316 -0.00328874 38.9545 -0.00306948 0.00291047 0.999991 0.703636
0.996547 0.0830292 -4.2893e-05 87.9396 -0.0830286 0.996538 -0.0042548 38.9792 -0.000310525 0.00424367 0.999991 0.714296
0.999986 0.00241274 -0.00472047 88.5108 -0.00243242 0.999988 -0.00416247 39.0406 0.00471037 0.00417389 0.99998 0.727766
0.998558 -0.053264 -0.00662289 88.9146 0.0532491 0.998578 -0.00240983 39.1235 0.00674184 0.00205369 0.999975 0.741817
0.990443 -0.137615 -0.00922928 89.4782 0.137601 0.990485 -0.00209404 39.2716 0.00942964 0.00080407 0.999955 0.755704
0.979006 -0.203621 -0.00926792 89.9183 0.203601 0.979049 -0.00309024 39.4294 0.00970299 0.0011384 0.999952 0.76818
0.966069 -0.258207 -0.00635314 90.302 0.258193 0.966089 -0.00296046 39.5958 0.00690211 0.00121968 0.999975 0.781679
0.943719 -0.330749 0.000199877 90.7977 0.330749 0.943718 -0.000901319 39.8408 0.000109486 0.000916699 1 0.79738
0.917901 -0.396753 0.00663839 91.2543 0.396752 0.917925 0.00153818 40.1067 -0.00670382 0.00122189 0.999977 0.80558
0.891436 -0.452987 0.0120457 91.6633 0.452962 0.891517 0.00485755 40.3794 -0.0129393 0.00112604 0.999916 0.807021
0.863591 -0.503911 0.0168842 92.0563 0.503833 0.863755 0.00892405 40.6722 -0.0190807 0.000800059 0.999818 0.803455
0.832645 -0.553484 0.0188987 92.4577 0.553336 0.83286 0.0127936 40.9975 -0.022821 -0.000195205 0.99974 0.800502
0.809084 -0.587403 0.0184455 92.7684 0.587167 0.80929 0.0168742 41.2641 -0.0248396 -0.00282206 0.999687 0.799287
0.778615 -0.627326 0.0148564 93.1755 0.627046 0.778733 0.0196925 41.634 -0.0239228 -0.00601728 0.999696 0.796913
0.755812 -0.654683 0.0117726 93.5024 0.654418 0.755867 0.0200569 41.9464 -0.0220295 -0.00745503 0.99973 0.784885
0.73876 -0.673846 0.0127999 93.8003 0.67364 0.73886 0.0171857 42.2366 -0.0210379 -0.00407358 0.99977 0.782299
0.721442 -0.692288 0.0160868 94.1864 0.69218 0.721618 0.012387 42.6321 -0.0201839 0.00219845 0.999794 0.790459
0.710508 -0.703507 0.0160214 94.5117 0.703424 0.710681 0.0112673 42.9582 -0.0193128 0.00326436 0.999808 0.809303
0.700804 -0.713238 0.0128379 94.86 0.713126 0.700922 0.0126509 43.3314 -0.0180214 0.000289246 0.999838 0.824704
0.694479 -0.719463 0.00847611 95.1777 0.71932 0.694517 0.0149928 43.682 -0.0166736 -0.00431516 0.999852 0.840062
0.691144 -0.722709 0.00330288 95.4809 0.722577 0.691093 0.0165433 44.0201 -0.0142386 -0.00904723 0.999858 0.858998
0.688621 -0.725119 -0.00205771 95.9028 0.725057 0.688519 0.015306 44.4917 -0.00968188 -0.012032 0.999881 0.887229
0.688889 -0.72486 -0.00302625 96.2134 0.724831 0.688808 0.0127676 44.822 -0.0071702 -0.010989 0.999914 0.916718
0.690715 -0.723116 -0.00392827 96.5566 0.72312 0.690677 0.00789609 45.1801 -0.00299662 -0.00829457 0.999961 0.942462
0.693833 -0.720109 -0.00622168 96.9933 0.720124 0.693845 0.000273247 45.6335 0.00412012 -0.00466997 0.999981 0.97281
0.696729 -0.71728 -0.00879966 97.3761 0.717307 0.696757 -0.000118266 46.026 0.00621606 -0.00622967 0.999961 1.00427
0.700957 -0.71313 -0.0102857 97.8324 0.713193 0.700952 0.00466568 46.4972 0.00388252 -0.0106061 0.999936 1.04047
0.703834 -0.710317 -0.00822909 98.1656 0.710365 0.703791 0.0077747 46.8265 0.000269059 -0.0113178 0.999936 1.06793
0.707548 -0.706663 -0.00173923 98.6809 0.706641 0.7075 0.0100821 47.335 -0.00589415 -0.00836259 0.999948 1.10104
0.709735 -0.704462 0.00304337 99.0667 0.704382 0.709708 0.0126519 47.7148 -0.0110727 -0.00683577 0.999915 1.1077
0.712693 -0.70143 0.00800876 99.615 0.70132 0.712729 0.0129595 48.2439 -0.0147982 -0.00361942 0.999884 1.11173
0.713727 -0.700343 0.0105967 100.008 0.700269 0.713806 0.0101941 48.6118 -0.0147034 0.000144769 0.999892 1.1006
0.714018 -0.700057 0.00990474 100.587 0.700069 0.71407 0.00275954 49.162 -0.00900451 0.00496364 0.999947 1.09579
0.713715 -0.7004 0.00715677 100.981 0.700424 0.713726 -0.00121022 49.5391 -0.00426034 0.00587652 0.999974 1.08533
0.712597 -0.701569 0.00228396 101.492 0.701573 0.71259 -0.00336929 50.0429 0.000736266 0.00400331 0.999992 1.07683
0.71073 -0.703463 0.00174002 102.007 0.703464 0.710723 -0.00332495 50.5515 0.00110231 0.00358718 0.999993 1.0703
0.709078 -0.705093 0.00719049 102.602 0.705113 0.709095 -0.000220262 51.1381 -0.00494344 0.00522628 0.999974 1.0788
0.707677 -0.706446 0.0112788 103.044 0.706457 0.707747 0.0037267 51.5715 -0.0106152 0.00533066 0.999929 1.08207
0.705898 -0.708223 0.0113352 103.669 0.708189 0.705984 0.00747179 52.1922 -0.0132942 0.00275316 0.999908 1.08446
0.704602 -0.709559 0.00786085 104.094 0.709506 0.704646 0.0086381 52.6288 -0.0116684 -0.000509107 0.999932 1.08151
0.702076 -0.7121 0.00150499 104.727 0.712085 0.702073 0.00527419 53.2808 -0.00481236 -0.00263121 0.999985 1.08104
0.699275 -0.714852 -0.00107761 105.235 0.714853 0.699272 0.00190807 53.8094 -0.000610446 -0.00210461 0.999998 1.08301
0.696804 -0.717261 -0.000529634 105.685 0.717261 0.696804 0.0011101 54.2888 -0.00042718 -0.00115341 0.999999 1.08567
0.69354 -0.720413 0.00283834 106.317 0.720415 0.693543 0.000275328 54.9436 -0.00216686 0.00185383 0.999996 1.09753
0.691573 -0.722283 0.00586107 106.825 0.722291 0.691589 0.000973985 55.4733 -0.00475694 0.00355981 0.999982 1.1081
0.690074 -0.723674 0.00963325 107.522 0.7237 0.690114 0.00109523 56.1954 -0.00744062 0.00621579 0.999953 1.12191
0.689318 -0.724348 0.0126603 107.971 0.7244 0.68938 0.000763191 56.6658 -0.00928054 0.008645 0.99992 1.12935
0.688825 -0.724762 0.0154627 108.642 0.72484 0.688917 0.000810616 57.373 -0.01124 0.0106496 0.99988 1.1325
0.6888 -0.72483 0.0132666 109.19 0.72487 0.688882 0.00240029 57.963 -0.0108789 0.00796323 0.999909 1.12933
0.689118 -0.72461 0.00750953 109.738 0.724603 0.689154 0.00414519 58.559 -0.00817887 0.00258491 0.999963 1.12316
0.689445 -0.724334 0.00239785 110.258 0.724307 0.689443 0.00692261 59.1275 -0.00666746 -0.00303598 0.999973 1.12117
0.690857 -0.722976 -0.00459386 110.91 0.722966 0.690767 0.0126419 59.8331 -0.00596648 -0.0120549 0.99991 1.11883
0.692603 -0.721284 -0.0071768 111.428 0.72128 0.692426 0.0173675 60.3941 -0.00755749 -0.0172053 0.999823 1.1161
0.694989 -0.718971 -0.00849118 112.104 0.718975 0.694762 0.0195038 61.1125 -0.00812331 -0.0196599 0.999774 1.11484
0.696955 -0.717039 -0.0104536 112.71 0.717094 0.696751 0.0177083 61.7585 -0.00541402 -0.0198381 0.999789 1.12023
0.697668 -0.71638 -0.00764196 113.196 0.716399 0.697523 0.0153393 62.2651 -0.00565831 -0.0161764 0.999853 1.12924
0.698416 -0.715688 -0.00244625 113.934 0.715672 0.698367 0.00989323 63.016 -0.00537208 -0.0086603 0.999948 1.1454
0.698787 -0.71533 1.42939e-05 114.409 0.715309 0.698767 0.00756276 63.5013 -0.00541985 -0.00527453 0.999971 1.155
0.700085 -0.714059 4.5279e-05 115.158 0.71403 0.700057 0.00903791 64.2652 -0.0064853 -0.00629498 0.999959 1.16528
0.700972 -0.713188 0.000421731 115.725 0.713113 0.700907 0.0141297 64.8515 -0.0103727 -0.0096038 0.9999 1.16729
0.701706 -0.712465 0.00145572 116.299 0.712291 0.701576 0.020798 65.4462 -0.0158391 -0.0135572 0.999783 1.16938
0.702615 -0.71157 -0.000863392 116.918 0.71144 0.702462 0.0199954 66.084 -0.0136216 -0.0146633 0.9998 1.16251
0.702765 -0.711414 -0.00331934 117.377 0.711385 0.702675 0.0133784 66.5529 -0.00718516 -0.0117632 0.999905 1.14981
0.702218 -0.711944 -0.00502139 118.707 0.711933 0.702236 -0.00415746 67.8851 0.00648608 -0.000655456 0.999979 1.15497
0.701262 -0.712893 0.00394579 119.182 0.712882 0.701273 0.00380854 68.3675 -0.00548215 0.000142097 0.999985 1.16232
0.699897 -0.713951 0.020432 119.889 0.713691 0.700195 0.0193079 69.0868 -0.0280912 0.00106857 0.999605 1.16378
0.699128 -0.714665 0.0217799 120.455 0.714281 0.699466 0.0234333 69.677 -0.0319812 -0.000825938 0.999488 1.15124
0.698899 -0.715145 0.0103319 121.046 0.71496 0.698962 0.016842 70.3006 -0.0192661 -0.00438398 0.999805 1.12299
0.698141 -0.715959 0.00145722 121.595 0.715917 0.69812 0.00960601 70.8748 -0.00789482 -0.0056631 0.999953 1.10439
0.697128 -0.716947 0.000582261 122.196 0.71694 0.697124 0.00378911 71.4992 -0.0031225 -0.00222405 0.999993 1.10451
0.695403 -0.718615 0.00265101 122.707 0.718602 0.695407 0.00459669 72.0278 -0.00514678 -0.00129153 0.999986 1.11399
0.693063 -0.720872 0.00260825 123.351 0.720863 0.693068 0.00366275 72.7058 -0.00444807 -0.000658331 0.99999 1.12471
0.690047 -0.723763 0.00141908 123.886 0.72376 0.690049 0.00211743 73.2752 -0.00251175 -0.000434062 0.999997 1.13577
0.687481 -0.726202 -0.000129148 124.335 0.726197 0.687475 0.00407045 73.7597 -0.00286718 -0.00289214 0.999992 1.14397
0.68521 -0.728323 -0.00576838 124.969 0.728341 0.685158 0.00878041 74.4599 -0.00244271 -0.0102178 0.999945 1.15019
0.683867 -0.729562 -0.0079984 125.542 0.729598 0.683765 0.0123427 75.0927 -0.00353574 -0.0142764 0.999892 1.15123
0.682434 -0.73092 -0.0062336 125.997 0.73091 0.682289 0.0158609 75.5895 -0.00733994 -0.0153802 0.999855 1.15133
0.681296 -0.732001 -0.00317504 126.676 0.731934 0.681159 0.017182 76.323 -0.0104145 -0.0140299 0.999847 1.14924
0.679844 -0.733352 -0.00270878 127.11 0.733293 0.679731 0.0157336 76.7941 -0.009697 -0.0126827 0.999873 1.15322
0.676996 -0.735983 -0.00207867 127.744 0.735962 0.676948 0.0100526 77.4808 -0.00599137 -0.00833537 0.999947 1.1617
0.673386 -0.73929 -0.000606822 128.206 0.739277 0.673369 0.00663575 77.9916 -0.00449713 -0.00491703 0.999978 1.16771
0.668023 -0.744139 0.00176924 128.797 0.744116 0.668018 0.00659388 78.6548 -0.00608864 -0.00308835 0.999977 1.17282
0.663191 -0.748419 0.00687291 129.348 0.748334 0.663222 0.0115642 79.2908 -0.0132132 -0.00252607 0.99991 1.16899
0.659636 -0.751481 0.0125171 129.809 0.751293 0.659753 0.0169071 79.8226 -0.0209636 -0.00174852 0.999779 1.17377
0.655839 -0.754775 0.0137597 130.42 0.754368 0.655952 0.0255922 80.5393 -0.0283421 -0.00640453 0.999578 1.1679
0.652923 -0.757355 0.0102382 130.916 0.756946 0.652931 0.0267125 81.1347 -0.0269156 -0.00969145 0.999591 1.15478
0.648605 -0.761109 0.00497231 131.413 0.760869 0.648542 0.0217229 81.7338 -0.0197582 -0.0103063 0.999752 1.13848
0.643209 -0.765689 0.00158548 131.947 0.76561 0.643169 0.0132552 82.3889 -0.0111691 -0.00731203 0.999911 1.12569
0.638454 -0.769657 0.00193834 132.436 0.769609 0.63844 0.00981328 83.003 -0.00879038 -0.00477357 0.99995 1.12242
0.632413 -0.774631 0.000288764 132.962 0.774547 0.632349 0.014566 83.6795 -0.0114659 -0.00898808 0.999894 1.11839
0.626182 -0.779664 -0.00455116 133.478 0.779589 0.626012 0.018728 84.3566 -0.0117525 -0.0152752 0.999814 1.10752
0.620883 -0.783859 -0.00827386 133.854 0.783845 0.620675 0.0186834 84.8631 -0.00950977 -0.0180856 0.999791 1.10045
0.605308 -0.795917 -0.0108868 134.953 0.795978 0.60516 0.0141573 86.3288 -0.00467975 -0.0172352 0.999841 1.09528
0.600426 -0.799619 -0.00987245 135.336 0.79963 0.600204 0.0186094 86.8626 -0.00895497 -0.0190679 0.999778 1.09748
0.592257 -0.805701 -0.00874392 135.931 0.805576 0.591871 0.0271393 87.7076 -0.0166909 -0.0231173 0.999593 1.10032
0.586612 -0.809835 -0.00730825 136.343 0.809613 0.586177 0.0303959 88.2952 -0.0203317 -0.0237474 0.999511 1.09441
0.581179 -0.813755 -0.00587249 136.803 0.813447 0.580724 0.0326188 88.9568 -0.0231334 -0.0237343 0.999451 1.08612
0.576199 -0.817288 -0.00593832 137.337 0.816988 0.575753 0.0322339 89.7296 -0.0229253 -0.0234247 0.999463 1.07073
0.573528 -0.819144 -0.00824638 137.695 0.818915 0.573051 0.0314595 90.2627 -0.0210443 -0.024796 0.999471 1.06305
0.569365 -0.821908 -0.0170158 138.242 0.821956 0.568788 0.0294813 91.0845 -0.0145526 -0.0307719 0.999421 1.04989
0.567146 -0.823352 -0.0208863 138.622 0.82354 0.566565 0.0280271 91.6592 -0.0112427 -0.0330962 0.999389 1.0455
0.564208 -0.825363 -0.021071 139.138 0.825533 0.563561 0.0299081 92.4348 -0.0128103 -0.0342692 0.999331 1.04749
0.561831 -0.827033 -0.019004 139.617 0.826997 0.560939 0.0377305 93.1628 -0.0205443 -0.0369145 0.999107 1.05146
0.55934 -0.828795 -0.0153957 140.089 0.8284 0.558212 0.0463922 93.8865 -0.0298555 -0.0387028 0.998805 1.05175
0.555697 -0.831267 -0.0139928 140.522 0.830801 0.554597 0.0468274 94.5364 -0.0311657 -0.0376471 0.998805 1.04157
0.552445 -0.83347 -0.0114665 140.895 0.83311 0.551655 0.0400641 95.0908 -0.0270667 -0.031686 0.999131 1.02241
0.545871 -0.837824 -0.00870434 141.445 0.837691 0.545511 0.0262855 95.9216 -0.0172743 -0.02164 0.999617 1.00316
0.541354 -0.840745 -0.00917878 141.797 0.840627 0.540995 0.0258844 96.4809 -0.0167965 -0.0217286 0.999623 0.99778
0.533746 -0.845612 -0.00747724 142.339 0.845378 0.533334 0.0298549 97.3575 -0.0212578 -0.022256 0.999526 0.990798
0.527469 -0.849573 -0.00170431 142.759 0.849183 0.527164 0.0314182 98.0364 -0.0257936 -0.0180194 0.999505 0.991945
0.516682 -0.856092 0.0121204 143.632 0.855618 0.516804 0.0288444 99.4711 -0.0309574 -0.00453297 0.99951 0.975985
0.512623 -0.858502 0.013811 143.971 0.858099 0.512807 0.0263679 100.041 -0.0297193 -0.00166561 0.999557 0.97155
0.505887 -0.862488 0.0139007 144.464 0.862364 0.50606 0.0152136 100.881 -0.0201561 0.00429112 0.999788 0.958032
0.500885 -0.865332 0.0177425 144.834 0.865423 0.501025 0.00425569 101.49 -0.012572 0.0132231 0.999834 0.953607
0.493783 -0.869307 0.0219912 145.338 0.869476 0.493964 0.00338496 102.354 -0.0138054 0.0174494 0.999752 0.955433
0.489692 -0.871619 0.0219444 145.683 0.871619 0.490015 0.0128773 102.969 -0.0219772 0.0128212 0.999676 0.954412
0.484611 -0.874491 0.0204323 146.146 0.874067 0.485021 0.0275901 103.819 -0.0340373 0.00448873 0.999411 0.957673
0.48077 -0.876641 0.0189984 146.537 0.876064 0.481143 0.0318324 104.552 -0.0370465 0.00133973 0.999313 0.950803
0.478272 -0.878085 0.0149277 146.983 0.877756 0.478502 0.0240961 105.395 -0.0283014 0.00157843 0.999598 0.926362
0.476329 -0.879256 0.00444858 147.316 0.879053 0.476319 0.0196365 106.044 -0.0193844 -0.0054429 0.999797 0.911451
0.474235 -0.880393 -0.00300642 147.748 0.880316 0.474141 0.0153031 106.889 -0.0120473 -0.00990386 0.999878 0.908106
0.472426 -0.88137 0.000922423 148.091 0.881272 0.472389 0.0144294 107.539 -0.0131534 -0.00600394 0.999895 0.923674
0.471245 -0.881987 0.00517118 148.444 0.881811 0.471256 0.0180507 108.209 -0.0183574 -0.00394629 0.999824 0.93825
0.47133 -0.881919 0.00814429 148.909 0.881566 0.471376 0.0254157 109.09 -0.0262537 -0.00479949 0.999644 0.945178
0.470521 -0.882344 0.00886609 149.287 0.881933 0.470577 0.0273993 109.816 -0.0283478 -0.00507263 0.999585 0.944179
0.46929 -0.883005 0.00824204 149.644 0.882684 0.469345 0.0241664 110.487 -0.0252074 -0.00406595 0.999674 0.935416
0.467451 -0.883971 0.00916019 150.099 0.883922 0.467528 0.00997924 111.342 -0.013104 0.00343208 0.999908 0.926671
0.465945 -0.884709 0.0136171 150.448 0.884786 0.465997 0.000709009 111.986 -0.00697279 0.0117178 0.999907 0.933881
0.464595 -0.885343 0.0178605 150.937 0.8855 0.464634 -0.00215345 112.907 -0.00639207 0.016816 0.999838 0.957045
0.463744 -0.885776 0.0185147 151.229 0.885894 0.463876 0.00338556 113.473 -0.0115874 0.014832 0.999823 0.973439
0.462136 -0.886611 0.0187093 151.667 0.886581 0.462393 0.0129052 114.328 -0.020093 0.0106233 0.999742 1.00128
0.461207 -0.887086 0.019164 152.076 0.887062 0.461472 0.0128261 115.134 -0.0202215 0.0110842 0.999734 1.01297
0.460914 -0.887289 0.0166342 152.475 0.887325 0.461079 0.00780574 115.927 -0.0145956 0.0111621 0.999831 1.00354
0.460877 -0.887372 0.0127762 152.766 0.887385 0.460981 0.00674676 116.521 -0.0118765 0.00822795 0.999896 1.00412
0.460674 -0.887528 0.00860697 153.228 0.88747 0.460746 0.0105091 117.44 -0.0132928 0.00279714 0.999908 1.01244
0.460137 -0.887817 0.00734858 153.515 0.887711 0.460196 0.0137351 118.012 -0.015576 0.000203401 0.999879 1.01823
0.45955 -0.88815 0.00200253 154.37 0.887938 0.459487 0.0208935 119.708 -0.0194767 -0.00782347 0.99978 1.03043
0.459258 -0.888302 0.00144687 154.681 0.888124 0.459198 0.0193064 120.336 -0.0178143 -0.00758162 0.999813 1.03244
0.458496 -0.888696 -0.000715492 154.979 0.888569 0.458416 0.0173269 120.941 -0.0150704 -0.0085801 0.99985 1.03315
0.457502 -0.8892 -0.0039517 155.387 0.889137 0.457404 0.0147378 121.772 -0.0112973 -0.0102562 0.999884 1.03015
0.455954 -0.889994 -0.00397042 155.731 0.889884 0.455816 0.0183738 122.455 -0.0145428 -0.0119108 0.999823 1.02272
0.455467 -0.890235 -0.00563934 156.1 0.890143 0.455303 0.0185946 123.186 -0.0139859 -0.013489 0.999811 1.02727
0.45552 -0.890193 -0.00755815 156.464 0.89013 0.455331 0.0184968 123.903 -0.0130243 -0.0151534 0.9998 1.04621
0.456094 -0.889878 -0.00975669 156.821 0.889855 0.455883 0.0181181 124.61 -0.011675 -0.0169456 0.999788 1.07311
0.457151 -0.889306 -0.0121721 157.174 0.889333 0.456925 0.0175008 125.309 -0.0100018 -0.0188255 0.999773 1.08672
0.458854 -0.888385 -0.0149748 157.508 0.888478 0.458624 0.0164765 125.986 -0.00776967 -0.0208651 0.999752 1.10169
0.461092 -0.88717 -0.0180092 157.832 0.887338 0.460872 0.0151159 126.639 -0.00511044 -0.0229501 0.999724 1.1097
0.463802 -0.885684 -0.0212648 158.147 0.885936 0.46361 0.0135052 127.272 -0.00210276 -0.025103 0.999683 1.11458
0.46695 -0.883937 -0.0247678 158.45 0.884283 0.466804 0.0117181 127.888 0.00120365 -0.0273735 0.999625 1.11819
0.470505 -0.881938 -0.0284708 158.747 0.882385 0.470427 0.00978541 128.49 0.00476334 -0.0297263 0.999547 1.1176
0.474508 -0.879657 -0.0323443 159.041 0.880209 0.474525 0.00763751 129.064 0.0086298 -0.0320939 0.999448 1.11479
0.478868 -0.877132 -0.0363934 159.336 0.877795 0.479006 0.00540005 129.628 0.0126961 -0.0345319 0.999323 1.11753
0.483604 -0.874341 -0.0406766 159.626 0.875122 0.483893 0.00305485 130.181 0.0170122 -0.0370743 0.999168 1.11623
0.488694 -0.871285 -0.0451696 159.917 0.872189 0.489169 0.000621826 130.732 0.0215538 -0.0397003 0.998979 1.11624
0.494137 -0.867953 -0.0498649 160.212 0.868986 0.494833 -0.00188643 131.283 0.0263121 -0.0423997 0.998754 1.1146
0.500542 -0.863945 -0.0552785 160.531 0.865125 0.501533 -0.00479399 131.877 0.0318657 -0.0454232 0.99846 1.11466
0.505152 -0.861152 -0.0569124 160.784 0.862377 0.506236 -0.00552382 132.322 0.033568 -0.0462896 0.998364 1.11757
0.512616 -0.857003 -0.0526401 161.175 0.858094 0.513481 -0.00344498 133.01 0.029982 -0.0434042 0.998608 1.14656
0.516467 -0.85504 -0.0465616 161.444 0.855926 0.517095 -0.00170917 133.44 0.0255382 -0.0389706 0.998914 1.15634
0.522658 -0.851727 -0.0372753 161.848 0.852277 0.523086 -0.00208355 134.091 0.0212728 -0.0306799 0.999303 1.17422
0.525787 -0.849904 -0.0347829 162.139 0.850377 0.526169 -0.00216605 134.538 0.0201426 -0.0284397 0.999393 1.16995
0.528212 -0.84835 -0.0359822 162.541 0.848899 0.528555 -3.81339e-05 135.177 0.0190509 -0.0305251 0.999352 1.16217
0.528303 -0.848338 -0.0349113 163.205 0.848918 0.528511 0.00372664 136.268 0.0152896 -0.0316056 0.999384 1.16126
0.528203 -0.848456 -0.0335158 163.548 0.849034 0.528294 0.00678504 136.81 0.0119494 -0.0320399 0.999415 1.14731
0.528049 -0.848332 -0.0386891 163.886 0.849106 0.52816 0.00812881 137.361 0.0135381 -0.0371436 0.999218 1.12773
0.527399 -0.848369 -0.0460389 164.185 0.849422 0.527667 0.00712501 137.852 0.0182486 -0.0428642 0.998914 1.10522
0.525454 -0.849155 -0.0532401 164.586 0.85035 0.526218 -0.000396657 138.519 0.0283527 -0.0450643 0.998582 1.08849
0.523382 -0.85044 -0.0531304 164.871 0.851456 0.524391 -0.00613672 138.978 0.03308 -0.0420263 0.998569 1.0934
0.519528 -0.853025 -0.0493834 165.276 0.853842 0.520474 -0.00774457 139.666 0.0323091 -0.0381421 0.99875 1.10874
0.516825 -0.85463 -0.0499869 165.564 0.855744 0.517396 0.0017544 140.182 0.0243637 -0.0436827 0.998748 1.12376
0.514232 -0.856456 -0.0452576 165.879 0.857559 0.514233 0.0125284 140.736 0.0125429 -0.0452536 0.998897 1.14358
0.510313 -0.859401 -0.0317769 166.293 0.859982 0.509813 0.0228268 141.458 -0.00341711 -0.0389764 0.999234 1.16015
0.508085 -0.860877 -0.0272113 166.583 0.861276 0.507545 0.0245443 141.954 -0.00731868 -0.0359071 0.999328 1.15136
0.5052 -0.862443 -0.0310707 166.998 0.862995 0.504726 0.0221559 142.705 -0.00342602 -0.0380071 0.999272 1.12991
