1 2.47383e-09 3.72529e-09 5.96046e-08 2.56114e-09 1 1.86265e-09 -8.9407e-08 0 0 1 -5.96046e-08
0.999997 -0.00205739 -0.00117701 0.858643 0.0020579 0.999998 0.000499357 0.0366358 0.00117598 -0.000501784 0.999999 0.0173548
0.999989 -0.00411318 -0.00235576 1.71711 0.00411552 0.999991 0.000993701 0.0732619 0.00235165 -0.00100338 0.999997 0.0347045
0.999975 -0.00616804 -0.0035365 2.5756 0.00617329 0.99998 0.00148314 0.109887 0.00352728 -0.00150494 0.999993 0.0520536
0.999955 -0.0082221 -0.00471938 3.43424 0.00823149 0.999964 0.00196774 0.146517 0.00470303 -0.00200651 0.999987 0.0694041
0.99993 -0.0102756 -0.00590447 4.29309 0.0102902 0.999944 0.00244753 0.183153 0.00587899 -0.00250813 0.99998 0.0867574
0.999899 -0.0123275 -0.0070912 5.15174 0.0123484 0.99992 0.00292228 0.219779 0.00705461 -0.00300955 0.999971 0.104106
0.999862 -0.0143777 -0.00827951 6.01017 0.0144062 0.999891 0.00339196 0.256393 0.00822984 -0.00351077 0.99996 0.121448
0.99982 -0.0164272 -0.00946996 6.86879 0.0164643 0.999857 0.0038568 0.293013 0.00940525 -0.00401202 0.999948 0.138792
0.999773 -0.0184756 -0.0106622 7.72741 0.0185224 0.999819 0.00431667 0.32963 0.0105806 -0.00451319 0.999934 0.156135
0.999734 -0.020385 -0.0107603 8.58309 0.0204202 0.999786 0.00317173 0.365295 0.0106934 -0.00339063 0.999937 0.172315
0.999661 -0.0225614 -0.0129996 9.4441 0.0226299 0.999731 0.00514541 0.402797 0.01288 -0.00543785 0.999902 0.190754
0.999584 -0.0241989 -0.0156675 10.3131 0.0242951 0.999687 0.00598392 0.441752 0.0155178 -0.00636207 0.999859 0.209225
0.999503 -0.0261246 -0.0176676 11.1925 0.0262964 0.999609 0.00956081 0.486721 0.0174109 -0.0100207 0.999798 0.229162
0.999468 -0.0275064 -0.0175451 12.0824 0.0277 0.999557 0.0108924 0.529177 0.0172377 -0.0113726 0.999787 0.249172
0.999449 -0.029122 -0.0159048 12.9814 0.0292934 0.999514 0.0106553 0.57225 0.0155868 -0.0111154 0.999817 0.270408
0.999426 -0.0306483 -0.0144761 13.8867 0.0308066 0.999467 0.0108456 0.612388 0.0141359 -0.0112853 0.999836 0.290464
0.999396 -0.031847 -0.0139264 14.7973 0.031993 0.999434 0.0103932 0.656236 0.0135875 -0.0108325 0.999849 0.308908
0.999331 -0.0335556 -0.0145879 15.7113 0.0337105 0.999377 0.0105063 0.697966 0.0142263 -0.0109911 0.999838 0.327291
0.999276 -0.0346685 -0.0156942 16.6285 0.0348117 0.999354 0.00894432 0.740387 0.0153739 -0.00948418 0.999837 0.34602
0.999267 -0.0354983 -0.0143106 17.5547 0.035623 0.999329 0.00855485 0.782056 0.0139973 -0.00905837 0.999861 0.364559
0.999313 -0.0355547 -0.0104754 18.4882 0.0356613 0.999312 0.0101711 0.827983 0.0101066 -0.0105377 0.999893 0.38582
0.99937 -0.0348404 -0.00677062 19.4254 0.0349136 0.99933 0.0110105 0.872001 0.00638248 -0.0112399 0.999916 0.407792
0.999432 -0.0334584 -0.00404483 20.3674 0.0334978 0.999388 0.0100888 0.912804 0.00370481 -0.0102185 0.999941 0.425115
0.999483 -0.0320341 -0.00290197 21.3128 0.0320613 0.999437 0.00989681 0.953509 0.0025833 -0.00998473 0.999947 0.43837
0.999512 -0.0308145 -0.0051859 22.2603 0.0308658 0.999472 0.0101334 0.993703 0.00487091 -0.0102885 0.999935 0.450453
0.999502 -0.0298044 -0.0103342 23.2127 0.0299189 0.999491 0.0111118 1.03425 0.00999777 -0.0114155 0.999885 0.463993
0.999495 -0.0285684 -0.0139266 24.1712 0.0287168 0.999532 0.0105808 1.07255 0.0136178 -0.0109754 0.999847 0.47919
0.999529 -0.0278257 -0.0129694 25.1393 0.0279338 0.999576 0.0082346 1.10866 0.0127348 -0.00859301 0.999882 0.497471
0.999573 -0.0280852 -0.00812192 26.1152 0.0281376 0.999583 0.00641334 1.14515 0.00793842 -0.00663914 0.999946 0.514992
0.999572 -0.0289942 -0.0039245 27.0948 0.0290069 0.999574 0.00322915 1.18164 0.00382921 -0.00334162 0.999987 0.531947
0.999542 -0.0300189 -0.003763 28.0738 0.0300022 0.99954 -0.00441869 1.21013 0.00389391 0.00430376 0.999983 0.544452
0.999472 -0.0316001 -0.00759171 29.0535 0.0315442 0.999475 -0.00738958 1.2456 0.00782124 0.0071462 0.999944 0.554644
0.999379 -0.0331223 -0.0120013 30.0373 0.0330423 0.999431 -0.00680154 1.28844 0.0122197 0.00640077 0.999905 0.568927
0.999294 -0.0350318 -0.0135621 31.046 0.0349505 0.99937 -0.0061914 1.33527 0.0137704 0.00571302 0.999889 0.596389
0.999283 -0.0361096 -0.0114124 32.1023 0.0360403 0.999331 -0.0062277 1.38672 0.0116297 0.00581193 0.999915 0.648394
0.999275 -0.0371427 -0.00842387 33.1464 0.037118 0.999306 -0.00308417 1.44189 0.00853258 0.00276925 0.99996 0.692349
0.999235 -0.0384247 -0.00735142 34.1897 0.0384053 0.999258 -0.00276151 1.49539 0.00745208 0.00247705 0.999969 0.734505
0.999208 -0.039455 -0.00518273 35.2234 0.0394453 0.99922 -0.00197223 1.54755 0.00525651 0.00176624 0.999985 0.76735
0.999216 -0.0395724 -0.00134625 36.2602 0.0395689 0.999214 -0.00251244 1.60063 0.00144462 0.0024572 0.999996 0.799889
0.999197 -0.0400631 0.000126047 37.2829 0.0400625 0.999192 0.00318518 1.66284 -0.000253551 -0.00317757 0.999995 0.821679
0.999199 -0.0400272 0.00050493 38.3055 0.0400249 0.99919 0.00406741 1.72151 -0.000667326 -0.00404395 0.999992 0.843141
0.999193 -0.0401613 -0.00114579 39.3168 0.0401654 0.999186 0.00374025 1.77562 0.000994643 -0.00378326 0.999992 0.858989
0.999194 -0.0399369 -0.00398644 40.3226 0.0399604 0.999183 0.00600902 1.83503 0.0037432 -0.00616349 0.999974 0.879243
0.999157 -0.0408241 -0.00430166 41.3237 0.0408496 0.999147 0.0060129 1.88801 0.00405252 -0.00618355 0.999973 0.903611
0.999108 -0.0421543 -0.00271156 42.3242 0.0421649 0.999103 0.0040024 1.938 0.00254041 -0.00411316 0.999988 0.925596
0.999072 -0.0430281 -0.00175785 43.3198 0.0430352 0.999065 0.00421962 1.99366 0.00157464 -0.00429137 0.99999 0.949682
0.999054 -0.0433125 -0.00380933 44.3062 0.043338 0.999037 0.00691399 2.05422 0.0035062 -0.00707255 0.999969 0.9718
0.998991 -0.0439876 -0.00903634 45.2851 0.0440551 0.999002 0.00741747 2.1135 0.00870104 -0.00780809 0.999932 0.991361
0.998959 -0.0444624 -0.0102155 46.2665 0.0445433 0.998977 0.00783409 2.16924 0.0098567 -0.00828096 0.999917 1.01047
0.998971 -0.0448027 -0.00711768 47.2489 0.044856 0.998965 0.0075302 2.22276 0.00677294 -0.00784173 0.999946 1.03693
0.998973 -0.0451377 -0.00395852 48.2255 0.0451567 0.998968 0.00485827 2.27493 0.00373515 -0.00503204 0.99998 1.05806
0.998963 -0.0454297 -0.00287393 49.197 0.0454397 0.998961 0.0035386 2.32819 0.00271019 -0.00366553 0.99999 1.07758
0.998954 -0.045586 -0.00352439 50.1601 0.0455882 0.99896 0.000558157 2.37875 0.00349528 -0.000718249 0.999994 1.09393
0.998923 -0.0461263 -0.00510565 51.1247 0.0461123 0.998932 -0.00282483 2.42502 0.0052305 0.00258635 0.999983 1.1096
0.998872 -0.0472963 -0.00433507 52.0835 0.0472773 0.998872 -0.00438467 2.47568 0.00453756 0.00417477 0.999981 1.12542
0.998829 -0.0483836 5.03287e-05 53.0469 0.0483828 0.998803 -0.00714157 2.52541 0.00029527 0.00713564 0.999974 1.13905
0.998787 -0.0489245 0.0055639 54.0088 0.0489725 0.998761 -0.00886137 2.58142 -0.00512346 0.00912309 0.999945 1.14786
0.998745 -0.0494677 0.00780476 54.9613 0.0495262 0.998745 -0.00748375 2.64296 -0.00742475 0.0078609 0.999942 1.15595
0.998686 -0.0509767 0.00531197 55.9028 0.0510083 0.99868 -0.0059906 2.69994 -0.00499958 0.00625368 0.999968 1.16585
0.998619 -0.0524676 -0.00280692 56.8283 0.0524539 0.998612 -0.00473996 2.75221 0.00305172 0.00458617 0.999985 1.17539
0.998526 -0.0535527 -0.00889423 57.7447 0.0535184 0.998559 -0.00403824 2.80291 0.00909767 0.00355627 0.999952 1.18973
0.998462 -0.0548115 -0.00839718 58.656 0.0548222 0.998496 0.00105332 2.86514 0.00832681 -0.00151205 0.999964 1.20789
0.998431 -0.0557008 -0.00581212 59.5556 0.0557269 0.998436 0.00443128 2.92308 0.00555621 -0.00474822 0.999973 1.23131
0.998362 -0.0570685 -0.00408998 60.4404 0.0570972 0.998342 0.00729742 2.98165 0.00366675 -0.00751899 0.999965 1.25454
0.998287 -0.0582997 -0.00497528 61.3097 0.0583356 0.99827 0.00740488 3.03721 0.00453496 -0.00768244 0.99996 1.27213
0.998194 -0.0599219 -0.00428821 62.1663 0.0599578 0.998162 0.00880391 3.09547 0.00375278 -0.00904512 0.999952 1.2895
0.998105 -0.061425 -0.00371927 63.0095 0.0614597 0.998059 0.01008 3.15337 0.00309288 -0.0102895 0.999942 1.30872
0.998007 -0.0630398 -0.00275301 63.84 0.0630642 0.99796 0.00996405 3.2093 0.00211926 -0.0101178 0.999947 1.32657
0.997916 -0.0645031 -0.00205086 64.6587 0.0645197 0.997872 0.00947127 3.26451 0.00143557 -0.00958385 0.999953 1.3419
0.997825 -0.0659145 5.83436e-05 65.463 0.0659093 0.997757 0.0117251 3.32335 -0.000831066 -0.0116958 0.999931 1.35722
0.997735 -0.0671275 0.00442808 66.2589 0.067062 0.997657 0.0135779 3.38316 -0.00532915 -0.0132502 0.999898 1.37072
0.997596 -0.0690164 0.00628435 67.0368 0.0689085 0.997495 0.0160166 3.43754 -0.00737401 -0.0155451 0.999852 1.38752
0.997503 -0.0705692 0.00273753 67.7903 0.0705048 0.99733 0.0190238 3.49805 -0.00407272 -0.0187833 0.999815 1.40418
0.997411 -0.0717581 -0.00466525 68.5224 0.0718369 0.99722 0.0197833 3.55503 0.00323268 -0.0200672 0.999793 1.42082
0.997263 -0.0732234 -0.0102636 69.2355 0.0734064 0.997126 0.0187631 3.61076 0.00886019 -0.0194652 0.999771 1.4341
0.9972 -0.0736944 -0.0127339 69.9324 0.0739323 0.997075 0.0193559 3.66789 0.0112702 -0.0202431 0.999731 1.45131
0.997177 -0.0744474 -0.00978322 70.6101 0.0746451 0.996974 0.021703 3.72637 0.00813789 -0.022372 0.999717 1.47447
0.997105 -0.0757466 -0.00663929 71.2669 0.0758794 0.996857 0.0227954 3.78023 0.00489175 -0.0232332 0.999718 1.50294
0.996985 -0.0770594 -0.00910878 71.8999 0.0772287 0.996813 0.0199901 3.82739 0.00753932 -0.0206333 0.999759 1.52561
0.996925 -0.077214 -0.0133337 72.5137 0.0773777 0.996927 0.0122303 3.86598 0.0123484 -0.0132245 0.999836 1.5456
0.996906 -0.0763708 -0.0186044 73.1082 0.0765269 0.997037 0.00782703 3.90752 0.0179515 -0.00922656 0.999796 1.568
0.9971 -0.0735469 -0.019571 73.6906 0.0737351 0.997237 0.00907514 3.9546 0.0188494 -0.0104919 0.999767 1.59013
0.997429 -0.069654 -0.0168509 74.2614 0.0699055 0.997444 0.0148283 4.00376 0.0157749 -0.0159682 0.999748 1.61386
0.997781 -0.0651802 -0.0135816 74.8173 0.065366 0.997767 0.0137233 4.03959 0.0126568 -0.0145806 0.999814 1.63419
0.99815 -0.0600839 -0.00933747 75.3614 0.0601717 0.998144 0.00942565 4.06154 0.00875381 -0.00997006 0.999912 1.65584
0.998619 -0.0523156 -0.00481396 75.8924 0.0523415 0.998615 0.00541764 4.08122 0.00452386 -0.00566214 0.999974 1.67788
0.999102 -0.0420605 -0.00512491 76.4054 0.0420995 0.999083 0.00774974 4.10332 0.00479425 -0.00795854 0.999957 1.69494
0.999607 -0.0274949 -0.00554459 76.9067 0.0275666 0.999531 0.0133158 4.12947 0.00517587 -0.0134635 0.999896 1.71047
0.999943 -0.00960591 -0.00477081 77.3955 0.00969222 0.999784 0.0184108 4.14267 0.00459293 -0.018456 0.999819 1.72458
0.999925 0.0116541 -0.00393168 77.87 -0.0115834 0.999779 0.0175797 4.13325 0.00413569 -0.0175328 0.999838 1.73628
0.99931 0.0370444 -0.00259728 78.3314 -0.037004 0.999215 0.0141795 4.10583 0.00312051 -0.0140736 0.999896 1.7498
0.99784 0.0656853 -0.000695163 78.7839 -0.0656712 0.997761 0.0127038 4.06608 0.00152806 -0.0126307 0.999919 1.76262
0.995206 0.0977891 0.00132457 79.2293 -0.0977979 0.99513 0.0123158 4.01355 -0.000113769 -0.0123863 0.999923 1.77451
0.990961 0.134125 0.00266155 79.6652 -0.134147 0.990886 0.0122346 3.94283 -0.000996323 -0.0124811 0.999922 1.78447
0.98466 0.174454 0.00329723 80.0926 -0.174482 0.984582 0.0124554 3.85618 -0.00107351 -0.0128396 0.999917 1.79231
0.975874 0.218297 0.00401024 80.507 -0.21833 0.975799 0.0121851 3.74822 -0.00125321 -0.0127667 0.999918 1.80194
0.964064 0.265647 0.00365614 80.9056 -0.265672 0.963957 0.0143152 3.62081 0.000278451 -0.0147721 0.999891 1.81418
0.948426 0.316992 0.00214753 81.2887 -0.316986 0.948306 0.0153803 3.47122 0.00283892 -0.0152678 0.999879 1.82562
0.928612 0.37105 0.00121079 81.6542 -0.371023 0.928493 0.0155655 3.29936 0.00465138 -0.0149036 0.999878 1.83317
0.904547 0.426374 0.000618728 82.0012 -0.426327 0.904424 0.0161835 3.10687 0.00634062 -0.0149025 0.999869 1.83789
0.875959 0.482386 -0.00042161 82.3285 -0.482313 0.875842 0.0165745 2.89435 0.00836459 -0.0143153 0.999863 1.84187
0.843029 0.537862 -0.00257158 82.6334 -0.537772 0.842959 0.0148504 2.65862 0.0101552 -0.0111364 0.999886 1.84796
0.80676 0.590871 -0.00309156 82.9201 -0.590778 0.806708 0.014286 2.40822 0.0109352 -0.00969897 0.999893 1.85811
0.767484 0.641065 -0.0018805 83.19 -0.640998 0.767441 0.0125218 2.1407 0.00947047 -0.0084049 0.99992 1.86771
0.725544 0.688175 0.00140767 83.4441 -0.68814 0.725484 0.0116693 1.85489 0.00700925 -0.00943523 0.999931 1.87351
0.681364 0.731941 0.00241396 83.6769 -0.731921 0.681312 0.010286 1.55569 0.00588411 -0.00877536 0.999944 1.87744
0.635662 0.771968 -6.32182e-06 83.8852 -0.771938 0.635637 0.00876519 1.23812 0.00677047 -0.00556681 0.999962 1.88041
0.589715 0.807597 -0.00479312 84.0718 -0.807578 0.589734 0.00556756 0.911381 0.00732302 0.000587545 0.999973 1.88458
0.543948 0.839111 -0.00372587 84.2468 -0.839083 0.543961 0.0067812 0.580355 0.0077169 -0.000562309 0.99997 1.8914
0.497582 0.867417 0.00020742 84.4123 -0.86738 0.497558 0.00935394 0.24118 0.00801057 -0.00483426 0.999956 1.89682
0.45295 0.891535 0.00134751 84.56 -0.891488 0.452909 0.0110327 -0.107916 0.00922579 -0.00619857 0.999938 1.9015
0.411332 0.911476 -0.00422303 84.6805 -0.911433 0.411354 0.0088594 -0.465737 0.00981228 0.000204849 0.999952 1.90508
0.372506 0.927883 -0.0165099 84.7789 -0.928002 0.372574 0.00108057 -0.839455 0.0071538 0.0149187 0.999863 1.90486
0.33762 0.941045 -0.0211525 84.8742 -0.941274 0.33763 -0.0031745 -1.21247 0.00415437 0.020982 0.999771 1.90662
0.305238 0.952072 -0.0196982 84.9767 -0.952257 0.305298 1.79093e-05 -1.58523 0.00603087 0.0187523 0.999806 1.91091
0.274525 0.961526 -0.0102083 85.0831 -0.961531 0.274602 0.00715317 -1.95857 0.00968117 0.00785185 0.999922 1.92248
0.246072 0.969241 -0.00450988 85.1745 -0.969172 0.246108 0.0116757 -2.34117 0.0124265 0.00149778 0.999922 1.93742
0.220792 0.975305 -0.00566582 85.2467 -0.975216 0.22085 0.013387 -2.73899 0.0143077 0.00256965 0.999894 1.94781
0.197245 0.980287 -0.0115403 85.3027 -0.980223 0.197397 0.0140279 -3.14645 0.0160294 0.00854509 0.999835 1.95485
0.176945 0.983994 -0.0211134 85.3465 -0.98395 0.177359 0.0196507 -3.56702 0.0230808 0.0172975 0.999584 1.94654
0.157328 0.98725 -0.0241822 85.3965 -0.987065 0.157969 0.0273695 -3.9945 0.0308406 0.0195634 0.999333 1.94013
0.139631 0.989967 -0.021654 85.4506 -0.989693 0.140228 0.0290531 -4.44048 0.0317981 0.0173741 0.999343 1.94736
0.124302 0.992087 -0.0176668 85.5004 -0.9919 0.124708 0.0241224 -4.90588 0.0261347 0.0145252 0.999553 1.96578
0.109768 0.993812 -0.0170167 85.5368 -0.993712 0.110105 0.0203495 -5.38099 0.0220972 0.014676 0.999648 1.984
0.0962631 0.995181 -0.0186714 85.5645 -0.995163 0.0965968 0.0178785 -5.86753 0.019596 0.01686 0.999666 1.99905
0.0843682 0.996188 -0.0221752 85.584 -0.996261 0.0847485 0.0168054 -6.36633 0.0186207 0.0206744 0.999613 2.00996
0.0738386 0.996948 -0.0253671 85.6005 -0.997088 0.0742873 0.0172284 -6.88015 0.0190603 0.0240211 0.99953 2.02125
0.0651856 0.997494 -0.0275072 85.6158 -0.997681 0.0656891 0.0178193 -7.4097 0.0195816 0.0262818 0.999463 2.03335
0.0590879 0.997827 -0.0291691 85.6296 -0.998057 0.0596291 0.0180473 -7.95671 0.0197475 0.028046 0.999412 2.04433
0.0532126 0.998114 -0.0306075 85.6433 -0.998369 0.0538116 0.0190942 -8.51959 0.0207052 0.0295416 0.999349 2.05327
0.04684 0.998425 -0.0308865 85.6567 -0.998671 0.0474722 0.0200625 -9.10289 0.0214972 0.0299057 0.999322 2.06098
0.0421358 0.998561 -0.0331728 85.6667 -0.998882 0.0428145 0.020022 -9.70724 0.0214134 0.0322921 0.999249 2.07137
0.0385627 0.998649 -0.0348385 85.6693 -0.999032 0.0392692 0.0198283 -10.3264 0.0211696 0.0340402 0.999196 2.08099
0.0350676 0.998743 -0.0358242 85.674 -0.99917 0.0357803 0.0194496 -10.9653 0.0207069 0.0351124 0.999169 2.09226
0.0318891 0.998795 -0.0373009 85.6723 -0.999291 0.0326081 0.0188299 -11.6217 0.0200235 0.036674 0.999127 2.10291
0.0303936 0.998666 -0.0417426 85.669 -0.999343 0.031187 0.0184894 -12.2942 0.0197665 0.0411532 0.998957 2.11347
0.0305209 0.998491 -0.0456602 85.6622 -0.999342 0.0313779 0.0181734 -12.9822 0.0195787 0.0450755 0.998792 2.12286
0.0321713 0.998342 -0.0477342 85.6622 -0.999291 0.0330636 0.0180235 -13.6889 0.0195719 0.0471205 0.998698 2.13343
0.0352248 0.998115 -0.0502695 85.6663 -0.999178 0.0361837 0.0182944 -14.4119 0.0200789 0.0495837 0.998568 2.14519
0.0389391 0.99793 -0.0511912 85.6731 -0.999039 0.0399126 0.0181328 -15.1526 0.0201385 0.0504359 0.998524 2.15785
0.0427702 0.997699 -0.0526019 85.6889 -0.99891 0.0436876 0.0164167 -15.9107 0.018677 0.0518425 0.998481 2.17492
0.0466989 0.997517 -0.0527255 85.7098 -0.998757 0.047547 0.0149462 -16.6825 0.0174161 0.0519619 0.998497 2.19295
0.0508326 0.997455 -0.0500033 85.7405 -0.998589 0.0515326 0.0128098 -17.4714 0.015354 0.0492816 0.998667 2.2092
0.0548812 0.997294 -0.0489113 85.7728 -0.99839 0.0555121 0.0116339 -18.2664 0.0143176 0.0481941 0.998735 2.22447
0.0588318 0.99718 -0.0466019 85.8111 -0.998151 0.0594742 0.0125188 -19.0693 0.0152551 0.0457793 0.998835 2.24198
0.0620875 0.997068 -0.0447293 85.8529 -0.9979 0.0628439 0.0157063 -19.8747 0.0184712 0.0436602 0.998876 2.26214
0.0633343 0.997204 -0.0396709 85.9007 -0.997696 0.0642347 0.0218514 -20.6842 0.0243386 0.0381956 0.998974 2.28274
0.0629482 0.997324 -0.0371812 85.9438 -0.997647 0.0638951 0.0248508 -21.4993 0.02716 0.0355294 0.998999 2.30373
0.0630134 0.997407 -0.0347545 85.987 -0.997639 0.0639042 0.0251414 -22.318 0.0272972 0.0330882 0.99908 2.33258
0.0629892 0.997512 -0.0316501 86.0312 -0.997714 0.0637167 0.022528 -23.1384 0.0244886 0.0301587 0.999245 2.36552
0.0628453 0.997498 -0.032385 86.0697 -0.997737 0.0635712 0.0218936 -23.9568 0.0238976 0.0309359 0.999236 2.39569
0.0630507 0.997552 -0.0302346 86.1093 -0.997753 0.0636934 0.0207848 -24.7755 0.0226597 0.0288562 0.999327 2.42665
0.0627335 0.997622 -0.0285409 86.1465 -0.997777 0.0633363 0.0207298 -25.5927 0.0224882 0.027177 0.999378 2.46075
0.062788 0.997687 -0.02605 86.1879 -0.997758 0.0633556 0.0215652 -26.4064 0.0231657 0.0246375 0.999428 2.49102
0.0615733 0.997835 -0.0231143 86.2285 -0.99781 0.0620998 0.022791 -27.219 0.024177 0.0216603 0.999473 2.52072
0.0588486 0.998063 -0.0201688 86.2692 -0.997979 0.0593045 0.0228094 -28.0314 0.0239613 0.0187858 0.999536 2.55095
0.0550543 0.998333 -0.0173328 86.3058 -0.99823 0.0554229 0.0215537 -28.8438 0.0224784 0.0161155 0.999617 2.58156
0.0502566 0.998625 -0.0149435 86.3393 -0.998541 0.0505373 0.0190451 -29.6573 0.0197741 0.0139646 0.999707 2.61336
0.0440015 0.998952 -0.0126103 86.3654 -0.998883 0.044209 0.0166745 -30.4702 0.0172145 0.0118625 0.999781 2.64346
0.0365716 0.999262 -0.0117608 86.3827 -0.999189 0.0367622 0.016421 -31.2792 0.0168413 0.0111507 0.999796 2.67163
0.0278322 0.999552 -0.0109803 86.3932 -0.999457 0.0280202 0.017354 -32.0826 0.0176539 0.0104913 0.999789 2.69743
0.0177075 0.999779 -0.0113067 86.3914 -0.999677 0.0179097 0.0180343 -32.8853 0.0182328 0.0109837 0.999773 2.7224
0.0074605 0.999898 -0.0121692 86.3826 -0.999823 0.0076691 0.0171865 -33.6841 0.0172781 0.0120388 0.999778 2.74856
-0.00332346 0.999934 -0.0110351 86.3676 -0.999873 -0.00315059 0.0156457 -34.4775 0.0156099 0.0110857 0.999817 2.77484
-0.0144909 0.999824 -0.0119485 86.3411 -0.999788 -0.0143133 0.0148215 -35.2705 0.0146478 0.0121607 0.999819 2.79705
-0.0256387 0.999598 -0.0121418 86.3057 -0.999568 -0.0254594 0.0146986 -36.0576 0.0143835 0.0125134 0.999818 2.81887
-0.0367606 0.999252 -0.0120478 86.2633 -0.999215 -0.0365754 0.0152513 -36.8376 0.0147993 0.012599 0.999811 2.84133
-0.0475717 0.998802 -0.0115047 86.2132 -0.998745 -0.0473818 0.0162508 -37.6135 0.0156862 0.0122633 0.999802 2.86296
-0.0579758 0.998246 -0.0119705 86.1547 -0.998182 -0.0577657 0.0172176 -38.3815 0.0164959 0.0129469 0.99978 2.88382
-0.0676081 0.997633 -0.0125749 86.0883 -0.997567 -0.0673781 0.0178966 -39.1412 0.017007 0.0137542 0.999761 2.90542
-0.0772693 0.996926 -0.0129956 86.0136 -0.996862 -0.0770261 0.0182816 -39.8932 0.0172244 0.0143674 0.999748 2.92825
-0.0867922 0.996137 -0.013394 85.9349 -0.99608 -0.086541 0.0183107 -40.6374 0.0170808 0.0149307 0.999743 2.94967
-0.0955187 0.995321 -0.0145856 85.8477 -0.99529 -0.0952513 0.0180455 -41.3732 0.0165717 0.0162406 0.999731 2.97195
-0.10304 0.994547 -0.0161143 85.7553 -0.994564 -0.102771 0.0167682 -42.1015 0.0150206 0.0177545 0.99973 2.99408
-0.108415 0.993925 -0.0189867 85.6585 -0.994019 -0.108133 0.0152989 -42.819 0.0131528 0.0205318 0.999703 3.01769
-0.112478 0.993407 -0.0221616 85.5597 -0.993594 -0.112196 0.0135652 -43.5314 0.0109893 0.0235454 0.999662 3.03725
-0.115422 0.993024 -0.0241139 85.4625 -0.993272 -0.115153 0.0122902 -44.2325 0.00942768 0.0253702 0.999634 3.05506
-0.117229 0.992799 -0.0246664 85.3679 -0.993068 -0.116973 0.0115774 -44.9172 0.00860872 0.0258526 0.999629 3.07234
-0.1183 0.992662 -0.025072 85.2747 -0.992941 -0.11804 0.0116224 -45.5901 0.00857762 0.02627 0.999618 3.08863
-0.117756 0.992703 -0.0259609 85.1827 -0.992996 -0.117456 0.0127888 -46.2447 0.00964624 0.027285 0.999581 3.10436
-0.115079 0.992989 -0.0270003 85.0952 -0.993297 -0.114733 0.0140688 -46.8822 0.0108723 0.0284383 0.999537 3.12
-0.110365 0.993521 -0.0271221 85.0159 -0.993821 -0.109991 0.0149225 -47.503 0.0118426 0.0286015 0.999521 3.13599
-0.102876 0.994341 -0.0265145 84.9474 -0.994614 -0.102492 0.0154676 -48.1043 0.0126626 0.0279629 0.999529 3.15263
-0.0922581 0.995403 -0.0257043 84.8874 -0.995645 -0.0918728 0.0157923 -48.688 0.0133582 0.0270493 0.999545 3.17025
-0.0790091 0.996548 -0.0254827 84.8372 -0.996777 -0.0786189 0.0159664 -49.2515 0.0139079 0.026662 0.999548 3.18831
-0.0624771 0.997745 -0.0245363 84.8037 -0.997922 -0.0620625 0.01731 -49.795 0.0157482 0.0255668 0.999549 3.20583
-0.0421846 0.998834 -0.0234874 84.7857 -0.99893 -0.0417186 0.0199874 -50.33 0.0189843 0.0243055 0.999524 3.22708
-0.0184976 0.999585 -0.0220924 84.7815 -0.999569 -0.017984 0.0232214 -50.8577 0.0228145 0.0225124 0.999486 3.24874
0.00922832 0.999739 -0.0209205 84.7906 -0.999637 0.00975297 0.0251149 -51.3829 0.0253124 0.0206811 0.999466 3.269
0.0415143 0.998936 -0.0200771 84.8168 -0.998798 0.042016 0.0252445 -51.9055 0.0260612 0.019005 0.99948 3.28981
0.0786391 0.996704 -0.01993 84.8617 -0.996596 0.0790954 0.0232474 -52.4236 0.0247471 0.018034 0.999531 3.31136
0.120054 0.992589 -0.0188036 84.9311 -0.99252 0.120425 0.0200328 -52.936 0.0221487 0.0162579 0.999622 3.33435
0.164349 0.986264 -0.0165419 85.0248 -0.986234 0.164608 0.0157276 -53.4395 0.0182345 0.0137294 0.999739 3.3572
0.211825 0.977225 -0.0127454 85.1421 -0.977193 0.211982 0.0125813 -53.9381 0.0149966 0.00978965 0.99984 3.38038
0.26242 0.964907 -0.00955007 85.2901 -0.96486 0.26252 0.0113649 -54.419 0.0134731 0.00623211 0.99989 3.40439
0.316041 0.948704 -0.00893729 85.4586 -0.948648 0.316129 0.0113568 -54.8831 0.0135996 0.00488914 0.999896 3.42291
0.372938 0.927769 -0.0127502 85.6476 -0.92772 0.373083 0.0120127 -55.3307 0.0159019 0.00734861 0.999847 3.44126
0.43197 0.901738 -0.0164437 85.864 -0.901645 0.432205 0.0153361 -55.7547 0.0209362 0.00820167 0.999747 3.4598
0.490892 0.870947 -0.0218474 86.1063 -0.870793 0.491282 0.0190067 -56.1588 0.027287 0.0096943 0.999581 3.47888
0.548684 0.835723 -0.0226668 86.3808 -0.835417 0.549118 0.0234282 -56.538 0.0320263 0.00608155 0.999469 3.49651
0.604294 0.796425 -0.0231799 86.6811 -0.795971 0.604734 0.0269585 -56.8948 0.0354881 0.00215965 0.999368 3.51442
0.657336 0.753172 -0.0253358 87.0027 -0.752639 0.657824 0.0283311 -57.2309 0.0380047 0.000445681 0.999277 3.53389
0.706813 0.706892 -0.026826 87.3447 -0.706384 0.707322 0.0267805 -57.5456 0.0379055 2.06446e-05 0.999281 3.5563
0.752853 0.657734 -0.0244572 87.709 -0.657323 0.753249 0.0233103 -57.8359 0.0337543 -0.00147293 0.999429 3.58046
0.795417 0.605728 -0.0201304 88.0939 -0.605449 0.795668 0.0185672 -58.0989 0.0272637 -0.00258077 0.999625 3.6057
0.833196 0.552758 -0.0156105 88.4988 -0.552553 0.83333 0.0156868 -58.333 0.0216797 -0.00444459 0.999755 3.62892
0.865869 0.500163 -0.0103569 88.9193 -0.50004 0.865913 0.0124525 -58.5463 0.0151964 -0.00560336 0.999869 3.64816
0.892963 0.450106 -0.00468409 89.3554 -0.450026 0.892931 0.012321 -58.7351 0.00972833 -0.00889422 0.999913 3.66836
0.914609 0.404338 -0.00132621 89.8013 -0.404284 0.914531 0.0137173 -58.9017 0.00675928 -0.0120098 0.999905 3.68412
0.931295 0.36425 0.00349618 90.2653 -0.364247 0.931102 0.0193367 -59.0464 0.00378811 -0.0192817 0.999807 3.69287
0.944228 0.329281 0.00283294 90.7291 -0.329253 0.943943 0.0237478 -59.1785 0.00514557 -0.0233561 0.999714 3.69601
0.954516 0.298152 0.00208938 91.2005 -0.298103 0.954175 0.0261768 -59.3066 0.00581104 -0.025609 0.999655 3.69835
0.961423 0.275072 -0.000360353 91.6733 -0.275007 0.961222 0.0205975 -59.439 0.00601219 -0.0197038 0.999788 3.70406
0.965821 0.259211 -0.000770263 92.1534 -0.259158 0.965676 0.0175234 -59.5647 0.00528608 -0.0167248 0.999846 3.71481
0.96916 0.246431 -0.000471434 92.646 -0.246367 0.968949 0.0210225 -59.6803 0.00563739 -0.020258 0.999779 3.71995
0.971564 0.236777 0.000920948 93.1525 -0.236718 0.971218 0.0264442 -59.7925 0.00536693 -0.0259102 0.99965 3.71885
0.973052 0.230583 0.00122277 93.6664 -0.230494 0.972499 0.0334285 -59.9024 0.00651892 -0.0328096 0.99944 3.72411
0.973722 0.227739 -0.0011884 94.1898 -0.227514 0.972966 0.039685 -60.0165 0.0101941 -0.0383717 0.999211 3.7344
0.973923 0.22686 -0.00294582 94.7208 -0.226544 0.973107 0.0417267 -60.1393 0.0123327 -0.0399712 0.999125 3.74902
0.973408 0.229002 -0.0058744 95.2606 -0.228578 0.972658 0.0410913 -60.2707 0.0151238 -0.0386559 0.999138 3.76232
0.972344 0.23318 -0.0132355 95.8083 -0.232511 0.971794 0.0394256 -60.4101 0.0220555 -0.0352578 0.999135 3.77134
0.971245 0.237353 -0.0186368 96.366 -0.236501 0.970839 0.0392304 -60.5506 0.0274048 -0.0336947 0.999056 3.78161
0.970205 0.241699 -0.0168469 96.9458 -0.240782 0.969586 0.0438968 -60.6892 0.0269443 -0.0385325 0.998894 3.79869
0.968891 0.247203 -0.0118517 97.539 -0.2464 0.968013 0.0473173 -60.8313 0.0231696 -0.0429251 0.99881 3.81841
0.967714 0.251932 -0.00773953 98.1407 -0.251353 0.966864 0.0446811 -60.9914 0.0187397 -0.0412932 0.998971 3.83855
0.966802 0.255513 -0.00277614 98.7522 -0.2552 0.966053 0.0401947 -61.1611 0.0129522 -0.0381518 0.999188 3.8577
0.96591 0.258873 0.00158803 99.3747 -0.25875 0.965223 0.0373352 -61.3329 0.00813229 -0.0364734 0.999302 3.87486
0.96506 0.262021 0.00185315 100.004 -0.261938 0.964521 0.0329707 -61.5091 0.00685163 -0.0323041 0.999455 3.88707
0.964897 0.262622 -0.00184806 100.638 -0.262456 0.964495 0.029449 -61.6908 0.00951638 -0.0279302 0.999565 3.89925
0.964925 0.262397 -0.00822503 101.281 -0.262073 0.964627 0.0285226 -61.8709 0.0154183 -0.0253666 0.999559 3.9121
0.964977 0.261845 -0.0160314 101.934 -0.261293 0.964789 0.0301443 -62.0475 0.02336 -0.0248996 0.999417 3.92531
0.965497 0.259669 -0.019714 102.605 -0.258926 0.965304 0.0338483 -62.2255 0.0278193 -0.0275759 0.999233 3.94002
0.966231 0.257168 -0.0162384 103.293 -0.25655 0.965977 0.0327101 -62.4098 0.0240979 -0.0274395 0.999333 3.95773
0.966788 0.255389 -0.00992575 103.998 -0.255027 0.966519 0.0283169 -62.6004 0.0168252 -0.0248451 0.99955 3.98099
0.96749 0.252892 -0.00288789 104.713 -0.252714 0.967131 0.0281672 -62.7877 0.00991625 -0.0265217 0.999599 4.00501
0.967977 0.25103 -0.00234413 105.433 -0.250837 0.967527 0.0311923 -62.9693 0.0100982 -0.0296054 0.999511 4.02315
0.968433 0.249212 -0.00562343 106.162 -0.248843 0.967834 0.0370725 -63.1473 0.0146815 -0.0345029 0.999297 4.03781
0.969274 0.245743 -0.0109021 106.898 -0.245169 0.968716 0.0385007 -63.334 0.0200224 -0.0346449 0.999199 4.05176
0.970229 0.241747 -0.0146347 107.648 -0.241062 0.969771 0.0378544 -63.5229 0.0233435 -0.0331995 0.999176 4.06862
0.97117 0.237993 -0.0136937 108.413 -0.237386 0.970754 0.0358353 -63.714 0.0218218 -0.0315515 0.999264 4.09039
0.972049 0.234402 -0.0133091 109.187 -0.233897 0.971748 0.0315821 -63.9076 0.020336 -0.0275864 0.999412 4.11483
0.972542 0.23248 -0.0107315 109.975 -0.232076 0.972236 0.0299792 -64.1001 0.0174031 -0.0266655 0.999493 4.13971
0.972936 0.23091 -0.00877982 110.782 -0.230606 0.972676 0.0268623 -64.2947 0.0147427 -0.0241106 0.999601 4.15993
0.973106 0.230196 -0.00865537 111.59 -0.22997 0.972959 0.0215792 -64.4934 0.0133888 -0.0190083 0.99973 4.17905
0.973262 0.229585 -0.00716294 112.407 -0.22938 0.973085 0.022156 -64.6866 0.0120568 -0.0199206 0.999729 4.20019
0.973143 0.23007 -0.00784138 113.225 -0.229791 0.972874 0.0267071 -64.8734 0.0137732 -0.0241879 0.999613 4.22071
0.972973 0.230718 -0.00967303 114.049 -0.230297 0.972569 0.0327569 -65.0604 0.0169653 -0.0296439 0.999417 4.24062
0.972783 0.23153 -0.0093567 114.876 -0.230982 0.972117 0.0404387 -65.2482 0.0184586 -0.0371769 0.999138 4.25975
0.972196 0.234065 -0.00697236 115.712 -0.233484 0.971197 0.0475488 -65.436 0.0179011 -0.0445988 0.998845 4.28321
0.97145 0.23722 -0.00329005 116.551 -0.236755 0.970247 0.0506726 -65.6309 0.0152127 -0.048447 0.99871 4.30932
0.97085 0.239662 -0.00367611 117.388 -0.239167 0.96963 0.0511465 -65.8358 0.0158223 -0.0487763 0.998684 4.33325
0.970314 0.241751 -0.00691208 118.227 -0.241097 0.969152 0.0511579 -66.0414 0.0190664 -0.0479727 0.998667 4.35257
0.97008 0.242664 -0.00772193 119.08 -0.242105 0.969249 0.0440583 -66.2574 0.0181758 -0.0408706 0.998999 4.36488
0.969973 0.243025 -0.0095584 119.926 -0.242519 0.969424 0.0374305 -66.4759 0.0183627 -0.0339885 0.999254 4.3825
0.969612 0.244444 -0.00994966 120.772 -0.243955 0.969127 0.0357568 -66.6877 0.018383 -0.032243 0.999311 4.40324
0.969377 0.245469 -0.00729974 121.621 -0.245015 0.968739 0.0388793 -66.8929 0.0166152 -0.0359001 0.999217 4.42166
0.969184 0.246333 -0.0016218 122.472 -0.246071 0.968416 0.040246 -67.0993 0.0114845 -0.0386067 0.999188 4.43951
0.968943 0.247223 0.00551607 123.319 -0.247225 0.967976 0.0436065 -67.3075 0.00544111 -0.0436159 0.999034 4.46189
0.968629 0.24851 -0.000548622 124.137 -0.248255 0.967728 0.0432593 -67.5235 0.0112813 -0.041766 0.999064 4.48935
0.968361 0.249098 -0.0151011 124.943 -0.248332 0.967833 0.0403674 -67.7486 0.0246708 -0.0353401 0.999071 4.51814
0.968174 0.248764 -0.0274937 125.749 -0.247713 0.968139 0.0366889 -67.9765 0.0357446 -0.0287107 0.998949 4.54831
0.968552 0.24783 -0.0220912 126.575 -0.246994 0.968391 0.0348321 -68.199 0.0300253 -0.0282803 0.999149 4.58227
0.969151 0.246464 -0.00140115 127.415 -0.246324 0.968765 0.0286243 -68.4213 0.00841223 -0.0273961 0.999589 4.61793
0.969366 0.245092 0.0160768 128.249 -0.245438 0.969086 0.0251553 -68.641 -0.00941444 -0.0283306 0.999554 4.65256
0.969584 0.244473 0.0118324 129.056 -0.244714 0.969202 0.0276155 -68.8541 -0.00471673 -0.0296711 0.999549 4.66556
0.969904 0.243479 -0.00230691 129.849 -0.243245 0.96931 0.0356415 -69.0618 0.0109141 -0.0340077 0.999362 4.66707
0.970086 0.242493 -0.011474 130.644 -0.241934 0.969593 0.0368418 -69.2767 0.0200589 -0.0329637 0.999255 4.67107
0.970511 0.240644 -0.0140996 131.445 -0.240081 0.970186 0.0331849 -69.4955 0.0216649 -0.0288213 0.99935 4.69196
0.971208 0.237994 -0.0107191 132.252 -0.237541 0.970828 0.0326642 -69.6981 0.0181803 -0.0291775 0.999409 4.71296
0.972019 0.234569 -0.0125296 133.051 -0.234073 0.971684 0.0322588 -69.8951 0.0197417 -0.0284233 0.999401 4.72201
0.973108 0.229871 -0.0148703 133.845 -0.2293 0.972806 0.0327187 -70.0907 0.021987 -0.028429 0.999354 4.72705
0.973859 0.22679 -0.0128333 134.643 -0.226187 0.973374 0.0371962 -70.2739 0.0209273 -0.0333212 0.999226 4.74274
0.974339 0.224696 -0.0132815 135.439 -0.223939 0.97363 0.0435388 -70.4545 0.0227142 -0.0394473 0.998963 4.75534
0.974797 0.222853 -0.0103826 136.238 -0.222171 0.97394 0.0456162 -70.6392 0.0202777 -0.0421598 0.998905 4.77419
0.975171 0.221372 -0.00607162 137.036 -0.220907 0.974318 0.0436424 -70.8285 0.0155769 -0.0412175 0.999029 4.79321
0.975465 0.22008 -0.0057577 137.829 -0.219648 0.974658 0.0423891 -71.0156 0.0149408 -0.0400844 0.999085 4.81195
0.975982 0.217627 -0.00986203 138.618 -0.217067 0.97531 0.0406458 -71.1978 0.0184642 -0.0375289 0.999125 4.82921
0.976902 0.213239 -0.0138183 139.4 -0.212628 0.976458 0.0363233 -71.3808 0.0212386 -0.0325462 0.999245 4.84268
0.978234 0.206833 -0.0166765 140.191 -0.20621 0.97795 0.0330386 -71.5544 0.0231423 -0.0288806 0.999315 4.86113
0.979677 0.200184 -0.0126207 140.991 -0.199705 0.979339 0.0318436 -71.7165 0.0187346 -0.028676 0.999413 4.88342
0.980988 0.194027 -0.00409374 141.795 -0.193824 0.980588 0.0296455 -71.8758 0.0097663 -0.0282884 0.999552 4.90686
0.981823 0.189757 0.00396271 142.599 -0.189797 0.981502 0.0251367 -72.0258 0.000880472 -0.0254319 0.999676 4.92102
0.982571 0.185657 0.00925706 143.399 -0.18586 0.982064 0.0317293 -72.1619 -0.00320026 -0.0328968 0.999454 4.93198
0.98341 0.181327 0.00506393 144.19 -0.181392 0.982777 0.0352921 -72.2947 0.00142269 -0.0356252 0.999364 4.94058
0.984627 0.174593 -0.00526352 144.975 -0.174298 0.98404 0.0358652 -72.4337 0.0114413 -0.0343964 0.999343 4.94688
0.98568 0.168161 -0.0125589 145.768 -0.16767 0.985284 0.0332083 -72.5707 0.0179584 -0.030627 0.99937 4.95273
0.986781 0.161564 -0.0126707 146.573 -0.161099 0.98643 0.0316757 -72.7017 0.0176164 -0.0292157 0.999418 4.9676
0.988049 0.153942 -0.00783783 147.387 -0.153538 0.987404 0.0382061 -72.8175 0.0136206 -0.0365461 0.999239 4.99013
0.989221 0.146215 -0.00797908 148.197 -0.145731 0.988344 0.0440348 -72.9247 0.0143246 -0.0423973 0.998998 5.00734
0.990541 0.136565 -0.0134189 149.002 -0.135803 0.989625 0.0469107 -73.0358 0.019686 -0.0446446 0.998809 5.02137
0.991632 0.12801 -0.0167086 149.81 -0.12714 0.990838 0.0455503 -73.144 0.0223864 -0.0430449 0.998822 5.03183
0.992659 0.119953 -0.0154829 150.627 -0.119143 0.991833 0.0455326 -73.2439 0.0208182 -0.0433537 0.998843 5.04641
0.993667 0.112048 -0.00840902 151.452 -0.111515 0.992581 0.0484455 -73.326 0.0137749 -0.047201 0.99879 5.05991
0.994579 0.103955 -0.00246554 152.279 -0.103692 0.993282 0.0513641 -73.4 0.00778855 -0.05083 0.998677 5.07644
0.995349 0.0963253 0.00119899 153.101 -0.096262 0.994065 0.0506799 -73.4738 0.00368988 -0.0505596 0.998714 5.09041
0.995945 0.0899252 0.00260434 153.922 -0.0899416 0.994663 0.0505531 -73.5452 0.00195556 -0.0505824 0.998718 5.10194
0.996334 0.085536 0.00132678 154.743 -0.085495 0.995081 0.0500432 -73.6106 0.00296024 -0.0499732 0.998746 5.11416
0.996686 0.0812135 -0.00457155 155.559 -0.0808472 0.995247 0.0542844 -73.6679 0.00895844 -0.0537349 0.998515 5.1273
0.996917 0.0778513 -0.00974464 156.375 -0.077112 0.995132 0.0613729 -73.7136 0.0144752 -0.0604323 0.998067 5.13728
0.997076 0.0752364 -0.0133594 157.193 -0.0742643 0.995282 0.0624435 -73.7612 0.0179944 -0.0612688 0.997959 5.1454
0.99738 0.0719508 -0.00754354 158.027 -0.0713229 0.995394 0.064067 -73.8118 0.0121185 -0.0633611 0.997917 5.15458
0.997582 0.0694753 0.00189026 158.866 -0.0694483 0.995399 0.0660207 -73.8559 0.00270525 -0.0659923 0.997817 5.16251
0.997772 0.065948 0.0101145 159.702 -0.0664784 0.995548 0.0668149 -73.9018 -0.00566315 -0.0673384 0.997714 5.17128
0.998089 0.0613009 0.00780045 160.525 -0.0616787 0.995986 0.0648621 -73.9482 -0.00379304 -0.0652193 0.997864 5.17521
0.998409 0.0563668 -0.0013363 161.338 -0.0562094 0.996919 0.0547151 -74.0033 0.0044163 -0.054553 0.998501 5.17631
0.998726 0.0496306 -0.0091722 162.155 -0.0491217 0.997579 0.0492225 -74.049 0.0115929 -0.0487092 0.998746 5.17265
0.999058 0.0427203 -0.00768538 162.982 -0.0422544 0.997699 0.0530209 -74.0732 0.00993277 -0.0526462 0.998564 5.17445
0.999375 0.0352315 -0.00299399 163.815 -0.0350324 0.998076 0.0511535 -74.0979 0.00479044 -0.0510166 0.998686 5.18111
0.999614 0.0277363 0.00148464 164.652 -0.0277754 0.998511 0.0469604 -74.1255 -0.000179915 -0.0469835 0.998896 5.18642
0.999754 0.0219321 0.00347303 165.492 -0.0220498 0.999014 0.038541 -74.1508 -0.00262432 -0.0386081 0.999251 5.18681
0.999866 0.0158655 0.0042013 166.335 -0.0159992 0.999295 0.0339723 -74.1683 -0.00365935 -0.0340349 0.999414 5.19063
0.999951 0.00979659 -0.00127775 167.171 -0.00975298 0.999485 0.0305846 -74.177 0.00157672 -0.0305707 0.999531 5.19441
0.999931 0.00273553 -0.0114689 168 -0.00247112 0.999732 0.0230036 -74.186 0.0115288 -0.0229736 0.99967 5.19458
0.999806 -0.00441566 -0.0191887 168.832 0.00463046 0.999927 0.0111674 -74.1993 0.019138 -0.0112541 0.999754 5.20064
0.999879 -0.010699 -0.0113266 169.683 0.0108482 0.999854 0.0131863 -74.1888 0.0111838 -0.0133075 0.999849 5.20968
0.999873 -0.0158908 0.00151048 170.544 0.0158517 0.999607 0.0231273 -74.1576 -0.0018774 -0.0231004 0.999731 5.22045
0.99973 -0.020857 0.0102629 171.399 0.0205464 0.999354 0.029494 -74.1255 -0.0108715 -0.0292751 0.999512 5.23112
0.999655 -0.0248109 0.00865715 172.244 0.0245482 0.999271 0.029243 -74.0983 -0.00937638 -0.0290204 0.999535 5.23206
0.999645 -0.0265861 -0.00183839 173.081 0.0266297 0.999184 0.0303674 -74.067 0.00102954 -0.0304056 0.999537 5.23018
0.999502 -0.0291145 -0.0122032 173.919 0.0295889 0.998734 0.0406918 -74.0227 0.011003 -0.0410326 0.999097 5.23266
0.999394 -0.0310326 -0.0157935 174.766 0.0316565 0.998661 0.0409144 -73.9881 0.0145027 -0.0413895 0.999038 5.24006
0.999351 -0.033894 -0.0122242 175.623 0.0343004 0.998808 0.0347273 -73.9668 0.0110326 -0.035124 0.999322 5.25362
0.999403 -0.0344047 -0.00320444 176.485 0.0344956 0.998797 0.0348585 -73.9346 0.00200129 -0.0349482 0.999387 5.26614
0.999412 -0.0341586 0.00307525 177.349 0.0340226 0.998744 0.0367838 -73.8956 -0.00432786 -0.0366575 0.999319 5.28045
0.999358 -0.0357822 0.00179218 178.204 0.0356958 0.998729 0.0355849 -73.863 -0.00306321 -0.0354981 0.999365 5.29316
0.999272 -0.0377321 -0.00566969 179.053 0.037907 0.998676 0.0347808 -73.8288 0.00434983 -0.0349704 0.999379 5.3047
0.999064 -0.0398634 -0.016831 179.897 0.0402711 0.998885 0.0246244 -73.8074 0.0158306 -0.0252791 0.999555 5.31533
0.998868 -0.042299 -0.021752 180.746 0.0425903 0.999007 0.0131072 -73.7885 0.021176 -0.0140187 0.999677 5.33121
0.998903 -0.0434677 -0.0174136 181.607 0.0437233 0.998937 0.0145767 -73.7499 0.0167615 -0.0153221 0.999742 5.35138
0.998968 -0.0446798 -0.00822516 182.469 0.0448356 0.998797 0.01984 -73.7033 0.00732882 -0.0201883 0.999769 5.37668
0.998921 -0.0463813 -0.00256311 183.32 0.0464272 0.99867 0.022433 -73.658 0.00151923 -0.0225278 0.999745 5.39713
0.998859 -0.0473504 -0.00627822 184.159 0.0474688 0.998667 0.0202644 -73.6211 0.00531032 -0.0205392 0.999775 5.41038
0.998796 -0.047402 -0.0126844 184.994 0.0476551 0.998654 0.0204591 -73.5847 0.0116976 -0.0210389 0.99971 5.42177
0.99876 -0.0475324 -0.0147744 185.833 0.04792 0.998483 0.0270993 -73.5332 0.0134639 -0.0277737 0.999524 5.43564
0.998791 -0.0479711 -0.0107046 186.675 0.0482763 0.998373 0.0303467 -73.4863 0.00923147 -0.0308268 0.999482 5.45367
0.998777 -0.0488103 -0.00784733 187.513 0.0490496 0.99822 0.0339356 -73.4404 0.00617695 -0.034279 0.999393 5.4723
0.998778 -0.0491657 -0.00504934 188.349 0.0493193 0.998096 0.0370518 -73.3937 0.00321805 -0.0372556 0.999301 5.48517
0.998751 -0.0496694 -0.00535922 189.181 0.0498478 0.997916 0.0409821 -73.3421 0.0033125 -0.041198 0.999146 5.49739
0.99871 -0.0502296 -0.00746033 190.006 0.0504851 0.99795 0.0393209 -73.2952 0.00546997 -0.0396468 0.999199 5.51016
0.998604 -0.0510965 -0.0134307 190.819 0.05161 0.997818 0.041168 -73.2455 0.0112978 -0.0418037 0.999062 5.51953
0.998525 -0.0522981 -0.0146153 191.632 0.0528741 0.997706 0.0422835 -73.1937 0.0123704 -0.0429939 0.998999 5.52717
0.99866 -0.0494699 -0.0152173 192.344 0.0500747 0.997848 0.0423319 -73.1582 0.0130904 -0.0430372 0.998988 5.53338
0.998796 -0.0464452 -0.0158122 193.05 0.0470781 0.997994 0.0423361 -73.1234 0.0138142 -0.0430295 0.998978 5.53953
0.998922 -0.0434191 -0.0164072 193.757 0.0440802 0.99813 0.042344 -73.0886 0.014538 -0.0430216 0.998968 5.54569
0.999039 -0.0403934 -0.0170019 194.464 0.0410826 0.998258 0.0423556 -73.0538 0.0152614 -0.0430134 0.998958 5.55184
0.999147 -0.0373674 -0.0175965 195.17 0.0380848 0.998376 0.0423709 -73.019 0.0159846 -0.0430049 0.998947 5.55799
0.999245 -0.0343403 -0.0181911 195.877 0.0350858 0.998485 0.04239 -72.9842 0.0167079 -0.0429962 0.998935 5.56414
0.999333 -0.0313128 -0.0187856 196.584 0.0320867 0.998585 0.0424128 -72.9494 0.0174309 -0.0429873 0.998924 5.57029
0.999412 -0.0282849 -0.0193799 197.291 0.029087 0.998676 0.0424393 -72.9145 0.0181538 -0.0429781 0.998911 5.57644
