1 0 0 0 0 1 0 0 0 0 1 0
0.999989 -0.00451377 -0.000981291 0.752855 0.0045152 0.999989 0.00145888 0.0175414 0.000974695 -0.0014633 0.999998 0.00869778
0.999955 -0.00932415 -0.00159415 1.54461 0.00933138 0.999946 0.00459057 0.0328202 0.00155126 -0.00460524 0.999988 0.017461
0.999904 -0.0138452 -0.000705507 2.34828 0.0138496 0.999882 0.0066955 0.0509707 0.000612723 -0.00670462 0.999977 0.0196636
0.999831 -0.0182656 0.00183168 3.15241 0.018253 0.999811 0.0066684 0.0707164 -0.00195313 -0.00663385 0.999976 0.0260356
0.999748 -0.0220465 0.00413432 3.96552 0.0220256 0.999745 0.00503029 0.0849185 -0.00424416 -0.00493797 0.999979 0.0307931
0.999687 -0.0246775 0.00405454 4.77849 0.0246556 0.999682 0.00536375 0.11245 -0.00418561 -0.00526211 0.999977 0.0371726
0.999641 -0.0265577 0.00360588 5.6013 0.0265383 0.999634 0.00531833 0.145881 -0.0037458 -0.00522072 0.999979 0.0344624
0.999593 -0.0283205 0.00355564 6.43162 0.0283089 0.999594 0.00325198 0.165113 -0.0036463 -0.00315 0.999988 0.0424161
0.999526 -0.0305055 0.00423008 7.27792 0.0304923 0.99953 0.00316928 0.19623 -0.00432477 -0.00303879 0.999986 0.0398441
0.999484 -0.0318498 0.00408787 8.14259 0.0318476 0.999493 0.000601114 0.214898 -0.00410494 -0.000470615 0.999991 0.043881
0.999433 -0.0335993 0.00234819 9.00949 0.0335957 0.999434 0.00154288 0.255097 -0.0023987 -0.00146311 0.999996 0.0467495
0.999382 -0.0351505 -0.000384818 9.88723 0.0351515 0.999378 0.00294454 0.294226 0.000281077 -0.00295625 0.999996 0.0532533
0.999315 -0.0369594 -0.00171449 10.7597 0.0369695 0.999296 0.00633031 0.332729 0.00147932 -0.00638936 0.999978 0.0584393
0.999279 -0.0379331 -0.00186418 11.6573 0.0379477 0.999243 0.00858444 0.373384 0.00153714 -0.00864898 0.999961 0.0594457
0.999224 -0.0393913 -0.000427334 12.5645 0.0393935 0.999187 0.00854865 0.407511 9.02448e-05 -0.00855885 0.999963 0.0639457
0.999162 -0.040915 0.000984498 13.4635 0.0409052 0.999128 0.00842045 0.447745 -0.00132816 -0.00837313 0.999964 0.0684609
0.99912 -0.0419139 0.00147383 14.3709 0.0419008 0.99909 0.00802944 0.488519 -0.00180903 -0.00796062 0.999967 0.0827691
0.999055 -0.0434591 0.000689582 15.2835 0.0434528 0.999028 0.00741851 0.54063 -0.00101131 -0.00738153 0.999972 0.084297
0.999007 -0.0445594 0.000216076 16.204 0.0445569 0.998984 0.00682485 0.579436 -0.000519967 -0.00680844 0.999977 0.0930014
0.998965 -0.0454419 0.00176395 17.1264 0.0454274 0.998939 0.00755803 0.6154 -0.00210553 -0.00747008 0.99997 0.10047
0.998951 -0.0455145 0.00503498 18.0578 0.0454625 0.998916 0.0100054 0.667713 -0.00548491 -0.00976598 0.999937 0.102967
0.998957 -0.0448493 0.00861785 18.9977 0.0447605 0.998945 0.0102359 0.718025 -0.00906784 -0.00983946 0.99991 0.101602
0.999 -0.0431236 0.0117655 19.9341 0.0430163 0.999032 0.00922486 0.757819 -0.0121519 -0.00870953 0.999888 0.0953252
0.999056 -0.0415421 0.0127071 20.8765 0.041459 0.999117 0.00673296 0.799484 -0.0129756 -0.00619978 0.999897 0.0936752
0.999142 -0.0400883 0.010441 21.8229 0.0400284 0.999181 0.00588733 0.841069 -0.0106684 -0.00546434 0.999928 0.0882823
0.999223 -0.0389503 0.00608173 22.7928 0.0389196 0.999229 0.00509437 0.892288 -0.00627547 -0.00485371 0.999969 0.0889753
0.999287 -0.0376241 0.00312376 23.7379 0.0376017 0.999269 0.00695728 0.936583 -0.00338324 -0.00683486 0.999971 0.0890962
0.999311 -0.0369495 0.0034943 24.7173 0.0369215 0.999288 0.00775923 0.971857 -0.00377851 -0.00762487 0.999964 0.0952954
0.999289 -0.0367935 0.00818589 25.6931 0.0367326 0.999297 0.00746381 1.01369 -0.00845475 -0.00715781 0.999939 0.096594
0.99922 -0.0376411 0.0119434 26.6809 0.0376097 0.999288 0.00284438 1.04754 -0.012042 -0.00239297 0.999925 0.0890734
0.999184 -0.0385111 0.0121716 27.6542 0.0386048 0.999226 -0.00755955 1.06992 -0.0118711 0.00802327 0.999897 0.0872959
0.99916 -0.0399556 0.00911559 28.6361 0.0400532 0.999139 -0.0107885 1.10768 -0.00867668 0.0111446 0.9999 0.0866136
0.999124 -0.0414523 0.0058015 29.6207 0.0415138 0.999078 -0.0109024 1.15111 -0.00534422 0.0111337 0.999924 0.0909086
0.999053 -0.0433032 0.00420794 30.62 0.04333 0.99904 -0.00650544 1.20399 -0.00392219 0.00668161 0.99997 0.0874177
0.999008 -0.0442195 0.00523773 31.6152 0.0442439 0.99901 -0.00463521 1.24887 -0.00502757 0.00486234 0.999976 0.0995601
0.998934 -0.0455035 0.00774261 32.6182 0.0455239 0.99896 -0.00248093 1.30588 -0.00762167 0.00283076 0.999967 0.100319
0.99887 -0.0466237 0.00918501 33.6303 0.0466306 0.998912 -0.000531223 1.36244 -0.00915025 0.000958925 0.999958 0.102554
0.998799 -0.0475779 0.0117267 34.6328 0.0475876 0.998867 -0.000549266 1.41861 -0.0116873 0.00110665 0.999931 0.0981061
0.998758 -0.047612 0.0146662 35.6397 0.0475975 0.998866 0.0013369 1.46474 -0.0147132 -0.000637162 0.999892 0.103828
0.998684 -0.0482803 0.0173126 36.649 0.0482457 0.998833 0.00241149 1.5276 -0.0174088 -0.00157306 0.999847 0.0904061
0.998696 -0.0481599 0.0169539 37.6463 0.0481236 0.998838 0.00254236 1.58187 -0.0170567 -0.00172316 0.999853 0.0813328
0.998712 -0.0481811 0.0159338 38.6342 0.0481737 0.998839 0.000849872 1.62804 -0.0159562 -8.11887e-05 0.999873 0.0780436
0.998748 -0.0481433 0.0135665 39.6254 0.0480868 0.998833 0.00445768 1.68789 -0.0137652 -0.00379973 0.999898 0.0766971
0.998705 -0.0490815 0.0134068 40.62 0.0490066 0.998781 0.00585832 1.74238 -0.013678 -0.00519371 0.999893 0.0753396
0.998634 -0.0502071 0.014506 41.6197 0.0501659 0.998736 0.00318917 1.79027 -0.0146478 -0.0024571 0.99989 0.069872
0.998572 -0.0511273 0.0154681 42.6008 0.0510869 0.99869 0.00299372 1.8494 -0.0156009 -0.00219923 0.999876 0.0586007
0.998585 -0.0514384 0.0135149 43.5904 0.0514042 0.998674 0.00286361 1.90134 -0.0136442 -0.00216483 0.999905 0.0703618
0.998606 -0.0520251 0.00894321 44.563 0.0519795 0.998634 0.00525137 1.9656 -0.0092042 -0.00477919 0.999946 0.0594013
0.998591 -0.0525518 0.00735258 45.5404 0.0525001 0.998596 0.00704495 2.02401 -0.00771248 -0.00664902 0.999948 0.0666316
0.998554 -0.0528965 0.00963346 46.519 0.0528199 0.998572 0.00804276 2.07474 -0.0100451 -0.00752229 0.999921 0.0588743
0.998499 -0.0530845 0.0134513 47.4934 0.0530211 0.998581 0.00502355 2.12742 -0.0136989 -0.00430281 0.999897 0.063666
0.998477 -0.0532357 0.0144492 48.4636 0.0531721 0.998574 0.00474766 2.18249 -0.0146813 -0.00397214 0.999884 0.0597221
0.998472 -0.0534611 0.0139656 49.4273 0.0534563 0.99857 0.000720487 2.23252 -0.0139841 2.71621e-05 0.999902 0.0603998
0.998466 -0.0538397 0.0128995 50.396 0.0538781 0.998544 -0.00265068 2.27835 -0.012738 0.00334161 0.999913 0.0638183
0.998399 -0.0548845 0.0136776 51.3546 0.0549299 0.998486 -0.00296805 2.33536 -0.013494 0.00371461 0.999902 0.0584699
0.998304 -0.0555415 0.0174186 52.302 0.0556458 0.998435 -0.00556263 2.38871 -0.0170824 0.00652247 0.999833 0.0500707
0.998142 -0.0564775 0.0228554 53.271 0.0566762 0.998359 -0.00814169 2.43237 -0.0223581 0.00942193 0.999706 0.0529545
0.998044 -0.0571873 0.0252587 54.2239 0.0573998 0.998321 -0.00776828 2.49186 -0.024772 0.00920293 0.999651 0.0375676
0.998035 -0.0584089 0.0226717 55.1637 0.0586158 0.998244 -0.00856776 2.55585 -0.0221314 0.00987984 0.999706 0.031384
0.998078 -0.0598401 0.0160785 56.0922 0.0599688 0.998171 -0.0076458 2.61696 -0.0155916 0.00859532 0.999842 0.0272143
0.998107 -0.060562 0.0106979 57.0141 0.0606204 0.998147 -0.00522373 2.67484 -0.0103617 0.00586235 0.999929 0.0329506
0.99804 -0.061765 0.0100592 57.9279 0.0617533 0.99809 0.00147898 2.74806 -0.0101313 -0.000854893 0.999948 0.0244868
0.997976 -0.0624261 0.0121489 58.832 0.0623708 0.998041 0.00487378 2.81075 -0.0124294 -0.00410618 0.999914 0.0233805
0.997876 -0.0637007 0.0136342 59.7163 0.0636234 0.997956 0.00603131 2.86957 -0.0139905 -0.00515105 0.999889 0.0272725
0.997806 -0.0647993 0.0135661 60.5866 0.0647187 0.997884 0.00629599 2.93669 -0.0139453 -0.0054042 0.999888 0.0261026
0.9977 -0.0662854 0.0141852 61.4403 0.0661795 0.997777 0.00781144 2.99948 -0.0146714 -0.0068547 0.999869 0.0239329
0.997593 -0.067755 0.0147699 62.2892 0.0676469 0.99768 0.00769988 3.06405 -0.0152573 -0.00668221 0.999861 0.0235647
0.997488 -0.0692272 0.0149752 63.1204 0.069117 0.997578 0.00775542 3.1257 -0.0154758 -0.0067009 0.999858 0.0257045
0.997394 -0.0703529 0.0159952 63.9354 0.0702301 0.997498 0.00811711 3.18527 -0.0165263 -0.00697261 0.999839 0.0251183
0.997257 -0.071754 0.0181357 64.7399 0.0715572 0.997373 0.0112734 3.25313 -0.0188969 -0.00994472 0.999772 0.0238729
0.997098 -0.0729598 0.0217534 65.5394 0.0726595 0.997254 0.0142903 3.31311 -0.0227363 -0.0126682 0.999661 0.0145635
0.996918 -0.0746842 0.0240098 66.3152 0.0743624 0.997133 0.0140297 3.38073 -0.0249887 -0.0122011 0.999613 0.00666755
0.996875 -0.0761179 0.0211061 67.0722 0.0758025 0.997005 0.0153634 3.44496 -0.0222123 -0.0137155 0.999659 0.0179177
0.996912 -0.0772516 0.0141063 67.804 0.0770409 0.996916 0.0149096 3.50784 -0.0152146 -0.0137768 0.999789 0.0122945
0.996877 -0.0785372 0.00824289 68.5107 0.0784098 0.996812 0.0147851 3.56781 -0.00937778 -0.0140926 0.999857 0.0118941
0.996864 -0.0788844 0.00627382 69.2044 0.0787609 0.996732 0.0179485 3.62752 -0.00766917 -0.017398 0.999819 0.0103922
0.996786 -0.0796106 0.0089068 69.8923 0.0794131 0.996627 0.0206773 3.69296 -0.0105229 -0.0199035 0.999747 0.0107544
0.996662 -0.0808339 0.0114291 70.5486 0.0805998 0.996553 0.0196496 3.75213 -0.0129781 -0.0186629 0.999742 0.0117838
0.996614 -0.0816921 0.00931133 71.1729 0.0815392 0.996545 0.0157667 3.80072 -0.0105672 -0.0149541 0.999832 0.0204784
0.996653 -0.0815867 0.00503713 71.7911 0.081539 0.996629 0.0090473 3.8396 -0.00575829 -0.0086063 0.999946 0.02626
0.996732 -0.0807762 0.000832676 72.3969 0.0807712 0.996721 0.00491337 3.88402 -0.00122683 -0.00483006 0.999988 0.0360735
0.996979 -0.0776723 2.1698e-05 72.9805 0.0776698 0.996948 0.00787754 3.93776 -0.000633499 -0.00785206 0.999969 0.0462586
0.997283 -0.0736405 0.00205225 73.5493 0.0736078 0.997202 0.0130252 3.99251 -0.00300569 -0.0128387 0.999913 0.0412959
0.997604 -0.0690043 0.00489838 74.1141 0.0689394 0.997544 0.0123598 4.03057 -0.00573923 -0.0119925 0.999912 0.0413781
0.997935 -0.0635213 0.00951512 74.6552 0.0634336 0.997943 0.00925238 4.06394 -0.0100833 -0.00862969 0.999912 0.0491062
0.998364 -0.0555709 0.0134667 75.1835 0.0555105 0.998446 0.00481977 4.08447 -0.0137136 -0.00406434 0.999898 0.0574705
0.998871 -0.0453744 0.0140936 75.6952 0.0452755 0.998948 0.0072589 4.10982 -0.0144081 -0.00661261 0.999874 0.0720186
0.999431 -0.0306407 0.0141307 76.1897 0.0304754 0.999466 0.0117624 4.13186 -0.0144836 -0.011325 0.999831 0.0762848
0.999814 -0.0127227 0.0145016 76.6716 0.0124765 0.999779 0.0169428 4.14051 -0.0147139 -0.0167587 0.999751 0.069533
0.999844 0.00877535 0.0153542 77.1387 -0.0090247 0.999827 0.0162466 4.119 -0.015209 -0.0163826 0.99975 0.0586364
0.999257 0.0347509 0.0166432 77.5964 -0.0349683 0.999304 0.0129515 4.09374 -0.0161816 -0.0135238 0.999778 0.0613693
0.997788 0.063837 0.0185687 78.0434 -0.0640626 0.997876 0.0118232 4.04652 -0.0177745 -0.0129866 0.999758 0.0689809
0.995109 0.0965507 0.02089 78.4761 -0.0968026 0.995238 0.0114014 3.99772 -0.0196897 -0.0133678 0.999717 0.0695225
0.99083 0.133317 0.0219558 78.9055 -0.133589 0.990971 0.0114289 3.92264 -0.0202339 -0.0142571 0.999694 0.0699209
0.98444 0.174192 0.0231353 79.3155 -0.174493 0.984589 0.0116592 3.83722 -0.0207478 -0.0155147 0.999664 0.0685846
0.975433 0.219031 0.0235843 79.7094 -0.219343 0.97558 0.0115331 3.74069 -0.0204822 -0.0164228 0.999655 0.0661449
0.96328 0.267498 0.0231733 80.0925 -0.267843 0.963372 0.0132548 3.62837 -0.0187789 -0.0189749 0.999644 0.065678
0.947389 0.319329 0.0219924 80.4584 -0.319667 0.947427 0.0139787 3.49062 -0.0163723 -0.0202735 0.99966 0.0654313
0.927263 0.373814 0.0211079 80.8167 -0.374134 0.927269 0.0139634 3.32585 -0.014353 -0.020845 0.99968 0.0618118
0.902727 0.429734 0.0203209 81.1635 -0.430044 0.902692 0.0145003 3.14265 -0.0121122 -0.0218287 0.999688 0.059024
0.873619 0.486228 0.0192876 81.4844 -0.486517 0.873543 0.0149757 2.94084 -0.00956697 -0.0224668 0.999702 0.0468966
0.840178 0.54202 0.0177385 81.7954 -0.542258 0.840103 0.0135585 2.7051 -0.00755319 -0.0210104 0.999751 0.0522838
0.803377 0.595215 0.0174533 82.0811 -0.595437 0.803297 0.0129815 2.4581 -0.00629344 -0.0208214 0.999763 0.0592662
0.763453 0.64559 0.0187983 82.3593 -0.645826 0.763398 0.0115141 2.19339 -0.00691719 -0.020931 0.999757 0.0691977
0.720852 0.69276 0.0213621 82.6211 -0.693043 0.720817 0.0106849 1.91185 -0.00799608 -0.022507 0.999715 0.0693456
0.675908 0.736664 0.0217838 82.866 -0.736946 0.675885 0.00951844 1.60869 -0.00771142 -0.022487 0.999717 0.0624233
0.629384 0.776863 0.0189939 83.0799 -0.777075 0.629355 0.00818521 1.29306 -0.00559513 -0.0199113 0.999786 0.057359
0.582547 0.812647 0.0156396 83.285 -0.812783 0.582541 0.00535096 0.964692 -0.00476229 -0.0158288 0.999863 0.0725763
0.535831 0.844162 0.0166202 83.4707 -0.844316 0.535813 0.00586992 0.64031 -0.00395019 -0.017178 0.999845 0.0903314
0.488653 0.872261 0.0194797 83.6474 -0.872474 0.488595 0.00795407 0.302728 -0.00257967 -0.0208823 0.999779 0.0931054
0.442779 0.896412 0.0198119 83.8106 -0.896631 0.442672 0.00972894 -0.042161 -4.90667e-05 -0.0220718 0.999756 0.0901679
0.399997 0.916407 0.0141846 83.9526 -0.916514 0.399914 0.00841952 -0.401826 0.00204308 -0.0163682 0.999864 0.0603271
0.359224 0.933246 0.00308364 84.064 -0.933251 0.359221 0.00171183 -0.76807 0.000489854 -0.00349275 0.999994 0.0619108
0.322945 0.946417 -0.00118784 84.1785 -0.946413 0.322939 -0.00352997 -1.1312 -0.00295723 0.00226418 0.999993 0.0915041
0.289227 0.95726 0.000770279 84.289 -0.957259 0.289228 -0.001348 -1.49475 -0.00151317 -0.00034748 0.999999 0.13034
0.257668 0.966195 0.0086986 84.409 -0.96623 0.257631 0.00517817 -1.86828 0.0027621 -0.00973909 0.999949 0.141868
0.228831 0.973368 0.0138104 84.512 -0.973443 0.228704 0.0101986 -2.24973 0.00676853 -0.0157774 0.999853 0.127984
0.202689 0.97916 0.0127395 84.5961 -0.979201 0.202544 0.0118515 -2.63505 0.00902422 -0.0148767 0.999849 0.124821
0.178688 0.98389 0.00564941 84.6595 -0.983833 0.178602 0.0131663 -3.0484 0.0119452 -0.00791073 0.999897 0.120838
0.157699 0.987484 -0.00249889 84.7141 -0.987317 0.157718 0.0181408 -3.46388 0.0183079 -0.000393595 0.999832 0.129233
0.137963 0.990427 -0.00457158 84.7618 -0.990118 0.138035 0.0247395 -3.88987 0.0251337 0.00111326 0.999683 0.13603
0.120091 0.992763 -0.000499834 84.8185 -0.992416 0.120063 0.0263794 -4.33693 0.0262485 -0.00267189 0.999652 0.147274
0.104477 0.994523 0.00299549 84.8679 -0.994284 0.104384 0.0224137 -4.79472 0.0219782 -0.00532008 0.999744 0.156682
0.0900431 0.995934 0.00282364 84.9107 -0.995758 0.0899727 0.0192358 -5.26156 0.0189035 -0.00454371 0.999811 0.167364
0.0769007 0.997038 0.00104885 84.9421 -0.996899 0.0768723 0.01681 -5.74759 0.0166796 -0.0023383 0.999858 0.176166
0.065496 0.997847 -0.00343314 84.9571 -0.997725 0.0655423 0.0157762 -6.24655 0.0159672 0.00239206 0.99987 0.186455
0.0552629 0.998452 -0.0062273 84.9755 -0.998337 0.0553569 0.016099 -6.76091 0.0164188 0.00532727 0.999851 0.201482
0.0473099 0.998852 -0.00757034 84.9955 -0.998735 0.0474308 0.0166725 -7.28856 0.0170124 0.00677199 0.999832 0.211023
0.0413413 0.999102 -0.00926785 85.0312 -0.998996 0.0414937 0.0168987 -7.83068 0.0172681 0.00855993 0.999814 0.221706
0.0359845 0.999294 -0.0108014 85.0473 -0.999186 0.0361735 0.0178523 -8.39376 0.0182304 0.0101502 0.999782 0.234321
0.0300676 0.999488 -0.0109586 85.057 -0.999373 0.0302656 0.018377 -8.97471 0.0186993 0.0103992 0.999771 0.243546
0.0257316 0.999584 -0.0130104 85.068 -0.999491 0.0259704 0.0185327 -9.57657 0.0188629 0.0125269 0.999744 0.252216
0.0227864 0.999641 -0.0141052 85.0918 -0.999567 0.0230428 0.0182878 -10.2013 0.0186063 0.0136823 0.999733 0.267164
0.0197503 0.999708 -0.0139435 85.1023 -0.999641 0.0199981 0.0178595 -10.8392 0.0181332 0.0135857 0.999743 0.282916
0.0170941 0.999734 -0.0154481 85.1075 -0.99969 0.0173693 0.0178575 -11.4946 0.018121 0.015138 0.999721 0.2918
0.0162182 0.999683 -0.0192776 85.1186 -0.999715 0.0165505 0.0172028 -12.1755 0.0175164 0.0189931 0.999666 0.305775
0.0168446 0.999595 -0.02294 85.1264 -0.999709 0.0172344 0.0169038 -12.8715 0.0172924 0.0226485 0.999594 0.320427
0.0194009 0.999498 -0.0250445 85.1388 -0.999664 0.0198226 0.0167004 -13.5831 0.0171885 0.0247121 0.999547 0.335737
0.0232844 0.999384 -0.0262459 85.1564 -0.99958 0.0237254 0.016617 -14.3171 0.0172295 0.025848 0.999517 0.348892
0.0274697 0.999248 -0.0273786 85.1791 -0.999478 0.0279207 0.016229 -15.054 0.0169813 0.0269185 0.999493 0.365528
0.0310881 0.999106 -0.0286629 85.2076 -0.999394 0.031521 0.0147781 -15.8252 0.0156683 0.0281861 0.99948 0.378303
0.0354271 0.998971 -0.0283368 85.2441 -0.999271 0.0358139 0.0132601 -16.6025 0.0142613 0.0278463 0.99951 0.396804
0.0395305 0.998882 -0.02592 85.2804 -0.999141 0.0398378 0.0114508 -17.4109 0.0124706 0.0254451 0.999598 0.408021
0.0434715 0.998749 -0.0247005 85.3213 -0.998991 0.0437343 0.0101996 -18.1976 0.0112671 0.0242322 0.999643 0.419968
0.0476516 0.998612 -0.0224521 85.3644 -0.998795 0.0479013 0.0107208 -18.9991 0.0117814 0.0219142 0.99969 0.438385
0.0510447 0.998458 -0.0218068 85.4104 -0.998582 0.0513572 0.0140148 -19.8111 0.0151131 0.0210605 0.999664 0.460597
0.0524617 0.998455 -0.0183122 85.4671 -0.99842 0.0528116 0.0191732 -20.6258 0.0201106 0.0172774 0.999648 0.476632
0.0525904 0.998517 -0.0141 85.518 -0.99835 0.052897 0.0223329 -21.4419 0.0230456 0.0129023 0.999651 0.499134
0.0527722 0.998543 -0.0113089 85.5814 -0.998352 0.0530111 0.0219785 -22.2662 0.022546 0.0101305 0.999694 0.520185
0.0531951 0.998549 -0.00835499 85.6302 -0.998369 0.0533556 0.0203298 -23.0952 0.0207461 0.00725992 0.999758 0.547574
0.0528935 0.998561 -0.00883841 85.6772 -0.998408 0.0530549 0.0191512 -23.9155 0.0195926 0.00781136 0.999778 0.568637
0.0530083 0.998569 -0.00700534 85.7323 -0.998417 0.0531299 0.0184852 -24.7387 0.0188309 0.00601438 0.999805 0.594502
0.0532062 0.998571 -0.00511384 85.7777 -0.998407 0.0532925 0.01854 -25.5616 0.018786 0.00411925 0.999815 0.619422
0.0530973 0.998585 -0.00310408 85.8344 -0.998408 0.0531467 0.0188957 -26.3847 0.0190339 0.00209583 0.999817 0.64334
0.0524729 0.998622 0.000382228 85.8941 -0.998426 0.052455 0.0198306 -27.1948 0.0197832 -0.00142219 0.999803 0.67129
0.0501848 0.998735 0.00305718 85.9477 -0.998552 0.0501158 0.0195414 -28.0184 0.0193635 -0.00403343 0.999804 0.695332
0.0462572 0.998913 0.00569221 85.9976 -0.998769 0.0461469 0.0181861 -28.825 0.0179037 -0.00652644 0.999818 0.717739
0.0414773 0.999115 0.00705085 86.042 -0.999018 0.0413611 0.0159008 -29.647 0.0155951 -0.00770344 0.999849 0.740832
0.0355077 0.999318 0.0101124 86.084 -0.999278 0.0353659 0.0138751 -30.4671 0.013508 -0.0105978 0.999853 0.766597
0.0279338 0.999566 0.00933584 86.1167 -0.99952 0.0278049 0.0136674 -31.2878 0.0134019 -0.00971314 0.999863 0.789813
0.0191031 0.999756 0.0111223 86.1398 -0.999715 0.0189403 0.0145562 -32.0968 0.014342 -0.0113972 0.999832 0.809701
0.00890148 0.999908 0.0102252 86.1529 -0.999856 0.00875205 0.0145677 -32.9041 0.0144769 -0.0103534 0.999842 0.828837
-0.00130355 0.999951 0.00979162 86.1547 -0.999903 -0.00143945 0.0138852 -33.7016 0.0138986 -0.00977257 0.999856 0.84844
-0.0120842 0.999865 0.0111476 86.1448 -0.999845 -0.012225 0.0126547 -34.5139 0.0127893 -0.010993 0.999858 0.872093
-0.0230342 0.999669 0.0114226 86.1295 -0.999659 -0.0231713 0.0120242 -35.3086 0.0122849 -0.0111418 0.999862 0.890983
-0.0341127 0.999364 0.0104079 86.11 -0.999339 -0.0342392 0.0122275 -36.0999 0.0125761 -0.00998393 0.999871 0.917658
-0.0448014 0.998947 0.00987294 86.0745 -0.998912 -0.0449238 0.0125495 -36.8757 0.0129798 -0.00929996 0.999873 0.937614
-0.055788 0.998389 0.0103901 86.0361 -0.998345 -0.0559253 0.0134196 -37.6535 0.013979 -0.00962422 0.999856 0.960362
-0.0660019 0.997776 0.00937304 85.9869 -0.997711 -0.0661305 0.0141409 -38.4273 0.0147293 -0.00841825 0.999856 0.97621
-0.0756989 0.997092 0.00876481 85.9345 -0.997013 -0.0758219 0.0146805 -39.1845 0.0153024 -0.00762734 0.999854 0.998862
-0.0852324 0.996312 0.00986939 85.8745 -0.99624 -0.085372 0.0147135 -39.9418 0.0155019 -0.00857821 0.999843 1.02267
-0.0946634 0.995463 0.00961469 85.8103 -0.995386 -0.0947994 0.0148491 -40.6902 0.0156932 -0.00816466 0.999844 1.04561
-0.103031 0.994644 0.0082723 85.7322 -0.994562 -0.103142 0.0143951 -41.4289 0.0151712 -0.00674418 0.999862 1.0656
-0.110329 0.99387 0.00710158 85.6411 -0.993799 -0.110415 0.013124 -42.1738 0.0138276 -0.00560958 0.999889 1.08579
-0.115418 0.993299 0.00596496 85.5608 -0.993243 -0.115481 0.0115414 -42.8898 0.0121529 -0.00459258 0.999916 1.10706
-0.119488 0.992833 0.00241103 85.4704 -0.992784 -0.119507 0.00987924 -43.6128 0.0100966 -0.00121317 0.999948 1.12683
-0.122307 0.992492 0.000439485 85.386 -0.992455 -0.122306 0.00861743 -44.3144 0.00860649 0.000617804 0.999963 1.14816
-0.124119 0.992267 -0.000945173 85.3024 -0.992236 -0.124108 0.00805382 -44.9948 0.00787424 0.00193747 0.999967 1.16498
-0.124735 0.992189 -0.00135651 85.2135 -0.992157 -0.124719 0.00838096 -45.6712 0.00814632 0.00239127 0.999964 1.17602
-0.123713 0.992316 -0.00213951 85.1237 -0.992278 -0.123689 0.0092296 -46.3372 0.00889404 0.00326481 0.999955 1.19119
-0.120751 0.992682 -0.00148606 85.0494 -0.99263 -0.120729 0.0105042 -46.9886 0.0102479 0.0027435 0.999944 1.21304
-0.115972 0.99325 -0.00237592 84.9756 -0.993192 -0.115938 0.0113355 -47.6173 0.0109835 0.00367435 0.999933 1.22298
-0.107784 0.994174 -0.000858703 84.9092 -0.994106 -0.107767 0.0118352 -48.2182 0.0116737 0.00212929 0.99993 1.24023
-0.09641 0.995342 0.000672995 84.86 -0.995271 -0.0964112 0.0118773 -48.8057 0.0118869 0.00047528 0.999929 1.25675
-0.0830061 0.996549 0.0010084 84.8172 -0.996474 -0.0830122 0.0121642 -49.3822 0.0122059 4.85312e-06 0.999925 1.27613
-0.0656018 0.997845 0.00126012 84.7861 -0.997755 -0.0656128 0.0134409 -49.932 0.0134946 -0.000375543 0.999909 1.29208
-0.044719 0.998999 0.00142618 84.7805 -0.998868 -0.0447363 0.0161925 -50.4772 0.01624 -0.000700457 0.999868 1.30775
-0.0202856 0.99979 0.00284612 84.7837 -0.999611 -0.0203363 0.0191052 -51.0229 0.0191591 -0.00245745 0.999813 1.32494
0.00767928 0.999961 0.00439607 84.8051 -0.999751 0.00758535 0.020998 -51.5578 0.0209639 -0.00455622 0.99977 1.34346
0.0406869 0.999155 0.00581804 84.845 -0.998948 0.0405537 0.0214233 -52.0962 0.0211693 -0.00668356 0.999754 1.35466
0.0783894 0.996907 0.00559992 84.9116 -0.996728 0.0782617 0.0202157 -52.6352 0.0197149 -0.0071663 0.99978 1.35843
0.120064 0.992744 0.00661056 85.0064 -0.992638 0.119939 0.0168594 -53.1643 0.0159442 -0.00858609 0.999836 1.37624
0.164988 0.986262 0.00816822 85.1297 -0.986226 0.164873 0.0132114 -53.6768 0.0116832 -0.0102354 0.999879 1.38259
0.213245 0.976922 0.0122202 85.276 -0.976974 0.213133 0.00983212 -54.1848 0.0070007 -0.0140354 0.999877 1.399
0.264557 0.964256 0.0148539 85.4428 -0.964361 0.264455 0.00846739 -54.6872 0.00423654 -0.0165646 0.999854 1.41457
0.31882 0.947693 0.0152053 85.6448 -0.94781 0.318724 0.0083994 -55.1591 0.00311375 -0.0170897 0.999849 1.41595
0.376662 0.926267 0.0124518 85.8649 -0.926344 0.376574 0.00883608 -55.6151 0.00349555 -0.0148628 0.999883 1.43357
0.43653 0.899646 0.00885214 86.1137 -0.899665 0.436424 0.0116906 -56.0507 0.0066541 -0.0130672 0.999892 1.44997
0.496259 0.868167 0.00370488 86.3836 -0.868101 0.496156 0.0151619 -56.4598 0.0113248 -0.0107404 0.999878 1.46419
0.554923 0.831894 0.0036271 86.6885 -0.83178 0.554763 0.0195013 -56.8399 0.0142109 -0.0138387 0.999803 1.4756
0.611356 0.791352 0.00259768 87.0122 -0.791185 0.611152 0.0227741 -57.1901 0.0164347 -0.0159783 0.999737 1.47514
0.665186 0.746678 0.000233122 87.3517 -0.746457 0.664982 0.024511 -57.5324 0.0181468 -0.0164784 0.9997 1.47655
0.715006 0.699117 -0.00148141 87.707 -0.698897 0.714831 0.0236615 -57.8373 0.0176012 -0.0158828 0.999719 1.48051
0.761112 0.648618 0.00162311 88.088 -0.648506 0.760928 0.0207202 -58.1254 0.0122044 -0.016823 0.999784 1.49746
0.80352 0.595257 0.00490115 88.4899 -0.595247 0.803369 0.0167147 -58.3797 0.00601213 -0.016348 0.999848 1.49485
0.841073 0.54083 0.0099864 88.899 -0.540921 0.840957 0.0139961 -58.6095 -0.000828608 -0.0171736 0.999852 1.51045
0.873237 0.487068 0.0148641 89.3097 -0.487238 0.873196 0.0113461 -58.8086 -0.00745298 -0.0171502 0.999825 1.50669
0.899737 0.435939 0.0207524 89.7454 -0.4362 0.899792 0.0101586 -58.9818 -0.0142443 -0.0181923 0.999733 1.52462
0.920712 0.389464 0.0246207 90.1621 -0.38982 0.920818 0.0116311 -59.1415 -0.0181413 -0.0203065 0.999629 1.53972
0.936746 0.348837 0.0286269 90.6115 -0.349371 0.936843 0.0162728 -59.2699 -0.0211424 -0.0252449 0.999458 1.53387
0.949186 0.313458 0.0281199 91.0602 -0.314062 0.949183 0.0204289 -59.3882 -0.0202873 -0.0282222 0.999396 1.52845
0.958949 0.282328 0.0265867 91.512 -0.282944 0.958856 0.0231796 -59.4984 -0.0189486 -0.0297506 0.999378 1.49166
0.965199 0.260332 0.0248604 91.9686 -0.260828 0.965191 0.0193506 -59.619 -0.0189575 -0.0251614 0.999504 1.48318
0.969258 0.244844 0.0242829 92.4501 -0.245267 0.96932 0.0162448 -59.7343 -0.0195605 -0.0217012 0.999573 1.4827
0.972322 0.232306 0.0249985 92.9432 -0.232814 0.972319 0.0198071 -59.831 -0.0197052 -0.0250789 0.999491 1.48844
0.974558 0.222557 0.0265659 93.4349 -0.223207 0.974459 0.0246713 -59.9278 -0.0203966 -0.0299733 0.999343 1.47754
0.975993 0.216184 0.0265063 93.9433 -0.216963 0.97568 0.0312373 -60.0228 -0.0191087 -0.0362383 0.99916 1.47171
0.976673 0.213393 0.0239363 94.4592 -0.214175 0.976091 0.0370795 -60.1175 -0.0154515 -0.0413411 0.999026 1.46312
0.976816 0.213007 0.0214025 94.9947 -0.213707 0.976124 0.0388668 -60.2207 -0.0126126 -0.0425396 0.999015 1.45387
0.976297 0.215732 0.017409 95.538 -0.216236 0.975684 0.0358211 -60.3437 -0.00925794 -0.0387365 0.999207 1.44813
0.975426 0.220078 0.0104901 96.1041 -0.220309 0.974848 0.033702 -60.4727 -0.00280924 -0.0351848 0.999377 1.45215
0.974444 0.224521 0.00702875 96.672 -0.224627 0.973757 0.0366081 -60.5932 0.00137501 -0.0372514 0.999305 1.44842
0.973374 0.229049 0.00896552 97.2496 -0.229222 0.972442 0.0425896 -60.7085 0.00103666 -0.0435107 0.999052 1.45348
0.972035 0.234429 0.0138437 97.8611 -0.234821 0.970976 0.0454355 -60.8429 -0.00279052 -0.0474156 0.998871 1.44632
0.970852 0.239038 0.0175463 98.4742 -0.239589 0.969906 0.0433458 -60.9939 -0.00665693 -0.0462862 0.998906 1.44134
0.969784 0.242926 0.0224868 99.0811 -0.243661 0.969053 0.0395795 -61.1502 -0.0121759 -0.0438627 0.998963 1.43703
0.968842 0.246211 0.0269143 99.7174 -0.247102 0.968271 0.0373066 -61.316 -0.016875 -0.0427948 0.998941 1.42923
0.968144 0.249025 0.0261639 100.354 -0.249792 0.967774 0.0319037 -61.4891 -0.0173759 -0.0374229 0.999148 1.42123
0.968018 0.249887 0.0223193 100.997 -0.250454 0.967728 0.0278489 -61.6574 -0.0146399 -0.0325482 0.999363 1.40907
0.968254 0.249527 0.0148406 101.656 -0.249844 0.967937 0.0260155 -61.8349 -0.0078732 -0.0288975 0.999551 1.41276
0.968511 0.248805 0.00909296 102.323 -0.248968 0.968038 0.0302863 -61.9952 -0.00126695 -0.0315965 0.9995 1.406
0.969204 0.24617 0.00657691 103.004 -0.246249 0.968594 0.0344646 -62.1613 0.0021138 -0.0350228 0.999384 1.40894
0.969824 0.243559 0.0109423 103.699 -0.2438 0.969124 0.0368834 -62.335 -0.00162116 -0.0384382 0.99926 1.39885
0.970112 0.241998 0.017871 104.413 -0.242486 0.96956 0.0339759 -62.5155 -0.00910487 -0.0372939 0.999263 1.39805
0.970731 0.239056 0.0230896 105.131 -0.239714 0.970317 0.0319666 -62.6919 -0.0147624 -0.0365659 0.999222 1.39641
0.971123 0.237465 0.0230345 105.864 -0.238147 0.970643 0.0337296 -62.8587 -0.0143487 -0.0382412 0.999166 1.39911
0.971703 0.235358 0.0200058 106.609 -0.235989 0.970956 0.039412 -63.0241 -0.0101488 -0.0430179 0.999023 1.39144
0.972559 0.232161 0.015175 107.356 -0.232603 0.971669 0.0418988 -63.1921 -0.00501783 -0.0442788 0.999007 1.38947
0.973534 0.228231 0.0119409 108.121 -0.228532 0.972671 0.0410351 -63.368 -0.00224908 -0.042678 0.999086 1.38764
0.974422 0.22437 0.012617 108.905 -0.224699 0.973629 0.0394601 -63.549 -0.00343058 -0.0412858 0.999142 1.38286
0.975223 0.220811 0.0135128 109.707 -0.22116 0.974585 0.0356646 -63.7312 -0.00529425 -0.0377695 0.999272 1.3838
0.975675 0.218661 0.015645 110.5 -0.219086 0.975091 0.0346225 -63.9136 -0.00768474 -0.0372079 0.999278 1.38686
0.975928 0.217417 0.017179 111.312 -0.217863 0.975491 0.0308727 -64.0953 -0.0100457 -0.0338722 0.999376 1.3785
0.976009 0.217029 0.0174854 112.12 -0.217435 0.975721 0.0262642 -64.2794 -0.0113608 -0.0294361 0.999502 1.38315
0.976112 0.216421 0.019165 112.928 -0.216882 0.975835 0.0266148 -64.4529 -0.0129419 -0.0301355 0.999462 1.37629
0.976032 0.216851 0.0183757 113.744 -0.21732 0.975661 0.0292694 -64.6256 -0.0115813 -0.0325613 0.999403 1.37823
0.975942 0.217401 0.0165301 114.559 -0.217856 0.975379 0.0342737 -64.7911 -0.008672 -0.0370503 0.999276 1.37403
0.975786 0.218055 0.017133 115.405 -0.218609 0.974831 0.0437462 -64.9646 -0.00716271 -0.0464324 0.998896 1.373
0.975104 0.220876 0.0196251 116.232 -0.221603 0.973831 0.0504539 -65.1323 -0.00796743 -0.0535468 0.998534 1.37816
0.974447 0.22359 0.0214639 117.073 -0.224432 0.973072 0.0525478 -65.3102 -0.00913681 -0.0560222 0.998388 1.36699
0.973857 0.226213 0.0207486 117.919 -0.227017 0.972436 0.0532169 -65.5044 -0.0081383 -0.0565359 0.998367 1.36647
0.973448 0.228156 0.0185491 118.762 -0.228823 0.972108 0.0514328 -65.6929 -0.00629699 -0.0543116 0.998504 1.36353
0.973102 0.229738 0.0171207 119.603 -0.23029 0.97207 0.0452404 -65.9004 -0.00624909 -0.0479663 0.998829 1.36429
0.973072 0.229982 0.0154516 120.436 -0.230426 0.972274 0.0398297 -66.1081 -0.00586313 -0.0423176 0.999087 1.37297
0.972796 0.231176 0.0150513 121.28 -0.23159 0.972081 0.0377488 -66.3051 -0.00590446 -0.0402076 0.999174 1.39005
0.972438 0.232437 0.0183419 122.125 -0.233006 0.971643 0.0402295 -66.5011 -0.00847094 -0.0433945 0.999022 1.38845
0.972045 0.233511 0.024502 122.967 -0.234382 0.971218 0.0424362 -66.6906 -0.0138875 -0.0469927 0.998799 1.38386
0.971756 0.234201 0.0289758 123.812 -0.23531 0.970929 0.0438777 -66.8856 -0.0178573 -0.0494567 0.998617 1.37035
0.971587 0.235635 0.0222523 124.626 -0.236409 0.97069 0.0432672 -67.0809 -0.0114048 -0.0472985 0.998816 1.35208
0.971668 0.23626 0.0064974 125.436 -0.236329 0.970855 0.0398731 -67.2845 0.0031124 -0.040279 0.999184 1.34823
0.971739 0.236057 -0.00108436 126.248 -0.235849 0.971056 0.0377693 -67.4846 0.00996868 -0.0364461 0.999286 1.38656
0.971945 0.235075 0.00787792 127.079 -0.235205 0.971251 0.0367452 -67.6835 0.000986439 -0.0375673 0.999294 1.40047
0.971944 0.233739 0.0262879 127.937 -0.234502 0.971618 0.0311038 -67.8834 -0.0182717 -0.0363957 0.99917 1.39394
0.971825 0.232395 0.0393537 128.771 -0.233411 0.972094 0.0235155 -68.0898 -0.0327906 -0.0320386 0.998949 1.38136
0.972249 0.231378 0.0345746 129.577 -0.232265 0.97235 0.0242743 -68.2802 -0.028002 -0.0316311 0.999107 1.37261
0.972829 0.230566 0.0210421 130.382 -0.231165 0.97236 0.0328383 -68.4494 -0.0128891 -0.0368103 0.999239 1.37661
0.973241 0.2294 0.0133352 131.185 -0.229742 0.972563 0.0366124 -68.6379 -0.00457041 -0.0386963 0.999241 1.35431
0.973659 0.227697 0.0119308 131.997 -0.227979 0.973055 0.0344927 -68.8263 -0.00375544 -0.0363041 0.999334 1.35934
0.974259 0.225031 0.0134556 132.811 -0.225359 0.973732 0.0325599 -69.0104 -0.00577514 -0.0347541 0.999379 1.37398
0.975125 0.221318 0.0122327 133.619 -0.2216 0.974634 0.0313378 -69.1868 -0.00498672 -0.0332691 0.999434 1.38061
0.976147 0.216829 0.0110895 134.429 -0.217078 0.975627 0.0320908 -69.3595 -0.00386097 -0.0337327 0.999423 1.38103
0.976879 0.213473 0.0116935 135.233 -0.213766 0.976169 0.0373956 -69.5256 -0.00343188 -0.0390306 0.999232 1.39553
0.977355 0.211228 0.0126336 136.028 -0.21158 0.976425 0.0427503 -69.6811 -0.00330573 -0.0444552 0.999006 1.39556
0.977655 0.209669 0.0151464 136.838 -0.210148 0.976625 0.04519 -69.8474 -0.00531737 -0.0473633 0.998864 1.39945
0.977919 0.208118 0.0190063 137.642 -0.208782 0.976923 0.0450707 -70.0205 -0.00918765 -0.0480436 0.998803 1.38738
0.978206 0.206764 0.0190308 138.434 -0.207412 0.9773 0.0431728 -70.1881 -0.00967227 -0.0461791 0.998886 1.39393
0.978754 0.204437 0.015701 139.237 -0.20492 0.97792 0.0409949 -70.3531 -0.00697351 -0.0433414 0.999036 1.4041
0.979674 0.200265 0.0115183 140.037 -0.200563 0.978942 0.038049 -70.5154 -0.00365587 -0.0395857 0.999209 1.4088
0.980959 0.193977 0.00963806 140.835 -0.194198 0.980341 0.0349044 -70.6716 -0.00267794 -0.0361114 0.999344 1.41059
0.982214 0.187252 0.0138526 141.626 -0.187638 0.98158 0.0359645 -70.8284 -0.00686297 -0.0379241 0.999257 1.4018
0.983204 0.18128 0.0211775 142.425 -0.181911 0.982758 0.0331041 -70.9716 -0.0148113 -0.0364005 0.999228 1.39731
0.983756 0.176927 0.0303427 143.223 -0.177881 0.983521 0.0323171 -71.1192 -0.0241249 -0.0371896 0.999017 1.39985
0.984382 0.172674 0.0342991 144.021 -0.173842 0.984165 0.0346054 -71.247 -0.0277806 -0.0400276 0.998812 1.39729
0.985266 0.168339 0.0302213 144.827 -0.169374 0.984902 0.0357755 -71.3749 -0.0237426 -0.0403671 0.998903 1.38655
0.986623 0.161753 0.0202804 145.639 -0.162373 0.986144 0.0339745 -71.4895 -0.0145039 -0.036813 0.999217 1.38789
0.987775 0.155263 0.0139178 146.426 -0.155645 0.987271 0.0327367 -71.623 -0.00865789 -0.0345028 0.999367 1.3724
0.988793 0.148611 0.014285 147.25 -0.14902 0.988248 0.0340368 -71.7462 -0.00905891 -0.0357841 0.999318 1.37111
0.989879 0.140771 0.0179596 148.059 -0.141394 0.989137 0.0401841 -71.8467 -0.0121078 -0.0423168 0.999031 1.36594
0.99099 0.132843 0.0170511 148.883 -0.133474 0.990088 0.043703 -71.9362 -0.0110765 -0.0455851 0.998899 1.36707
0.992325 0.123058 0.012193 149.7 -0.123496 0.991264 0.0463133 -72.0241 -0.00638724 -0.0474636 0.998853 1.36276
0.993363 0.114649 0.00920986 150.519 -0.11495 0.992341 0.0452374 -72.1202 -0.0039529 -0.0459959 0.998934 1.36205
0.99423 0.106691 0.0110987 151.342 -0.107094 0.993168 0.0463497 -72.2038 -0.00607774 -0.0472709 0.998864 1.36718
0.99497 0.098685 0.017219 152.178 -0.0994151 0.993861 0.0485399 -72.2716 -0.0123231 -0.0500076 0.998673 1.35313
0.995655 0.0901787 0.023224 153.02 -0.091263 0.994527 0.0508629 -72.3343 -0.0185101 -0.0527614 0.998436 1.35261
0.996272 0.0822536 0.025998 153.844 -0.0834959 0.995203 0.0509935 -72.4046 -0.0216788 -0.0529742 0.998361 1.34274
0.996728 0.0757743 0.0281285 154.669 -0.0771298 0.99573 0.0507194 -72.4629 -0.0241652 -0.052723 0.998317 1.3364
0.997086 0.0713821 0.0269045 155.49 -0.0726539 0.996118 0.0497047 -72.5192 -0.023252 -0.0515146 0.998402 1.32813
0.997499 0.0670576 0.022347 156.321 -0.068182 0.996207 0.0540629 -72.5615 -0.0186369 -0.0554513 0.998287 1.33226
0.997871 0.0632021 0.0160924 157.137 -0.0640513 0.996184 0.0592845 -72.5983 -0.0122841 -0.060189 0.998111 1.32442
0.99809 0.0603391 0.0132268 157.952 -0.0610446 0.996223 0.0617539 -72.6421 -0.00945069 -0.0624434 0.998004 1.30971
0.998198 0.0571046 0.0184451 158.788 -0.0581689 0.996284 0.0635235 -72.6787 -0.014749 -0.0644819 0.99781 1.30432
0.998155 0.0541773 0.0274283 159.627 -0.0558885 0.996251 0.0660335 -72.7164 -0.0237479 -0.0674446 0.99744 1.2859
0.99809 0.0504304 0.0356918 160.471 -0.0527353 0.996366 0.0668904 -72.7559 -0.0321887 -0.0686448 0.997122 1.27705
0.998414 0.0460923 0.0323388 161.279 -0.0479954 0.996997 0.0607742 -72.8001 -0.0294405 -0.0622299 0.997628 1.25195
0.998876 0.0415444 0.0228079 162.093 -0.04264 0.997846 0.0498593 -72.8452 -0.0206874 -0.0507758 0.998496 1.25438
0.999242 0.034842 0.0173363 162.913 -0.0356311 0.998235 0.0475033 -72.8727 -0.0156506 -0.048085 0.998721 1.24476
0.99945 0.0276495 0.0183016 163.741 -0.0286343 0.998024 0.0559351 -72.8901 -0.0167189 -0.0564284 0.998267 1.23557
0.999541 0.0195686 0.0231303 164.581 -0.0207849 0.998348 0.0535721 -72.8993 -0.0220437 -0.0540283 0.998296 1.21035
0.999559 0.0125212 0.0269218 165.426 -0.013816 0.998729 0.0484617 -72.9173 -0.0262808 -0.0488123 0.998462 1.21006
0.999518 0.00649959 0.030348 166.265 -0.00774617 0.999123 0.0411408 -72.9284 -0.030054 -0.0413561 0.998692 1.18076
0.999531 0.000584587 0.0306303 167.105 -0.00160296 0.999446 0.0332334 -72.9337 -0.0305939 -0.0332669 0.998978 1.18
0.999668 -0.0057063 0.025109 167.944 0.00502546 0.99962 0.0270955 -72.9373 -0.0252541 -0.0269603 0.999317 1.18723
0.999805 -0.0126738 0.0151707 168.768 0.012398 0.999759 0.0181429 -72.929 -0.0153969 -0.0179513 0.99972 1.1669
0.99976 -0.0190518 0.0108439 169.61 0.0188793 0.999697 0.0157967 -72.9389 -0.0111415 -0.0155881 0.999816 1.15577
0.999519 -0.0259096 0.0170297 170.464 0.0255348 0.999435 0.0218717 -72.9028 -0.0175867 -0.0214263 0.999616 1.1413
0.999096 -0.0312562 0.0288164 171.306 0.0303758 0.999073 0.0305008 -72.8599 -0.029743 -0.0295979 0.999119 1.12154
0.998675 -0.0359214 0.0368458 172.171 0.0346568 0.998807 0.0344048 -72.8196 -0.0380377 -0.0330823 0.998729 1.1119
0.998624 -0.039148 0.0349001 173.002 0.0381148 0.998829 0.029794 -72.7781 -0.0360257 -0.0284228 0.998947 1.08831
0.998821 -0.041402 0.025336 173.854 0.0406613 0.99875 0.0290827 -72.7406 -0.0265084 -0.0280182 0.999256 1.09411
0.998902 -0.0440876 0.0158571 174.689 0.0434479 0.998308 0.0386456 -72.6762 -0.0175341 -0.0379142 0.999127 1.07876
0.998861 -0.0461988 0.0118959 175.547 0.0456926 0.998163 0.0397891 -72.6305 -0.0137123 -0.0392002 0.999137 1.05933
0.998724 -0.0479675 0.0158023 176.397 0.0473877 0.998255 0.0352226 -72.5956 -0.0174642 -0.0344288 0.999255 1.04486
0.99854 -0.0484051 0.023984 177.257 0.0475329 0.998232 0.0356892 -72.5492 -0.0256692 -0.0344971 0.999075 1.02495
0.998364 -0.0488851 0.0296734 178.115 0.04775 0.998143 0.0378275 -72.5035 -0.0314674 -0.0363487 0.998844 1.00485
0.998288 -0.0504581 0.029565 178.977 0.0494121 0.998161 0.0351038 -72.4563 -0.0312819 -0.0335828 0.998946 0.995021
0.998411 -0.0520495 0.021611 179.815 0.0514231 0.998267 0.0285951 -72.413 -0.0230619 -0.0274384 0.999357 0.983854
0.998482 -0.053964 0.0109896 180.659 0.05374 0.99836 0.0197452 -72.3848 -0.0120371 -0.0191247 0.999745 0.97749
0.998427 -0.0556104 0.00708362 181.506 0.0555242 0.998387 0.0118417 -72.3476 -0.00773071 -0.0114297 0.999905 0.971873
0.998332 -0.0567618 0.0105715 182.37 0.0565503 0.998213 0.0193348 -72.2866 -0.0116501 -0.0187047 0.999757 0.963043
0.998121 -0.05808 0.0195021 183.228 0.0575848 0.998026 0.0250605 -72.2275 -0.0209191 -0.0238904 0.999496 0.943624
0.997934 -0.0595078 0.0241991 184.076 0.0589332 0.997978 0.023804 -72.1749 -0.0255667 -0.0223287 0.999424 0.943172
0.99795 -0.0602631 0.0215322 184.92 0.0598201 0.997995 0.0206581 -72.1214 -0.022734 -0.0193277 0.999555 0.944665
0.998078 -0.0599708 0.0155929 185.758 0.0596224 0.99798 0.0219254 -72.0652 -0.0168763 -0.0209536 0.999638 0.944824
0.998069 -0.0603809 0.0145634 186.6 0.0599206 0.997746 0.0302079 -71.9965 -0.0163546 -0.0292769 0.999438 0.932284
0.998009 -0.0607911 0.0167854 187.441 0.060187 0.997594 0.0344088 -71.938 -0.0188367 -0.0333301 0.999267 0.920695
0.997905 -0.0617055 0.019465 188.281 0.0608873 0.997337 0.0401493 -71.8723 -0.0218906 -0.03888 0.999004 0.907668
0.997831 -0.062044 0.0220053 189.117 0.0610242 0.997151 0.0443276 -71.8168 -0.0246929 -0.0428886 0.998775 0.893352
0.997803 -0.0625262 0.021887 189.944 0.061536 0.997164 0.0433185 -71.7548 -0.0245334 -0.0418765 0.998822 0.888381
0.997841 -0.0629591 0.0187172 190.772 0.0621201 0.997165 0.0424577 -71.7032 -0.0213373 -0.0412033 0.998923 0.885271
0.997862 -0.0638989 0.0137569 191.592 0.0632463 0.997047 0.0435511 -71.6448 -0.0164991 -0.0425879 0.998957 0.884184
0.997771 -0.0652706 0.013914 192.402 0.0645422 0.99678 0.0475863 -71.5869 -0.0169752 -0.0465821 0.99877 0.879694
0.997485 -0.0672789 0.0222904 193.223 0.0661097 0.996579 0.0495887 -71.5269 -0.0255504 -0.0479903 0.998521 0.856022
0.997113 -0.0690491 0.0316002 194.017 0.0675596 0.996654 0.0459974 -71.473 -0.0346705 -0.0437297 0.998442 0.85081
0.997005 -0.0696704 0.0335692 194.779 0.0684524 0.996999 0.0361635 -71.4396 -0.035988 -0.0337573 0.998782 0.835004
0.997141 -0.0701441 0.0281057 195.535 0.0692269 0.997075 0.0323774 -71.3808 -0.0302946 -0.0303391 0.99908 0.83972
0.997327 -0.069411 0.022822 196.273 0.0686536 0.997113 0.0324486 -71.3255 -0.0250084 -0.0307951 0.999213 0.822605
0.997485 -0.0686342 0.0177009 196.985 0.0680167 0.997125 0.033401 -71.2699 -0.0199425 -0.0321131 0.999285 0.827729
