0.480565 -0.87665 0.0232865 0.687383 0.876925 0.48061 -0.00401009 0.55236 -0.0076763 0.0223477 0.999721 0
0.476082 -0.8792 0.0188155 1.13627 0.879382 0.476104 -0.00357438 1.22559 -0.00581554 0.0182477 0.999817 0
0.475591 -0.879468 0.0186871 1.48856 0.879661 0.475556 -0.0065287 1.89372 -0.00314498 0.0195433 0.999804 0
0.473667 -0.880614 0.0125916 1.97738 0.880703 0.473641 -0.00516193 2.79995 -0.00141825 0.0135345 0.999907 0
0.471505 -0.881831 0.00761883 2.4722 0.881864 0.471491 -0.00359452 3.71599 -0.000422454 0.00841361 0.999965 0
0.469675 -0.882753 0.0123671 3.0309 0.882837 0.469659 -0.00433517 4.68804 -0.00198143 0.0129542 0.999914 0
0.467805 -0.883736 0.0129868 3.58319 0.883824 0.467811 -0.00269409 5.65615 -0.00369451 0.0127384 0.999912 0
0.464844 -0.885292 0.0133328 4.13097 0.88538 0.464866 -0.00153412 6.64304 -0.00483984 0.0125177 0.99991 0
0.462047 -0.886741 0.0142327 4.65221 0.886847 0.462053 -0.00306709 7.67599 -0.00385657 0.0140394 0.999894 0
0.460923 -0.887346 0.0129177 5.16709 0.887436 0.460915 -0.00374418 8.69146 -0.00263158 0.0131894 0.99991 0
0.462079 -0.886815 0.00644644 5.82313 0.886826 0.462099 0.00198503 9.84698 -0.00473925 0.00479964 0.999977 0
0.462435 -0.886646 0.00354303 6.7138 0.886615 0.462448 0.00744365 11.6102 -0.00823835 -0.000300894 0.999966 0
0.465528 -0.884875 0.0167188 8.39217 0.884937 0.465673 0.00595905 15.0217 -0.0130585 0.012021 0.999843 0
0.47084 -0.88203 0.0182748 9.04972 0.8821 0.471015 0.00665677 16.565 -0.0144792 0.0129859 0.999811 0
0.470033 -0.882323 0.0239671 9.388 0.882502 0.470276 0.0054435 17.0797 -0.0160741 0.0185924 0.999698 0
0.471869 -0.881325 0.0246215 9.80436 0.881551 0.472078 0.00312779 17.8743 -0.0143799 0.0202292 0.999692 0
0.472389 -0.881085 0.0231736 10.2588 0.881327 0.472507 -0.000422483 18.7129 -0.0105774 0.0206231 0.999731 0
0.473022 -0.880863 0.0181606 10.711 0.881023 0.473069 -0.00190229 19.5601 -0.00691557 0.0168998 0.999833 0
0.473752 -0.880574 0.0121945 11.1806 0.880634 0.473796 0.000848075 20.4257 -0.00652451 0.0103371 0.999925 0
0.47389 -0.880452 0.0152648 11.6442 0.88051 0.474003 0.00472643 21.3151 -0.011397 0.0112011 0.999872 0
0.47314 -0.880691 0.0228216 12.096 0.880834 0.473383 0.00638231 22.1919 -0.0164242 0.0170823 0.999719 0
0.472096 -0.880772 0.0369619 12.5625 0.88139 0.472389 -0.000911145 23.0242 -0.0166579 0.033008 0.999316 0
0.470474 -0.881374 0.0428296 13.0176 0.882297 0.470646 -0.00662224 23.8669 -0.0143209 0.0409041 0.99906 0
0.468504 -0.882683 0.037078 13.4678 0.883408 0.468526 -0.00861607 24.7238 -0.00976677 0.0367917 0.999275 0
0.467032 -0.883718 0.0303884 13.9294 0.88421 0.467025 -0.0077572 25.5806 -0.00733694 0.0304926 0.999508 0
0.466075 -0.884404 0.0245655 14.4224 0.884693 0.466171 -0.00204229 26.496 -0.0096455 0.0226848 0.999696 0
0.465318 -0.884812 0.0242373 14.8823 0.885065 0.465467 0.000591472 27.3942 -0.011805 0.0211764 0.999706 0
0.464321 -0.885328 0.024509 15.3376 0.885559 0.464519 0.00274969 28.2812 -0.0138193 0.0204274 0.999696 0
0.463322 -0.885724 0.0287445 15.7998 0.886036 0.463603 0.00361972 29.1733 -0.0165321 0.0237915 0.99958 0
0.462325 -0.886247 0.0286694 16.2629 0.886499 0.462679 0.00690123 30.0532 -0.0193809 0.0222248 0.999565 0
0.461978 -0.886358 0.0307581 16.7108 0.886597 0.46244 0.0097107 30.9412 -0.0228309 0.0227839 0.99948 0
0.461878 -0.886372 0.0318331 17.1623 0.886644 0.462357 0.00940646 31.8302 -0.0230559 0.02388 0.999449 0
0.462037 -0.886235 0.0332997 17.6047 0.886598 0.462488 0.00696153 32.6955 -0.0215703 0.026307 0.999421 0
0.461863 -0.886371 0.0320578 18.0376 0.886736 0.462246 0.00531072 33.5601 -0.0195258 0.025974 0.999472 0
0.461526 -0.886724 0.0267353 18.5315 0.88693 0.461848 0.00712527 34.4874 -0.0186658 0.0204239 0.999617 0
0.460131 -0.887383 0.0288298 18.9778 0.887632 0.460497 0.00727531 35.3709 -0.019732 0.0222427 0.999558 0
0.458993 -0.887898 0.0310373 19.4122 0.88819 0.459412 0.00766977 36.236 -0.0210689 0.0240467 0.999489 0
0.45842 -0.888065 0.0345346 19.8646 0.888533 0.458799 0.00351448 37.0819 -0.0189655 0.029074 0.999397 0
0.457858 -0.888564 0.02863 20.285 0.888906 0.458087 0.00161956 37.9433 -0.0145541 0.0247079 0.999589 0
0.457812 -0.888787 0.0215742 20.7293 0.888965 0.457968 0.0026447 38.8347 -0.0122309 0.017968 0.999764 0
0.457255 -0.889136 0.0188697 21.1878 0.889233 0.457422 0.00551135 39.7198 -0.0135318 0.0142595 0.999807 0
0.45673 -0.889307 0.0230332 21.659 0.889432 0.456998 0.00789244 40.584 -0.017545 0.0168818 0.999704 0
0.45649 -0.889191 0.0309152 22.0639 0.889509 0.456873 0.00631761 41.424 -0.0197419 0.0246154 0.999502 0
0.456361 -0.889114 0.0347856 22.4905 0.889585 0.456753 0.00383811 42.266 -0.019301 0.0291932 0.999387 0
0.456112 -0.889139 0.0373439 22.9377 0.88973 0.456483 0.00161559 43.1065 -0.0184834 0.0324891 0.999301 0
0.455373 -0.889523 0.0372053 23.3704 0.890109 0.455745 0.00172025 43.9545 -0.0184863 0.0323334 0.999306 0
0.454722 -0.889816 0.0381495 23.8081 0.890372 0.455209 0.00474289 44.8086 -0.0215863 0.0318106 0.999261 0
0.453121 -0.890441 0.0423798 24.2857 0.891046 0.453834 0.00849994 45.6709 -0.0268021 0.0339109 0.999065 0
0.452453 -0.890695 0.0441421 24.7001 0.891269 0.453324 0.0116997 46.5168 -0.0304316 0.0340489 0.998957 0
0.451494 -0.891152 0.0447298 25.1139 0.891835 0.452277 0.00871341 47.3549 -0.0279953 0.0359575 0.998961 0
0.450094 -0.891912 0.0436885 25.5125 0.89273 0.450588 0.00166285 48.178 -0.0211686 0.0382536 0.999044 0
0.449519 -0.892392 0.0396075 25.914 0.893134 0.449783 -0.00247081 49.0156 -0.0156099 0.0364855 0.999212 0
0.448529 -0.893246 0.0305524 26.3244 0.893653 0.448757 0.000702463 49.8267 -0.0143381 0.0269882 0.999533 0
0.447927 -0.893716 0.0251511 26.7269 0.893923 0.448186 0.0055385 50.6385 -0.0162222 0.0200023 0.999668 0
0.447003 -0.894162 0.0257432 27.1271 0.894335 0.447324 0.00814763 51.449 -0.0188008 0.019381 0.999635 0
0.445987 -0.894593 0.0282672 27.5059 0.894834 0.446339 0.00734645 52.2106 -0.0191888 0.022018 0.999573 0
0.444689 -0.895226 0.0286827 27.8637 0.895466 0.44506 0.0078412 52.9697 -0.0197852 0.0221975 0.999558 0
0.443188 -0.895922 0.0301411 28.2394 0.8962 0.443584 0.00767369 53.7232 -0.0202452 0.0236116 0.999516 0
0.441949 -0.896529 0.0302841 28.6009 0.896804 0.442355 0.00799995 54.4631 -0.0205685 0.0236234 0.999509 0
0.440778 -0.897131 0.0294978 28.9534 0.897359 0.4412 0.00943063 55.1729 -0.0214749 0.0223133 0.99952 0
0.439773 -0.89766 0.0283762 29.2934 0.897792 0.440238 0.0126453 55.8912 -0.0238434 0.0199148 0.999517 0
0.438561 -0.898297 0.0269402 29.6434 0.89828 0.439076 0.0174489 56.6168 -0.0275031 0.0165475 0.999485 0
0.436666 -0.899232 0.026536 29.9834 0.899133 0.437212 0.0201462 57.3447 -0.029718 0.0150622 0.999445 0
0.435182 -0.899917 0.0276826 30.3117 0.899911 0.43572 0.0175719 58.0597 -0.0278751 0.0172649 0.999462 0
0.434468 -0.900252 0.0280064 30.5993 0.90046 0.434846 0.00891735 58.635 -0.0202064 0.0213444 0.999568 0
0.433351 -0.90091 0.0238429 30.9049 0.901119 0.433555 0.00387929 59.3004 -0.0138321 0.0198042 0.999708 0
0.432747 -0.901374 0.0159439 31.1973 0.901436 0.432877 0.00563526 59.917 -0.0119812 0.0119338 0.999857 0
0.432114 -0.901731 0.01263 31.5001 0.901719 0.432232 0.00885908 60.5555 -0.0134476 0.0075606 0.999881 0
0.431051 -0.902183 0.0161677 31.7813 0.902181 0.431234 0.0103142 61.1509 -0.0162774 0.0101403 0.999816 0
0.430048 -0.902565 0.020843 32.0557 0.902677 0.430262 0.00694762 61.719 -0.0152386 0.0158267 0.999759 0
0.429975 -0.902545 0.0231188 32.328 0.902772 0.430118 0.00135057 62.2431 -0.0111628 0.0202903 0.999732 0
0.431076 -0.901974 0.0248356 32.5859 0.902294 0.431093 -0.00490966 62.7734 -0.00627807 0.0245255 0.999679 0
0.433621 -0.900831 0.0218546 32.8436 0.90108 0.433629 -0.0045828 63.3311 -0.00534846 0.0216799 0.999751 0
0.437445 -0.899094 0.0165133 33.0884 0.899213 0.437511 0.000423947 63.8486 -0.0076059 0.0146635 0.999864 0
0.44175 -0.896986 0.0165414 33.3498 0.897084 0.441851 0.0028703 64.3649 -0.00988347 0.0135711 0.999859 0
0.446055 -0.894642 0.0254851 33.5676 0.894891 0.446272 0.00325953 64.8117 -0.0142894 0.0213524 0.99967 0
0.452659 -0.891104 0.0321648 33.8262 0.891501 0.453002 0.00391844 65.3039 -0.0180624 0.0269012 0.999475 0
0.462049 -0.886245 0.0328688 34.0592 0.886615 0.462468 0.00608726 65.7558 -0.0205955 0.0263293 0.999441 0
0.473724 -0.880198 0.0289208 34.3181 0.880422 0.474118 0.00831127 66.2078 -0.0210274 0.0215252 0.999547 0
0.488099 -0.872466 0.0237257 34.5807 0.872524 0.48844 0.0113314 66.6382 -0.0214748 0.0151704 0.999654 0
0.508235 -0.860844 0.0253875 34.8289 0.860895 0.508632 0.0124278 67.0097 -0.0236113 0.0155398 0.9996 0
0.529984 -0.847541 0.0281422 35.0948 0.847635 0.530443 0.0120633 67.3855 -0.025152 0.0174609 0.999531 0
0.555005 -0.831269 0.0310103 35.3957 0.831418 0.55553 0.0114218 67.7373 -0.0267217 0.0194434 0.999454 0
0.584379 -0.810811 0.0329836 35.5993 0.810936 0.584993 0.0128855 68.1062 -0.0297429 0.0192176 0.999373 0
0.615289 -0.787565 0.0340694 35.8303 0.787639 0.615969 0.0143925 68.4723 -0.0323207 0.0179789 0.999316 0
0.648377 -0.760529 0.0346679 36.0984 0.760528 0.649107 0.0160369 68.8183 -0.0346998 0.0159679 0.99927 0
0.687676 -0.725221 0.0340086 36.3959 0.725189 0.688375 0.0155454 69.0582 -0.0346845 0.0139724 0.999301 0
0.729101 -0.683602 0.0331608 36.6862 0.683563 0.729752 0.0142613 69.3152 -0.0339482 0.0122696 0.999348 0
0.766824 -0.640982 0.0334973 37.0064 0.640982 0.76746 0.0121603 69.5525 -0.0335024 0.0121463 0.999365 0
0.802571 -0.595629 0.0332626 37.3566 0.595628 0.803185 0.0109975 69.7527 -0.0332664 0.0109859 0.999386 0
0.837406 -0.545555 0.0334857 37.6829 0.545508 0.838029 0.0113363 69.9129 -0.0342466 0.00877362 0.999375 0
0.871128 -0.489861 0.0342381 38.0979 0.489882 0.871749 0.00833215 70.2156 -0.0339286 0.00951425 0.999379 0
0.901414 -0.43156 0.0347711 38.5318 0.431643 0.902028 0.00545472 70.4934 -0.0337185 0.0100918 0.99938 0
0.927429 -0.372185 0.0367921 38.9328 0.372319 0.928098 0.00340282 70.7088 -0.0354131 0.0105425 0.999317 0
0.948427 -0.314981 0.035674 39.1968 0.314966 0.949083 0.00619722 70.611 -0.0358096 0.00535848 0.999344 0
0.966187 -0.254917 0.0387306 39.5105 0.254837 0.966958 0.00707468 70.61 -0.0392543 0.00303451 0.999225 0
0.980065 -0.195089 0.0375958 39.8756 0.194909 0.980785 0.0084436 70.6283 -0.0385206 -0.000947533 0.999257 0
0.990186 -0.13495 0.036346 40.2534 0.134744 0.990848 0.00805655 70.6319 -0.0371005 -0.00308006 0.999307 0
0.996347 -0.0772423 0.0364253 40.6338 0.0771935 0.997012 0.00274622 70.6596 -0.0365286 7.56104e-05 0.999333 0
0.999038 -0.0215698 0.0381816 41.0106 0.0215284 0.999767 0.00149467 70.7081 -0.0382049 -0.00067124 0.99927 0
0.998736 0.0323298 0.038475 41.4325 -0.0326103 0.999446 0.00668407 70.8102 -0.0382375 -0.0079303 0.999237 0
0.995811 0.0839016 0.0363513 41.8753 -0.0843185 0.996388 0.0100881 70.8671 -0.0353736 -0.0131109 0.999288 0
0.991117 0.128925 0.0326575 42.1508 -0.129133 0.991618 0.00434071 70.6845 -0.0318241 -0.00851931 0.999457 0
0.984735 0.170983 0.0325757 42.5063 -0.170854 0.985273 -0.00675168 70.5023 -0.0332504 0.00108295 0.999446 0
0.977649 0.207471 0.0340415 42.8669 -0.207093 0.978216 -0.014316 70.3914 -0.0362701 0.00694626 0.999318 0
0.969859 0.241056 0.0355692 43.2699 -0.240726 0.970501 -0.0133482 70.3974 -0.0377376 0.00438345 0.999278 0
0.961474 0.272641 0.0351244 43.6801 -0.272557 0.962112 -0.00727427 70.3855 -0.0357768 -0.00257935 0.999356 0
0.953841 0.298481 0.033096 44.0124 -0.298772 0.954316 0.00409344 70.2048 -0.0303623 -0.0137927 0.999444 0
0.945946 0.322889 0.0304712 44.3295 -0.323255 0.94628 0.00781955 70.0033 -0.0263094 -0.0172468 0.999505 0
0.938692 0.343958 0.0234594 44.7075 -0.344016 0.938962 -0.00161443 69.8217 -0.0225828 -0.00655496 0.999723 0
0.931454 0.363515 0.0158279 45.1366 -0.363443 0.931588 -0.00729303 69.6963 -0.0173962 0.00104059 0.999848 0
0.923977 0.382321 0.00987289 45.5605 -0.382249 0.924021 -0.00840025 69.5756 -0.0123344 0.00398773 0.999916 0
0.916394 0.400147 0.0102196 45.9923 -0.400164 0.916444 -0.0005219 69.363 -0.00957454 -0.00361125 0.999948 0
0.90982 0.414699 0.015895 46.3958 -0.414767 0.909927 0.00108286 69.144 -0.0140142 -0.00757793 0.999873 0
0.903321 0.428485 0.0202895 46.7967 -0.428576 0.903506 0.000164008 68.9306 -0.0182614 -0.00884375 0.999794 0
0.897573 0.440473 0.0185975 47.245 -0.440493 0.89775 -0.00322869 68.7498 -0.0181181 -0.00529408 0.999822 0
0.892244 0.451237 0.0169096 47.7366 -0.451193 0.892402 -0.00657229 68.5058 -0.0180558 -0.0017654 0.999835 0
0.887256 0.460992 0.0162241 48.2089 -0.460896 0.887404 -0.00943742 68.2503 -0.0187479 0.00089577 0.999824 0
0.883791 0.467623 0.0155401 48.6517 -0.46752 0.883926 -0.00993361 68.0047 -0.0183815 0.00151391 0.99983 0
0.881475 0.471995 0.0149111 49.1174 -0.471902 0.8816 -0.00949549 67.7506 -0.0176275 0.00133345 0.999844 0
0.878852 0.476851 0.0152252 49.6122 -0.476762 0.878983 -0.00925887 67.4785 -0.0177978 0.000878376 0.999841 0
0.87578 0.482514 0.0137908 50.1221 -0.482391 0.875882 -0.0114279 67.2007 -0.0175932 0.00335577 0.99984 0
0.873579 0.486505 0.0131106 50.6712 -0.486373 0.873668 -0.0120953 66.9003 -0.0173388 0.00418954 0.999841 0
0.872124 0.489125 0.0125367 51.2233 -0.488998 0.872203 -0.0119259 66.5953 -0.0167678 0.00427041 0.99985 0
0.870934 0.491271 0.0112508 51.8082 -0.491101 0.870975 -0.0149228 66.2672 -0.0171303 0.00747152 0.999825 0
0.869878 0.493139 0.0112809 52.3322 -0.492955 0.869913 -0.0156939 65.9448 -0.0175527 0.00809082 0.999813 0
0.869492 0.493807 0.0117635 52.8748 -0.493601 0.869527 -0.0167415 65.6274 -0.0184957 0.00875016 0.999791 0
0.869781 0.493253 0.0135029 53.4484 -0.493101 0.869873 -0.0131194 65.284 -0.018217 0.00475274 0.999823 0
0.871487 0.490231 0.0135666 54.0587 -0.490026 0.871563 -0.0159052 64.9421 -0.0196213 0.00721318 0.999781 0
0.873219 0.487143 0.0134539 54.7134 -0.486951 0.873296 -0.0152618 64.5862 -0.0191839 0.00677548 0.999793 0
0.875126 0.483729 0.0126667 55.31 -0.483525 0.875181 -0.0161973 64.2438 -0.0189207 0.00805008 0.999789 0
0.877267 0.479793 0.0142091 56.0206 -0.479626 0.877367 -0.0136621 63.8662 -0.0190216 0.00517027 0.999806 0
0.879161 0.476248 0.0162201 56.6631 -0.476063 0.879299 -0.0140689 63.4998 -0.0209626 0.00464699 0.999769 0
0.881234 0.472341 0.0179094 57.3996 -0.472126 0.881402 -0.0150617 63.1273 -0.0228997 0.00481741 0.999726 0
0.882963 0.468902 0.0225265 58.0911 -0.46881 0.883247 -0.00956046 62.7916 -0.0243794 -0.0021191 0.999701 0
0.884995 0.464883 0.0258243 58.7502 -0.464924 0.885338 -0.00477313 62.4103 -0.0250822 -0.00778214 0.999655 0
0.886866 0.461618 0.0194389 59.4928 -0.461502 0.887079 -0.010346 62.0551 -0.0220198 0.000204391 0.999757 0
0.888036 0.459605 0.012466 60.2207 -0.459455 0.888103 -0.0131685 61.6956 -0.0171234 0.00596652 0.999836 0
0.887814 0.460014 0.0131577 61.0744 -0.460062 0.887887 0.000668494 61.2323 -0.0113751 -0.00664688 0.999913 0
0.887419 0.46027 0.025294 61.7329 -0.46072 0.887399 0.0161302 60.8974 -0.0150216 -0.0259677 0.99955 0
0.887507 0.459659 0.0323377 62.4789 -0.460428 0.887413 0.0224515 60.5449 -0.0183768 -0.0348151 0.999225 0
0.887275 0.460425 0.0274194 63.1173 -0.46087 0.887376 0.0127182 60.1479 -0.0184756 -0.0239213 0.999543 0
0.887318 0.460086 0.0314164 63.9061 -0.460758 0.887325 0.01887 59.7511 -0.0191948 -0.031219 0.999328 0
0.886991 0.460659 0.0322412 64.6009 -0.461388 0.886962 0.0204739 59.3284 -0.0191653 -0.0330359 0.99927 0
0.886783 0.460999 0.0331034 65.3311 -0.461798 0.886698 0.0225824 58.956 -0.0189422 -0.0353128 0.999197 0
0.886934 0.460857 0.0309541 66.0608 -0.461476 0.886992 0.0168751 58.5988 -0.019679 -0.0292516 0.999378 0
0.885697 0.463155 0.0320853 66.8099 -0.463787 0.885803 0.0159257 58.2423 -0.0210452 -0.0289861 0.999358 0
0.883533 0.467215 0.0328566 67.5277 -0.467842 0.883691 0.0146134 57.8791 -0.0222075 -0.0282831 0.999353 0
0.88119 0.471004 0.040739 68.2723 -0.472083 0.881268 0.0224584 57.5205 -0.0253239 -0.0390224 0.998917 0
0.879875 0.47321 0.0434907 69.1181 -0.474428 0.87998 0.0235136 57.1987 -0.0271441 -0.0413223 0.998777 0
0.876391 0.474345 0.0832782 70.3053 -0.478767 0.876839 0.0439822 57.1406 -0.0521589 -0.0784165 0.995555 0
0.872248 0.481243 0.0871099 71.2836 -0.485452 0.873569 0.0348474 56.9557 -0.0593264 -0.0726832 0.995589 0
0.862426 0.506183 -0.000279593 72.0314 -0.506153 0.86238 0.0105181 56.6615 0.00556517 -0.00892952 0.999945 0
0.856483 0.516169 -0.00267333 72.7614 -0.516121 0.856455 0.0101632 56.2677 0.00753553 -0.00732487 0.999945 0
0.851053 0.52508 -0.000209621 73.4532 -0.525046 0.851003 0.011025 55.8263 0.00596737 -0.00927277 0.999939 0
0.845317 0.534264 0.00139006 74.1241 -0.534243 0.845255 0.0113301 55.3906 0.00487832 -0.0103202 0.999935 0
0.839644 0.543136 5.57188e-05 74.7776 -0.543106 0.839597 0.0105482 54.9728 0.00568235 -0.00888704 0.999944 0
0.833623 0.552333 -0.000691108 75.442 -0.5523 0.833585 0.0100208 54.542 0.00611093 -0.00797191 0.99995 0
0.827302 0.561757 -0.000808863 76.1062 -0.56172 0.827261 0.0104964 54.1141 0.00656558 -0.00822936 0.999945 0
0.821418 0.570323 -0.00187769 76.7723 -0.570277 0.821385 0.0105012 53.6624 0.00753138 -0.00755507 0.999943 0
0.815774 0.578367 -0.00200907 77.3607 -0.578309 0.815733 0.0117679 53.2725 0.00844505 -0.00843811 0.999929 0
0.810064 0.586336 -0.00244259 77.953 -0.586271 0.810024 0.0121371 52.8424 0.00909496 -0.00839979 0.999923 0
0.804578 0.593843 -0.00197577 78.5425 -0.593777 0.80453 0.0126526 52.4025 0.00910321 -0.00900681 0.999918 0
0.799724 0.600365 -0.00187039 79.1581 -0.600307 0.799682 0.0118552 51.9493 0.00861317 -0.00835807 0.999928 0
0.794804 0.60686 -0.00267331 79.7624 -0.606816 0.794787 0.00936378 51.4819 0.00780722 -0.00582017 0.999953 0
0.790871 0.611976 -0.00299466 80.3563 -0.611953 0.790871 0.00610741 51.0092 0.00610597 -0.00299759 0.999977 0
0.788787 0.61466 -0.00282478 80.884 -0.614654 0.788792 0.00276187 50.5485 0.00392577 -0.000442268 0.999992 0
0.787489 0.616319 -0.0034265 81.4082 -0.616323 0.787493 -0.000184961 50.1368 0.00258435 0.00225748 0.999994 0
0.786458 0.617629 -0.00412653 81.9404 -0.61764 0.786458 -0.00214956 49.7223 0.00191771 0.00423925 0.999989 0
0.785487 0.618858 -0.00505713 82.4649 -0.618876 0.785483 -0.00319202 49.3091 0.00199687 0.00563703 0.999982 0
0.785557 0.618748 -0.00710856 82.9884 -0.618782 0.785551 -0.00434834 48.8742 0.00289361 0.00781452 0.999965 0
0.787319 0.616498 -0.00763455 83.4863 -0.616532 0.787323 -0.0031839 48.477 0.00404799 0.00721369 0.999966 0
0.79045 0.612447 -0.0098704 83.9889 -0.612506 0.790453 -0.00450222 48.0904 0.00504471 0.00960446 0.999941 0
0.795718 0.605569 -0.0109156 84.4476 -0.605637 0.795729 -0.00434026 47.7312 0.00605749 0.0100645 0.999931 0
0.803679 0.594978 -0.0100521 84.8719 -0.595022 0.803707 -0.00180715 47.4406 0.00700376 0.00743361 0.999948 0
0.81154 0.584232 -0.00872392 85.2943 -0.584247 0.811575 0.000986226 47.1374 0.0076563 0.00429656 0.999961 0
0.820128 0.572086 -0.0103979 85.7483 -0.572108 0.820177 0.00095363 46.819 0.00907366 0.00516662 0.999945 0
0.830217 0.557317 -0.0117355 86.2107 -0.557331 0.830287 0.00236588 46.5174 0.0110624 0.00457637 0.999928 0
0.842127 0.539108 -0.0135652 86.6838 -0.53912 0.842223 0.00312865 46.2538 0.0131116 0.00467856 0.999903 0
0.855697 0.51729 -0.0138845 87.1587 -0.51726 0.855807 0.00599301 45.9804 0.0149826 0.00205371 0.999886 0
0.871268 0.490623 -0.0134298 87.6271 -0.490557 0.871372 0.00810048 45.732 0.0156767 -0.000469593 0.999877 0
0.888191 0.45934 -0.0111016 88.1335 -0.459244 0.888252 0.0101723 45.4915 0.0145336 -0.00393654 0.999887 0
0.908265 0.418297 -0.0090399 88.5408 -0.418224 0.9083 0.00893888 45.3373 0.01195 -0.00433817 0.999919 0
0.926801 0.375503 -0.00608703 88.9378 -0.375447 0.926803 0.00870477 45.2221 0.00891013 -0.00578224 0.999944 0
0.943736 0.330692 -0.00224877 89.3689 -0.330658 0.943702 0.0095655 45.1509 0.0052854 -0.00828373 0.999952 0
0.959537 0.281582 -7.20327e-05 89.8733 -0.281566 0.959484 0.0105705 45.0869 0.00304558 -0.0101225 0.999944 0
0.973271 0.229656 0.0013436 90.3829 -0.229657 0.973208 0.011123 45.0315 0.00124687 -0.0111343 0.999937 0
0.985144 0.171729 -0.000758092 90.924 -0.171717 0.98511 0.00850777 44.9645 0.00220783 -0.0082512 0.999964 0
0.994302 0.106478 -0.00517224 91.4721 -0.106448 0.994302 0.00577089 44.873 0.00575723 -0.00518743 0.99997 0
0.999323 0.0353938 -0.0100697 91.9316 -0.0353436 0.999362 0.0051207 44.882 0.0102445 -0.00476133 0.999936 0
0.999276 -0.0355872 -0.0134606 92.3794 0.035676 0.999343 0.00641527 44.9659 0.0132235 -0.00689084 0.999889 0
0.994201 -0.106324 -0.0161156 92.8515 0.106452 0.994291 0.0073493 45.0874 0.0152422 -0.00902223 0.999843 0
0.98414 -0.176398 -0.0187606 93.2724 0.176544 0.984272 0.00641735 45.2116 0.0173336 -0.00962764 0.999803 0
0.969437 -0.244592 -0.0191448 93.7052 0.244713 0.969586 0.00426035 45.3388 0.0175205 -0.00881512 0.999808 0
0.950637 -0.310019 -0.0133293 94.1752 0.310109 0.950687 0.00526662 45.5132 0.0110392 -0.00914017 0.999897 0
0.927205 -0.374484 -0.00721014 94.624 0.374531 0.927189 0.0068276 45.7071 0.00412834 -0.00903101 0.999951 0
0.899611 -0.436684 -0.00253663 95.0664 0.436688 0.899566 0.00922399 45.9283 -0.00174611 -0.00940572 0.999954 0
0.869216 -0.49443 0.00141351 95.4671 0.494383 0.869168 0.0114998 46.1917 -0.00691441 -0.00929696 0.999933 0
0.837868 -0.545847 0.00519675 95.8128 0.545728 0.837828 0.0149599 46.4686 -0.0125198 -0.00969844 0.999875 0
0.809846 -0.586628 0.00417046 96.2115 0.586466 0.809756 0.0188113 46.7015 -0.0144123 -0.0127884 0.999814 0
0.783075 -0.621921 0.00275902 96.5769 0.621674 0.782875 0.0250834 46.9862 -0.0177599 -0.017927 0.999682 0
0.757926 -0.65234 -0.00105071 96.9128 0.652093 0.757593 0.0287603 47.2941 -0.0179655 -0.0224834 0.999586 0
0.737875 -0.674924 -0.00431845 97.2286 0.674789 0.737564 0.0256799 47.6403 -0.0141468 -0.0218626 0.999661 0
0.721875 -0.692016 -0.00324878 97.5795 0.691906 0.721659 0.0217673 47.9787 -0.0127188 -0.0179611 0.999758 0
0.709052 -0.705157 -0.000118778 97.9271 0.705011 0.708902 0.0204335 48.3162 -0.0143246 -0.0145721 0.999791 0
0.698772 -0.715344 -0.000103175 98.2782 0.715172 0.698601 0.0220428 48.6692 -0.0156961 -0.0154767 0.999757 0
0.692472 -0.721425 -0.00534185 98.625 0.721277 0.692134 0.0266318 49.0388 -0.0155155 -0.0222947 0.999631 0
0.686536 -0.727032 -0.00965839 98.9445 0.726923 0.686022 0.0309459 49.4286 -0.0158728 -0.0282663 0.999474 0
0.683657 -0.729611 -0.016742 99.2798 0.72968 0.682942 0.0340178 49.8095 -0.013386 -0.0354728 0.999281 0
0.68205 -0.731014 -0.0206683 99.6254 0.731248 0.681366 0.0318962 50.1763 -0.00923386 -0.0368684 0.999277 0
0.683942 -0.729213 -0.0217064 100.016 0.729532 0.68353 0.0238827 50.5636 -0.00257863 -0.0321699 0.999479 0
0.687122 -0.726185 -0.0227974 100.43 0.726534 0.686925 0.0168062 50.9705 0.00345567 -0.028111 0.999599 0
0.689789 -0.723492 -0.0274007 100.785 0.723981 0.689609 0.0170495 51.3528 0.0065606 -0.0315981 0.999479 0
0.694629 -0.718555 -0.0341963 101.207 0.71932 0.694349 0.021415 51.7917 0.00835626 -0.0394735 0.999186 0
0.697841 -0.71528 -0.0373048 101.607 0.716211 0.697415 0.0255812 52.2431 0.00771925 -0.0445697 0.998976 0
0.701597 -0.71195 -0.0298227 102.057 0.712569 0.701139 0.0255036 52.7167 0.00275255 -0.039144 0.99923 0
0.705571 -0.708315 -0.0214387 102.497 0.708628 0.705069 0.0269159 53.1548 -0.0039492 -0.0341831 0.999408 0
0.708408 -0.705483 -0.0212395 102.98 0.705745 0.707646 0.0340721 53.6129 -0.00900723 -0.0391266 0.999194 0
0.709296 -0.704691 -0.0175919 103.416 0.70485 0.708687 0.0308036 54.0496 -0.00923985 -0.0342485 0.999371 0
0.710114 -0.703825 -0.0191909 103.97 0.704053 0.709547 0.0291928 54.5499 -0.00692979 -0.0342416 0.99939 0
0.709565 -0.704417 -0.0177222 104.395 0.70464 0.709346 0.0176348 55.0282 0.000148919 -0.0250008 0.999687 0
0.709293 -0.704414 -0.0265328 104.91 0.704896 0.70904 0.0196164 55.5014 0.00499474 -0.0326166 0.999456 0
0.707996 -0.705504 -0.0317198 105.397 0.706158 0.707802 0.0189 56.0096 0.00911729 -0.0357803 0.999318 0
0.705393 -0.708188 -0.0298412 105.89 0.7088 0.705041 0.0228178 56.4928 0.00487994 -0.037247 0.999294 0
0.703328 -0.710265 -0.0292164 106.391 0.710865 0.702748 0.028554 56.9905 0.000250897 -0.0408518 0.999165 0
0.701861 -0.711733 -0.0287571 106.904 0.712287 0.700912 0.0370235 57.5254 -0.00619471 -0.0464687 0.998901 0
0.700548 -0.713265 -0.0220254 107.411 0.713577 0.699913 0.030496 58.0533 -0.00633591 -0.0370807 0.999292 0
0.699098 -0.714793 -0.018217 107.941 0.715015 0.698727 0.0230934 58.5243 -0.00377826 -0.02917 0.999567 0
0.696345 -0.717498 -0.0173179 108.481 0.717707 0.69617 0.0156371 59.0928 0.000836581 -0.023318 0.999728 0
0.693067 -0.72066 -0.0175085 109.025 0.720856 0.693015 0.00989536 59.6538 0.00500245 -0.0194792 0.999798 0
0.690371 -0.723264 -0.0166331 109.563 0.723425 0.690371 0.00665522 60.2318 0.00666952 -0.0166274 0.999839 0
0.687553 -0.725981 -0.0149169 110.103 0.726102 0.687571 0.00474249 60.7968 0.00681349 -0.0140919 0.999877 0
0.684654 -0.728706 -0.0153945 110.67 0.728849 0.684639 0.00703826 61.4376 0.00541087 -0.016039 0.999857 0
0.680839 -0.732251 -0.0163161 111.172 0.732427 0.680754 0.011155 62.0487 0.002939 -0.0195451 0.999805 0
0.686309 -0.727158 -0.0148661 111.81 0.72731 0.686182 0.013221 62.6461 0.000587116 -0.0198859 0.999802 0
0.683001 -0.730092 -0.0217914 112.324 0.730411 0.682569 0.0244917 63.2579 -0.00300706 -0.0326445 0.999463 0
0.683008 -0.730205 -0.0173132 112.921 0.730407 0.682737 0.0194109 63.885 -0.00235362 -0.0259035 0.999662 0
0.683193 -0.729913 -0.0217829 113.467 0.730236 0.682952 0.0182207 64.4871 0.00157718 -0.0283549 0.999597 0
0.685106 -0.728013 -0.0250427 114.04 0.728431 0.684892 0.01765 65.0759 0.00430215 -0.030334 0.999531 0
0.685967 -0.726933 -0.0319093 114.601 0.727625 0.685497 0.025588 65.7439 0.00327297 -0.0407706 0.999163 0
0.685583 -0.727259 -0.0327192 115.132 0.727994 0.684925 0.0300259 66.4341 0.000573623 -0.0444046 0.999013 0
0.690265 -0.723142 -0.0245077 115.743 0.723557 0.689845 0.0240847 66.936 -0.000510162 -0.0343575 0.999409 0
0.690607 -0.722449 -0.0336239 116.299 0.72323 0.689917 0.0308736 67.6172 0.000893132 -0.0456393 0.998958 0
0.692233 -0.721153 -0.0274035 116.957 0.721656 0.691983 0.0192812 68.2093 0.00505806 -0.033123 0.999438 0
0.692936 -0.720509 -0.0265612 117.584 0.720974 0.692746 0.0172847 68.8698 0.00594639 -0.0311271 0.999498 0
0.692659 -0.720809 -0.0256468 118.151 0.72124 0.692493 0.0163072 69.4461 0.00600587 -0.0297928 0.999538 0
0.694335 -0.719048 -0.0294848 118.725 0.719641 0.69397 0.0228818 70.0746 0.00400841 -0.0371061 0.999303 0
0.695098 -0.718268 -0.0305 119.288 0.718915 0.694458 0.0298302 70.7104 -0.000245103 -0.0426618 0.99909 0
0.696013 -0.717437 -0.0291608 119.904 0.718004 0.695073 0.0366487 71.3588 -0.00602425 -0.0464455 0.998903 0
0.69697 -0.71693 -0.0155956 120.526 0.717094 0.696708 0.0193501 71.986 -0.00300709 -0.02467 0.999691 0
0.69718 -0.716668 -0.0180621 121.104 0.716881 0.697105 0.0111917 72.5526 0.00457046 -0.020751 0.999774 0
0.697943 -0.715244 -0.0360746 121.7 0.716038 0.697847 0.0172931 73.1876 0.0128058 -0.0379004 0.999199 0
0.69678 -0.715349 -0.0526691 122.313 0.717105 0.69637 0.0288079 73.779 0.0160695 -0.057842 0.998196 0
0.696049 -0.716532 -0.0458096 122.933 0.717971 0.695119 0.0364238 74.4292 0.00574427 -0.0582427 0.998286 0
0.695174 -0.718655 -0.0163472 123.567 0.718641 0.694263 0.0394189 75.0112 -0.0169793 -0.0391508 0.999089 0
0.694671 -0.719322 0.0029436 124.105 0.718855 0.694357 0.033403 75.5405 -0.0260714 -0.0210881 0.999438 0
0.695051 -0.718707 -0.019076 124.687 0.718921 0.694491 0.0288794 76.0735 -0.00750772 -0.0337868 0.999401 0
0.692441 -0.720795 -0.0312924 125.227 0.72136 0.692451 0.0122859 76.7568 0.0128128 -0.0310804 0.999435 0
0.690549 -0.722567 -0.0322441 125.793 0.723116 0.690666 0.00913208 77.4125 0.0156714 -0.0296223 0.999438 0
0.688584 -0.724167 -0.0378674 126.333 0.725024 0.688517 0.0168716 77.9502 0.0138545 -0.0390723 0.99914 0
0.687426 -0.725594 -0.0309511 126.969 0.726144 0.687438 0.0119514 78.6119 0.0126051 -0.0306907 0.999449 0
0.685462 -0.727485 -0.0301171 127.552 0.727968 0.685556 0.00871453 79.1257 0.0143073 -0.0278978 0.999508 0
0.682298 -0.730315 -0.033298 128.085 0.730946 0.682323 0.0124055 79.8055 0.0136601 -0.0328033 0.999368 0
0.678657 -0.733588 -0.0356878 128.569 0.734308 0.678693 0.0129405 80.4785 0.0147281 -0.034988 0.999279 0
0.677738 -0.734386 -0.0367189 129.123 0.735194 0.677653 0.016613 81.0586 0.0126823 -0.0382547 0.999188 0
0.676491 -0.735618 -0.0350292 129.661 0.736391 0.676277 0.0194338 81.5821 0.00939364 -0.038942 0.999197 0
0.677484 -0.734845 -0.0319165 130.291 0.735479 0.677337 0.016854 82.1258 0.00923318 -0.0348922 0.999348 0
0.676847 -0.735562 -0.0287342 130.938 0.736036 0.676852 0.0110474 82.7285 0.0113227 -0.0286269 0.999526 0
0.675352 -0.736912 -0.0293375 131.574 0.737355 0.675465 0.00738398 83.3401 0.0143751 -0.0266189 0.999542 0
0.670263 -0.74166 -0.0262241 131.958 0.741956 0.670445 0.00241494 83.8001 0.0157908 -0.0210758 0.999653 0
0.663659 -0.747639 -0.0243429 132.472 0.747957 0.663709 0.00714255 84.5266 0.0108166 -0.0229477 0.999678 0
0.658434 -0.752102 -0.0284162 132.879 0.752615 0.658243 0.0169357 85.042 0.00596735 -0.0325375 0.999453 0
0.656448 -0.753929 -0.0258129 133.601 0.754359 0.655862 0.0280528 85.7456 -0.00422008 -0.0378874 0.999273 0
0.65492 -0.755524 -0.0162298 134.156 0.755638 0.654445 0.0267087 86.2322 -0.00955753 -0.0297559 0.999511 0
0.653707 -0.756673 -0.0106741 134.764 0.756701 0.653445 0.0203215 86.8088 -0.00840177 -0.0213615 0.999736 0
0.649676 -0.760095 -0.013306 135.24 0.760196 0.649452 0.017713 87.2517 -0.00482195 -0.0216229 0.999755 0
0.644741 -0.763534 -0.0364022 135.816 0.764399 0.644124 0.0282633 87.8428 0.00186753 -0.0460483 0.998937 0
0.639403 -0.766828 -0.0560242 136.272 0.768865 0.638005 0.0423779 88.4262 0.00324714 -0.0701716 0.99753 0
0.633786 -0.769857 -0.075069 136.708 0.773502 0.631169 0.0576161 89.0578 0.00302508 -0.0945823 0.995512 0
0.62682 -0.77372 -0.0919474 137.257 0.779163 0.622607 0.0725624 89.7681 0.00110406 -0.117126 0.993116 0
0.621202 -0.777496 -0.0980249 137.757 0.78365 0.616522 0.0761153 90.3616 0.00125518 -0.1241 0.992269 0
0.613369 -0.7839 -0.0963302 138.27 0.789791 0.609225 0.0712306 91.0342 0.00284909 -0.119771 0.992797 0
0.604465 -0.79145 -0.0907193 138.755 0.796631 0.600661 0.0677137 91.8602 0.00089949 -0.1132 0.993572 0
0.598742 -0.796464 -0.0845756 139.174 0.800918 0.594575 0.0707807 92.5152 -0.00608769 -0.110118 0.9939 0
0.593608 -0.800472 -0.0829127 139.698 0.804653 0.588739 0.0769411 93.1179 -0.0127752 -0.112389 0.993582 0
0.590151 -0.802562 -0.0872671 140.238 0.807158 0.58462 0.08194 93.584 -0.0147438 -0.118795 0.992809 0
0.584997 -0.80711 -0.0796973 140.728 0.810841 0.579875 0.0792631 94.2534 -0.0177596 -0.11099 0.993663 0
0.581193 -0.809914 -0.0790823 141.125 0.813574 0.576195 0.0780803 94.8462 -0.0176715 -0.109719 0.993806 0
0.577907 -0.812018 -0.0815429 141.543 0.81596 0.573049 0.0763141 95.453 -0.0152404 -0.110638 0.993744 0
0.574003 -0.813828 -0.0905767 142.107 0.818824 0.569533 0.0718201 96.2354 -0.00686278 -0.115391 0.993296 0
0.571259 -0.814814 -0.0986968 142.589 0.820767 0.566784 0.0713984 96.9535 -0.00223661 -0.121794 0.992553 0
0.567683 -0.816467 -0.105438 143.011 0.823247 0.562991 0.072836 97.6937 -0.000107812 -0.128149 0.991755 0
0.566084 -0.81747 -0.106265 143.509 0.824333 0.562126 0.0670075 98.308 0.0049578 -0.12553 0.992077 0
0.564643 -0.818854 -0.103231 144.005 0.825311 0.561158 0.0629616 99.042 0.00637267 -0.120749 0.992663 0
0.562792 -0.81024 -0.163634 144.429 0.825942 0.559103 0.0722701 99.4837 0.0329321 -0.175825 0.98387 0
0.55039 -0.834907 0.00123463 144.92 0.833965 0.549838 0.0466884 99.8626 -0.0396593 -0.0246672 0.998909 0
0.544216 -0.838917 0.00681758 145.361 0.837976 0.54396 0.0436341 100.544 -0.0403139 -0.0180334 0.999024 0
0.538774 -0.842444 0.00327814 145.783 0.841556 0.538378 0.0439635 101.235 -0.0388016 -0.0209276 0.999028 0
0.53268 -0.846317 0.000373426 146.205 0.845391 0.532118 0.04653 101.951 -0.0395778 -0.0244699 0.998917 0
0.52619 -0.850348 0.0057313 146.676 0.84919 0.525804 0.0490609 102.677 -0.0447324 -0.0209484 0.998779 0
0.52058 -0.853681 0.0149965 147.141 0.852383 0.520644 0.0487123 103.396 -0.0493926 -0.0125759 0.9987 0
0.516313 -0.856054 0.024339 147.587 0.854864 0.51688 0.0451883 104.083 -0.051264 -0.00252473 0.998682 0
0.51141 -0.858818 0.0298509 147.994 0.858024 0.51224 0.0374794 104.769 -0.0474788 0.00644547 0.998851 0
0.506158 -0.861932 0.029617 148.425 0.861616 0.506877 0.0263408 105.481 -0.0377162 0.0121859 0.999214 0
0.500213 -0.865382 0.0300259 148.874 0.865424 0.500789 0.015897 106.201 -0.0287937 0.0180332 0.999423 0
0.49402 -0.868977 0.0286878 149.312 0.869039 0.494532 0.0144525 106.933 -0.0267459 0.017791 0.999484 0
0.488465 -0.872256 0.0239052 149.724 0.871662 0.489025 0.0325454 107.711 -0.0400782 0.00493998 0.999184 0
0.483688 -0.874824 0.0270029 150.134 0.873633 0.484439 0.0456492 108.463 -0.0530163 0.00151067 0.998592 0
0.480325 -0.87643 0.0340283 150.506 0.875262 0.481467 0.0458978 109.194 -0.0566097 0.00773777 0.998366 0
0.477997 -0.877752 0.0327212 150.888 0.87674 0.479046 0.04291 109.916 -0.0533393 0.00817716 0.998543 0
0.477225 -0.878588 0.0184023 151.258 0.877988 0.47758 0.0324802 110.675 -0.0373253 0.000656628 0.999303 0
0.475206 -0.879814 0.0103226 151.662 0.879439 0.475308 0.0258787 111.444 -0.0276748 -0.00321962 0.999612 0
0.472806 -0.881095 0.0112265 152.084 0.880806 0.472938 0.0225761 112.207 -0.0252012 -0.000785743 0.999682 0
0.472018 -0.881411 0.0176877 152.505 0.880855 0.472349 0.0313269 113.002 -0.0359667 0.000793438 0.999353 0
0.47171 -0.881469 0.0224162 152.925 0.880585 0.472241 0.0394684 113.765 -0.045376 0.00112176 0.998969 0
0.471647 -0.881437 0.0248548 153.33 0.880404 0.472298 0.0427041 114.48 -0.0493799 0.00174102 0.998779 0
0.47069 -0.88198 0.0237267 153.737 0.881108 0.471281 0.0392808 115.172 -0.0458268 0.0024167 0.998946 0
0.468745 -0.883034 0.0229895 154.124 0.882761 0.469219 0.0237971 115.918 -0.0318008 0.0091395 0.999452 0
0.466309 -0.884289 0.0242531 154.513 0.884345 0.466674 0.0122433 116.703 -0.0221449 0.015739 0.999631 0
0.464495 -0.885126 0.0282232 154.914 0.885363 0.464847 0.00711218 117.488 -0.0194146 0.0216842 0.999576 0
0.46304 -0.885983 0.0250716 155.334 0.885736 0.463582 0.0237145 118.26 -0.0326334 0.0112261 0.999404 0
0.461785 -0.88657 0.0273477 155.738 0.886048 0.462496 0.0318625 119.034 -0.0408965 0.00951773 0.999118 0
0.461199 -0.886635 0.034256 156.121 0.88639 0.462129 0.02736 119.795 -0.040089 0.0177458 0.999039 0
0.460916 -0.88672 0.0358201 156.497 0.886733 0.461786 0.02138 120.556 -0.0354993 0.0219084 0.99913 0
0.460735 -0.887104 0.0277531 156.86 0.886988 0.461324 0.0207725 121.324 -0.0312306 0.0150461 0.999399 0
0.460205 -0.887614 0.0187658 157.235 0.887316 0.460552 0.023731 122.084 -0.0297066 0.00573007 0.999542 0
0.459685 -0.887984 0.0131752 157.638 0.887469 0.459868 0.030333 122.826 -0.0329941 -0.00225099 0.999453 0
0.459235 -0.88824 0.0114792 158.031 0.887563 0.45934 0.0351935 123.575 -0.0365332 -0.00597353 0.999315 0
0.459239 -0.888155 0.0167326 158.418 0.887482 0.459543 0.0345913 124.35 -0.0384118 -0.00103577 0.999261 0
0.458801 -0.888239 0.0230812 158.796 0.887788 0.459326 0.0291768 125.104 -0.0365178 0.00710485 0.999308 0
0.45798 -0.888691 0.0219782 159.161 0.888369 0.458438 0.0252011 125.847 -0.0324716 0.00798313 0.999441 0
0.456569 -0.889527 0.0169429 159.534 0.889197 0.456867 0.0245299 126.591 -0.0295606 0.00386602 0.999555 0
0.454466 -0.890703 0.010432 159.893 0.890103 0.454549 0.0331948 127.287 -0.0343086 -0.00580041 0.999394 0
0.452172 -0.891621 0.0235018 160.276 0.890761 0.452771 0.0392731 128.009 -0.0456576 0.00317631 0.998952 0
0.451052 -0.891865 0.0335953 160.627 0.891049 0.452145 0.0399663 128.709 -0.0508345 0.0119082 0.998636 0
0.450839 -0.891625 0.0418218 160.962 0.891326 0.452206 0.0323567 129.384 -0.0477621 0.0226892 0.998601 0
0.451866 -0.891512 0.0319831 161.28 0.891211 0.45272 0.0280544 130.068 -0.0394902 0.0158269 0.999095 0
0.452639 -0.89149 0.0190703 161.606 0.8911 0.453014 0.026795 130.704 -0.0325266 0.00486514 0.999459 0
0.453275 -0.891327 0.00883642 161.927 0.890949 0.453344 0.0262483 131.345 -0.0274018 -0.00402491 0.999616 0
0.454835 -0.890533 0.00871071 162.254 0.890242 0.45491 0.022932 131.98 -0.0243843 -0.00267564 0.999699 0
0.458531 -0.888602 0.0116893 162.587 0.888342 0.45868 0.021461 132.613 -0.0244319 0.000543597 0.999701 0
0.462715 -0.886416 0.0126912 162.921 0.886091 0.462889 0.0240116 133.23 -0.0271589 0.000134985 0.999631 0
0.467628 -0.883833 0.0127695 163.243 0.88328 0.46779 0.0314524 133.823 -0.0337721 -0.00342898 0.999424 0
0.473291 -0.880745 0.0168734 163.549 0.879956 0.473583 0.0373724 134.414 -0.0409065 -0.0028402 0.999159 0
0.479312 -0.877572 0.0112605 163.821 0.876634 0.479337 0.0418285 134.972 -0.0421051 -0.0101776 0.999061 0
0.485774 -0.87405 0.00779696 164.122 0.873335 0.485707 0.0370818 135.519 -0.0361983 -0.011204 0.999282 0
0.492416 -0.87036 0.000516537 164.457 0.869988 0.492223 0.028944 136.124 -0.0254459 -0.0138031 0.999581 0
0.498477 -0.866886 -0.00532492 164.797 0.86671 0.498227 0.0241702 136.712 -0.0182998 -0.0166634 0.999694 0
0.503855 -0.863763 -0.00664645 165.148 0.863622 0.503593 0.0234622 137.297 -0.0169187 -0.0175616 0.999703 0
0.50875 -0.860902 -0.00459984 165.514 0.860726 0.508519 0.0236634 137.894 -0.0180327 -0.0159979 0.999709 0
0.513523 -0.858073 0.00234537 165.878 0.857761 0.513407 0.0256782 138.491 -0.0232379 -0.0111746 0.999668 0
0.518879 -0.854749 0.0129478 166.26 0.854315 0.519031 0.027435 139.088 -0.0301704 -0.00317396 0.99954 0
0.522456 -0.852564 0.013201 166.576 0.851997 0.522597 0.0315282 139.603 -0.0337786 -0.00522489 0.999416 0
0.524007 -0.851542 0.0170921 166.9 0.850941 0.524281 0.032076 140.099 -0.0362751 -0.00226369 0.999339 0
0.52226 -0.852615 0.0171181 167.237 0.851998 0.522535 0.0325068 140.681 -0.0366605 -0.00239241 0.999325 0
0.52058 -0.853632 0.017565 167.579 0.853004 0.520872 0.0328042 141.27 -0.0371518 -0.0020942 0.999307 0
0.520025 -0.853971 0.0175336 167.926 0.853282 0.520313 0.0344177 141.846 -0.0385147 -0.00293694 0.999254 0
0.520726 -0.853637 0.012188 168.246 0.852945 0.520807 0.0352645 142.405 -0.0364507 -0.0079674 0.999304 0
0.520814 -0.853657 0.00486075 168.573 0.853114 0.520672 0.0331181 142.955 -0.0308024 -0.0131016 0.99944 0
0.519883 -0.854237 4.21951e-05 168.901 0.853943 0.519706 0.0262173 143.517 -0.0224177 -0.0135939 0.999656 0
0.516753 -0.856134 0.000838915 169.265 0.855994 0.516686 0.0175963 144.075 -0.0154983 -0.00837483 0.999845 0
0.511856 -0.859065 -0.00332401 169.614 0.858926 0.511695 0.0203362 144.673 -0.0157692 -0.0132643 0.999788 0
0.507574 -0.861589 -0.00573058 169.951 0.8613 0.507204 0.0300873 145.298 -0.0230163 -0.0202073 0.999531 0
0.503401 -0.864026 0.00676692 170.335 0.863068 0.503186 0.0437808 145.93 -0.0412328 -0.016199 0.999018 0
0.500424 -0.865573 0.0189523 170.709 0.864026 0.500683 0.0526722 146.519 -0.0550807 -0.0099831 0.998432 0
0.49809 -0.866858 0.0215058 171.037 0.865281 0.498495 0.0528397 147.104 -0.0565251 -0.00771037 0.998371 0
0.495924 -0.868147 0.0195115 171.361 0.866769 0.496249 0.0494741 147.685 -0.0526334 -0.00762344 0.998585 0
0.492959 -0.869919 0.0152341 171.691 0.868985 0.493146 0.0408972 148.275 -0.0430899 -0.00692242 0.999047 0
0.490369 -0.87134 0.0174498 172.02 0.870831 0.49068 0.0297753 148.897 -0.0345067 0.000594946 0.999404 0
0.489616 -0.871654 0.0222657 172.405 0.871253 0.490084 0.0271362 149.516 -0.0345654 0.00611273 0.999384 0
0.489309 -0.871574 0.0305922 172.806 0.871242 0.490086 0.0274586 150.136 -0.038925 0.0132175 0.999155 0
0.488903 -0.871526 0.0376297 173.189 0.871286 0.489977 0.0279931 150.767 -0.0428344 0.0191004 0.9989 0
0.488051 -0.871879 0.0404227 173.506 0.871758 0.489215 0.0265703 151.368 -0.0429415 0.0222712 0.998829 0
0.486761 -0.872454 0.0434538 173.838 0.872552 0.48797 0.0231844 151.976 -0.0414315 0.0266305 0.998786 0
0.484882 -0.873249 0.0482226 174.16 0.873708 0.486123 0.0178352 152.577 -0.0390167 0.0334845 0.998677 0
0.483635 -0.873979 0.0475189 174.507 0.87438 0.484878 0.0187745 153.165 -0.0394494 0.0324695 0.998694 0
0.483226 -0.874077 0.0498068 174.839 0.874492 0.484614 0.0203282 153.792 -0.0419055 0.0337325 0.998552 0
