0.480565 -0.87665 0.0232865 0.687383 0.876925 0.48061 -0.00401009 0.55236 -0.0076763 0.0223477 0.999721 0
0.46809 -0.883405 0.0220683 0.78849 0.88368 0.467923 -0.0125237 0.441169 0.00073724 0.0253636 0.999678 0
0.482832 -0.875684 0.00719003 1.41021 0.875706 0.482778 -0.00806149 1.57928 0.00358813 0.0101887 0.999942 0
0.440975 -0.897478 0.00859008 2.03298 0.897491 0.440864 -0.0122288 2.75134 0.00718806 0.0131021 0.999888 0
0.438012 -0.898906 0.0106608 2.6538 0.898949 0.437893 -0.0118664 3.93056 0.00599852 0.0147812 0.999873 0
0.451748 -0.89202 0.0149981 3.27411 0.892144 0.451645 -0.00984968 5.11592 0.00201231 0.01783 0.999839 0
0.448242 -0.893701 0.0194501 3.8954 0.893911 0.448167 -0.00829154 6.30599 -0.00130673 0.0211033 0.999776 0
0.478792 -0.877529 0.026465 4.51515 0.877926 0.478632 -0.0124981 7.50109 -0.00169959 0.0292184 0.999572 0
0.412277 -0.910602 0.0288447 5.13438 0.911036 0.412283 -0.00603699 8.69945 -0.00639488 0.0287675 0.999566 0
0.499985 -0.865758 0.0218525 5.75419 0.865812 0.499126 -0.035246 9.90126 0.0196073 0.0365426 0.99914 0
0.453717 -0.88969 0.050915 6.37949 0.890496 0.454827 0.0122215 11.1162 -0.0340308 0.0397945 0.998628 0
0.500972 -0.865367 0.0129299 7.00034 0.864931 0.500083 -0.0425687 12.3278 0.0303715 0.0325092 0.99901 0
0.456763 -0.88895 0.0336977 7.64006 0.889156 0.455033 -0.0484328 13.5809 0.0277208 0.0520849 0.998258 0
0.498094 -0.867109 0.00486162 8.25755 0.866872 0.497807 -0.026864 14.782 0.0208739 0.0175952 0.999627 0
0.453213 -0.890082 0.0484988 8.87513 0.891237 0.451412 -0.0438527 15.9804 0.0171395 0.0630986 0.99786 0
0.458645 -0.888538 -0.0120512 9.493 0.888433 0.458785 -0.0142864 17.1766 0.0182229 -0.0041543 0.999825 0
0.458408 -0.888671 -0.0112545 10.1077 0.888511 0.45854 -0.0170026 18.3726 0.0202704 -0.00220564 0.999792 0
0.481461 -0.87643 -0.00808432 10.7638 0.875871 0.481454 -0.0324501 19.6682 0.0323325 0.00854267 0.999441 0
0.450763 -0.892625 -0.00573968 11.3434 0.891743 0.450587 -0.0420247 20.7977 0.0400985 0.0138248 0.9991 0
0.462487 -0.886554 -0.0112877 11.9188 0.883716 0.461962 -0.0750781 21.9221 0.0717753 0.0247475 0.997114 0
0.448487 -0.893788 0.00125434 12.4073 0.891083 0.44702 -0.0783838 22.8425 0.0694978 0.0362719 0.996922 0
0.464344 -0.885655 -0.000619303 12.7455 0.883559 0.463293 -0.0684333 23.4351 0.0608952 0.0312294 0.997656 0
0.460752 -0.886328 0.0461507 13.1162 0.887074 0.461557 0.0080144 24.1309 -0.0284046 0.0372464 0.998902 0
0.459595 -0.887002 0.0447205 13.5665 0.887838 0.46015 0.00242166 24.9684 -0.0227262 0.0385916 0.998997 0
0.459216 -0.887785 0.0309483 14.0086 0.888319 0.458814 -0.0194758 25.8354 0.00309086 0.0364356 0.999331 0
0.457874 -0.888465 0.0313188 14.4675 0.889011 0.457458 -0.0197886 26.7038 0.00325449 0.0369034 0.999314 0
0.457022 -0.888914 0.0310385 14.9252 0.889455 0.456704 -0.0170719 27.5785 0.001 0.0354096 0.999372 0
0.455889 -0.889476 0.0315961 15.3824 0.890036 0.455645 -0.0149559 28.5281 -0.00109369 0.0349399 0.999389 0
0.454823 -0.889991 0.0324337 15.8408 0.890576 0.454644 -0.013121 29.4086 -0.00306824 0.0348524 0.999388 0
0.454171 -0.890243 0.0345719 16.2979 0.890898 0.454055 -0.0115845 30.289 -0.0053845 0.0360614 0.999335 0
0.453713 -0.890525 0.0333061 16.7519 0.891105 0.453739 -0.00721982 31.1699 -0.00868285 0.032955 0.999419 0
0.453603 -0.890642 0.0316493 17.2027 0.891152 0.453672 -0.00536193 32.0501 -0.00958285 0.0306365 0.999485 0
0.453238 -0.890816 0.0319669 17.6541 0.891342 0.453294 -0.00590003 32.9269 -0.00923455 0.0311675 0.999471 0
0.453332 -0.890751 0.0324479 18.0845 0.891321 0.453268 -0.00975152 33.8785 -0.00602143 0.0333422 0.999426 0
0.453048 -0.890938 0.0312578 18.5332 0.891468 0.452986 -0.0094169 34.7713 -0.0057695 0.0321316 0.999467 0
0.451943 -0.891468 0.0321431 18.9856 0.892024 0.451897 -0.00910423 35.6616 -0.00640923 0.032787 0.999442 0
0.451021 -0.891878 0.0336625 19.4373 0.892483 0.450998 -0.00868688 36.5273 -0.0074341 0.0339612 0.999395 0
0.450437 -0.892213 0.0325947 19.8834 0.892779 0.450419 -0.00830878 37.3908 -0.00726806 0.0328424 0.999434 0
0.449964 -0.892592 0.0284983 20.3251 0.893041 0.449844 -0.0108451 38.2515 -0.00313952 0.0303301 0.999535 0
0.449622 -0.892829 0.0263914 20.7653 0.893219 0.449416 -0.0136065 39.1088 0.000287493 0.0296911 0.999559 0
0.448817 -0.893217 0.0269544 21.205 0.893624 0.448638 -0.0126923 39.9634 -0.00075584 0.0297836 0.999556 0
0.448535 -0.893253 0.0302525 21.6438 0.893755 0.448434 -0.0104232 40.8151 -0.00425569 0.0317135 0.999488 0
0.447358 -0.89403 0.0241147 22.0628 0.89433 0.447384 -0.00459262 41.6741 -0.0066826 0.0236211 0.999699 0
0.447941 -0.892923 0.0451378 22.5027 0.894039 0.447726 -0.0153125 42.5233 -0.00653652 0.0472141 0.998863 0
0.447036 -0.893298 0.0466638 22.9408 0.894496 0.446768 -0.016611 43.3675 -0.00600927 0.0491663 0.998773 0
0.446322 -0.893622 0.0472981 23.3763 0.894855 0.446019 -0.0173523 44.2075 -0.00558948 0.0500696 0.99873 0
0.445858 -0.894203 0.0401335 23.7965 0.895058 0.445839 -0.00992009 45.1061 -0.00902253 0.0403448 0.999145 0
0.444897 -0.894415 0.0456946 24.2305 0.895478 0.445041 -0.0075269 45.9316 -0.0136038 0.0442672 0.998927 0
0.443879 -0.894829 0.0474598 24.6535 0.895926 0.444181 -0.00456664 46.8039 -0.0169944 0.0445475 0.998863 0
0.443235 -0.895202 0.0464377 25.075 0.896251 0.443524 -0.00444509 47.6268 -0.016617 0.0435901 0.998911 0
0.442262 -0.895862 0.0428379 25.4917 0.896814 0.442326 -0.0084914 48.4428 -0.0113412 0.0421731 0.999046 0
0.441672 -0.896333 0.0388879 25.8912 0.897169 0.441433 -0.0150157 49.2993 -0.00370733 0.041521 0.999131 0
0.441744 -0.896547 0.0326393 26.2894 0.897141 0.441451 -0.0160842 50.1319 1.1615e-05 0.0363871 0.999338 0
0.440787 -0.897101 0.0302898 26.6851 0.897611 0.440566 -0.0139775 50.9265 -0.000805398 0.0333495 0.999443 0
0.439548 -0.897717 0.0300403 27.0742 0.898215 0.439398 -0.0117619 51.7078 -0.00264075 0.0321526 0.999479 0
0.437557 -0.898637 0.0315616 27.4428 0.899181 0.437445 -0.0107228 52.5278 -0.00417056 0.0330714 0.999444 0
0.435071 -0.899817 0.0322887 27.8172 0.900366 0.435069 -0.00747515 53.2833 -0.00732155 0.0323239 0.999451 0
0.433842 -0.900436 0.031567 28.1854 0.900953 0.433872 -0.00625869 54.0266 -0.00806047 0.0311557 0.999482 0
0.432527 -0.901066 0.0316477 28.5202 0.901597 0.432506 -0.00785712 54.8345 -0.00660804 0.0319319 0.999468 0
0.431402 -0.901585 0.0322023 28.8781 0.90213 0.431401 -0.0073219 55.5526 -0.00729081 0.0322094 0.999455 0
0.430436 -0.902046 0.0322147 29.2284 0.902577 0.430494 -0.00547104 56.2597 -0.00893312 0.0314312 0.999466 0
0.429473 -0.902515 0.0319293 29.5711 0.902998 0.429641 -0.00174276 56.9556 -0.0121453 0.0295806 0.999489 0
0.428455 -0.902989 0.032212 29.907 0.90343 0.428731 0.00186855 57.6381 -0.0154976 0.0283007 0.999479 0
0.427258 -0.903652 0.0293913 30.2338 0.903999 0.427523 0.00307885 58.3055 -0.0153477 0.0252542 0.999563 0
0.426466 -0.90416 0.0249155 30.5506 0.904444 0.426591 -0.000326543 58.9562 -0.0103335 0.022674 0.99969 0
0.425656 -0.904609 0.0223351 30.8605 0.904878 0.42562 -0.00658462 59.5889 -0.00354976 0.0230133 0.999729 0
0.425007 -0.904968 0.0200371 31.1613 0.90519 0.424885 -0.0102283 60.2049 0.000742802 0.0224844 0.999747 0
0.424769 -0.905099 0.0191716 31.4518 0.905302 0.424666 -0.00935116 60.8036 0.000322188 0.0213282 0.999772 0
0.416882 -0.90881 0.0165718 31.6677 0.90896 0.416832 -0.00648363 61.4823 -0.00101526 0.017766 0.999842 0
0.417751 -0.90839 0.0176683 31.9561 0.90856 0.417704 -0.00649562 62.0361 -0.00147956 0.0187663 0.999823 0
0.419233 -0.907634 0.0210966 32.238 0.907877 0.419072 -0.0117397 62.571 0.00181434 0.0240748 0.999709 0
0.414641 -0.909699 0.0228121 32.4959 0.909958 0.414305 -0.0180926 63.1327 0.00700767 0.02826 0.999576 0
0.419344 -0.907505 0.0241762 32.7629 0.907774 0.418882 -0.0220034 63.6434 0.00984123 0.0311735 0.999466 0
0.423275 -0.905796 0.0192718 33.0155 0.905951 0.422932 -0.0195366 64.1762 0.00954555 0.0257286 0.999623 0
0.430411 -0.902039 0.03274 33.2567 0.902526 0.429518 -0.0309889 64.6957 0.0138908 0.0428867 0.998983 0
0.435215 -0.900321 0.00317796 33.5024 0.900277 0.435151 -0.0120101 65.1772 0.00943003 0.008088 0.999923 0
0.441285 -0.897231 0.0156417 33.7547 0.897367 0.441198 -0.00878481 65.61 0.000980911 0.0179129 0.999839 0
0.449593 -0.892907 0.0241473 34.0009 0.893214 0.449596 -0.0055918 66.0309 -0.00586358 0.0240828 0.999693 0
0.460353 -0.887295 0.0279869 34.2398 0.887675 0.460462 -0.00279388 66.4413 -0.0104079 0.0261294 0.999604 0
0.475193 -0.879392 0.0293332 34.4775 0.879759 0.47542 0.000862303 66.8395 -0.0147039 0.0253963 0.999569 0
0.492522 -0.869649 0.0336496 34.7213 0.870084 0.492893 0.0031912 67.2219 -0.0193609 0.0277063 0.999429 0
0.513863 -0.856847 0.0419333 34.9724 0.857529 0.514425 0.00313263 67.5876 -0.0242557 0.0343493 0.999116 0
0.542871 -0.838075 0.05405 35.218 0.839221 0.543785 0.0026572 67.9656 -0.0316185 0.0439174 0.998535 0
0.595903 -0.801017 0.0571901 35.4893 0.802325 0.596888 0.000162413 68.3007 -0.0342662 0.0457882 0.998363 0
0.626233 -0.776719 0.0673842 35.7516 0.778411 0.627753 0.00179618 68.6758 -0.0436957 0.0513278 0.997725 0
0.657968 -0.751856 0.042322 36.0528 0.753007 0.657462 -0.0268857 68.9739 -0.00761096 0.0495587 0.998742 0
0.690434 -0.721868 0.0469971 36.3641 0.723331 0.689781 -0.0315215 69.2548 -0.00966341 0.055758 0.998398 0
0.728223 -0.684881 0.0250784 36.6741 0.685052 0.72849 0.00233064 69.5587 -0.0198656 0.0154828 0.999683 0
0.759388 -0.650197 0.0239511 37.0047 0.650328 0.759648 0.00288344 69.7887 -0.0200692 0.0133864 0.999709 0
0.794163 -0.607217 0.0243512 37.342 0.607353 0.794429 0.00222141 69.9996 -0.0206942 0.0130256 0.999701 0
0.828613 -0.559222 0.0258975 37.6866 0.559376 0.828913 0.00155501 70.1897 -0.0223364 0.013198 0.999663 0
0.861609 -0.506866 0.0267786 38.038 0.507028 0.861929 0.000844157 70.358 -0.0235091 0.0128502 0.999641 0
0.892472 -0.450209 0.0283823 38.3953 0.45045 0.892798 -0.00241423 70.503 -0.0242527 0.0149394 0.999594 0
0.919896 -0.391076 0.0291801 38.7581 0.391392 0.920206 -0.00579848 70.6221 -0.024584 0.0167548 0.999557 0
0.943121 -0.330978 0.0312573 39.1246 0.331294 0.943512 -0.00537616 70.7078 -0.0277122 0.0154257 0.999497 0
0.962322 -0.269815 0.0337221 39.4931 0.269944 0.962876 0.000730989 70.7621 -0.0326674 0.00839963 0.999431 0
0.975925 -0.215484 0.033736 39.8636 0.214873 0.97642 0.0208327 70.8106 -0.0374296 -0.0130822 0.999214 0
0.983447 -0.173936 0.0507678 40.2358 0.174446 0.98465 -0.00576748 70.8606 -0.0489853 0.0145283 0.998694 0
0.99588 -0.0731782 0.0535538 40.6116 0.0736869 0.997253 -0.00758414 70.8748 -0.0528516 0.0114991 0.998536 0
0.997954 -0.0183921 0.0612297 40.9898 0.0189026 0.999791 -0.00776815 70.8693 -0.0610741 0.00890966 0.998093 0
0.999256 0.0332921 0.0194664 41.3699 -0.0332325 0.999442 -0.0033785 70.8502 -0.019568 0.00272907 0.999805 0
0.996549 0.0737881 0.0380125 41.7427 -0.0740951 0.997228 0.00673221 70.8356 -0.0374104 -0.00952552 0.999255 0
0.99189 0.121502 0.0373045 42.1106 -0.120952 0.992518 -0.0166716 70.7806 -0.039051 0.0120243 0.999165 0
0.985928 0.160095 0.0481207 42.4617 -0.159089 0.986971 -0.0240637 70.7307 -0.0513462 0.0160696 0.998552 0
0.978635 0.199276 0.0506209 42.8284 -0.197703 0.979657 -0.0344352 70.6332 -0.0564532 0.0236916 0.998124 0
0.970966 0.233478 0.0520788 43.2001 -0.231818 0.972093 -0.035995 70.5279 -0.0590295 0.0228771 0.997994 0
0.962975 0.264134 0.0539736 43.5791 -0.26283 0.964373 -0.0301019 70.4179 -0.0600016 0.0148015 0.998089 0
0.9563 0.292245 0.00908879 43.9644 -0.292191 0.956336 -0.00683972 70.2962 -0.0106908 0.00388516 0.999935 0
0.948267 0.317337 0.00928994 44.3508 -0.317323 0.948313 -0.00301166 70.1555 -0.00976548 -9.20477e-05 0.999952 0
0.940372 0.340011 0.00966346 44.7393 -0.339973 0.94042 -0.00537593 69.9977 -0.0109156 0.00177006 0.999939 0
0.933043 0.359709 0.00631202 45.1313 -0.359633 0.933033 -0.0106364 69.8247 -0.00971532 0.00765417 0.999924 0
0.92616 0.377131 -0.000237532 45.5297 -0.377102 0.92608 -0.0130546 69.6423 -0.00470333 0.0121802 0.999915 0
0.919358 0.39342 -0.00159788 45.9385 -0.39341 0.919285 -0.0119872 69.4545 -0.00324711 0.0116492 0.999927 0
0.91364 0.406364 0.0114383 46.3449 -0.406165 0.913653 -0.0163612 69.5062 -0.0170992 0.0103024 0.999801 0
0.907478 0.419808 0.0156451 46.7623 -0.419575 0.907577 -0.0161425 69.3052 -0.0209759 0.00808469 0.999747 0
0.901671 0.432027 0.0184949 47.19 -0.431751 0.90183 -0.0171492 69.0835 -0.0240881 0.00747775 0.999682 0
0.875065 0.483646 0.018643 47.6277 -0.483351 0.875236 -0.0182616 68.8558 -0.0251491 0.00696896 0.999659 0
0.885258 0.464847 0.0153543 48.0764 -0.464555 0.885336 -0.0192245 68.613 -0.0225302 0.00988575 0.999697 0
0.881558 0.471811 0.0158372 48.5381 -0.471447 0.881618 -0.0220637 68.3581 -0.0243723 0.011984 0.999631 0
0.868919 0.494907 0.00682706 49.0186 -0.494915 0.868941 -0.000449883 68.1035 -0.00615496 -0.0029879 0.999977 0
0.872913 0.487821 0.0073847 49.5103 -0.487788 0.872943 -0.00583508 67.8234 -0.00929289 0.00149134 0.999956 0
0.862823 0.505496 -0.00314752 50.0233 -0.505304 0.862638 0.0228565 67.549 0.0142691 -0.0181307 0.999734 0
0.86998 0.493087 -0.000648174 50.5471 -0.493041 0.869915 0.0125401 67.2434 0.00674723 -0.0105901 0.999921 0
0.862004 0.50679 -0.010596 51.091 -0.506041 0.861571 0.0402131 66.9407 0.0295088 -0.0293018 0.999135 0
0.875344 0.483477 -0.00479485 51.6444 -0.483252 0.875169 0.0233818 66.6131 0.0155009 -0.01815 0.999715 0
0.880449 0.474137 0.0019697 52.2114 -0.474141 0.880443 0.00322375 66.2833 -0.00020571 -0.00377227 0.999993 0
0.884786 0.465932 0.00783336 52.7912 -0.465738 0.884729 -0.0185239 65.9479 -0.0155613 0.0127414 0.999798 0
0.8897 0.456333 0.0139036 53.3849 -0.455492 0.889304 -0.0408131 65.6053 -0.0309889 0.0299784 0.99907 0
0.89505 0.445507 0.0202416 53.9947 -0.443592 0.894044 -0.0625483 65.257 -0.0459626 0.0470049 0.997837 0
0.900842 0.43329 0.0272636 54.622 -0.429918 0.89905 -0.0829414 64.9029 -0.060449 0.062996 0.996181 0
0.884277 0.466844 0.0105632 55.2993 -0.466291 0.88399 -0.0336734 64.5296 -0.025058 0.0248511 0.999377 0
0.879746 0.475442 -0.00170167 55.9945 -0.475311 0.879408 -0.0268392 64.1646 -0.011264 0.0244205 0.999638 0
0.9011 0.432948 0.0239929 56.6535 -0.430024 0.899378 -0.0787356 63.7816 -0.0556671 0.0606311 0.996607 0
0.902085 0.429366 0.0434507 57.3317 -0.425175 0.901478 -0.0810126 63.3926 -0.0739539 0.0546061 0.995766 0
0.927021 0.369121 0.066198 58.0279 -0.357698 0.923356 -0.139521 62.9967 -0.112624 0.10566 0.988004 0
0.921008 0.384412 0.0630212 58.7395 -0.374287 0.918112 -0.130304 62.5931 -0.107951 0.0964231 0.989469 0
0.904322 0.421785 0.0655647 59.4645 -0.415512 0.905021 -0.0910285 62.1849 -0.0977319 0.0550761 0.993688 0
0.901669 0.430736 0.0381981 60.2033 -0.429582 0.902352 -0.0349253 61.7775 -0.0495117 0.0150819 0.99866 0
0.893863 0.448303 0.00585245 60.9502 -0.4483 0.893881 -0.00179638 61.3725 -0.00603672 -0.00101794 0.999981 0
0.884031 0.467075 0.0181574 61.6771 -0.467422 0.88316 0.0393032 60.9554 0.00232165 -0.0432324 0.999062 0
0.884701 0.466138 0.00449215 62.414 -0.466084 0.88469 -0.00946013 60.5733 -0.00838388 0.00627566 0.999945 0
0.891793 0.45088 0.0375784 63.0427 -0.451634 0.892088 0.0143455 60.1602 -0.0270551 -0.0297649 0.999191 0
0.892485 0.449591 0.0365768 63.7964 -0.450146 0.892917 0.00820865 59.8688 -0.0289695 -0.023791 0.999297 0
0.89394 0.445824 0.045963 64.5751 -0.446362 0.894851 0.00164059 59.5694 -0.0403986 -0.0219828 0.998942 0
0.89201 0.449798 0.0447222 65.3657 -0.450319 0.892866 0.00178229 59.2324 -0.0391293 -0.0217291 0.998998 0
0.889306 0.455342 0.0424145 66.1584 -0.455859 0.890047 0.00287851 58.8975 -0.0364402 -0.0218949 0.999096 0
0.885855 0.462176 0.0406683 66.9524 -0.462718 0.886494 0.0045476 58.5643 -0.0339504 -0.0228465 0.999162 0
0.873198 0.485283 0.0449951 67.7542 -0.4859 0.874009 0.00322207 58.2495 -0.0377624 -0.0246766 0.998982 0
0.868965 0.49322 0.0404091 68.5479 -0.493739 0.869604 0.00335364 57.9224 -0.0334858 -0.0228657 0.999178 0
0.8717 0.488373 0.040379 69.3448 -0.488651 0.872473 -0.00333126 57.6026 -0.0368565 -0.0168274 0.999179 0
0.854946 0.516672 0.0460186 70.1328 -0.517194 0.855868 -0.000656519 57.2687 -0.0397251 -0.0232392 0.99894 0
0.850361 0.524961 0.0360796 70.9307 -0.524889 0.851083 -0.0122156 56.9521 -0.0371194 -0.00855007 0.999274 0
0.878368 0.477954 0.00546773 71.7233 -0.477912 0.878376 -0.00745385 56.6315 -0.00836532 0.00393413 0.999957 0
0.866621 0.498942 -0.00495792 72.64 -0.49893 0.866635 0.00345504 57.0455 0.00602057 -0.000520548 0.999982 0
0.861363 0.507976 -0.0038837 73.3296 -0.507967 0.861371 0.00299236 56.616 0.00486535 -0.000604716 0.999988 0
0.849226 0.528017 0.0036313 74.0161 -0.527996 0.84923 -0.00543397 56.3263 -0.00595304 0.00269736 0.999979 0
0.843694 0.536814 0.00342475 74.6834 -0.536788 0.843694 -0.00626205 55.8904 -0.006251 0.00344489 0.999975 0
0.838041 0.545599 0.00305542 75.3422 -0.545575 0.838039 -0.00612388 55.45 -0.00590174 0.0034651 0.999977 0
0.832558 0.553932 0.00239674 75.9923 -0.553913 0.832555 -0.00578622 55.0055 -0.00520059 0.00348978 0.99998 0
0.827367 0.561658 0.00183187 76.6332 -0.561639 0.827359 -0.0061612 54.5573 -0.00497611 0.00406873 0.999979 0
0.821345 0.570432 -3.62626e-05 77.2635 -0.570426 0.821336 -0.00466336 54.1056 -0.00263034 0.00385091 0.999989 0
0.816488 0.577361 -0.000846096 77.8831 -0.577356 0.816473 -0.00556584 53.652 -0.00252269 0.00503294 0.999984 0
0.812723 0.582649 -0.0010469 78.4921 -0.582645 0.812706 -0.00582864 53.1975 -0.00254523 0.00534704 0.999982 0
0.817295 0.576214 -0.00251411 79.09 -0.576216 0.817268 -0.00698389 52.7417 -0.00196951 0.00715657 0.999972 0
0.78627 0.617879 -0.00226626 79.677 -0.617877 0.78624 -0.00735549 52.2848 -0.00276298 0.00718366 0.99997 0
0.798222 0.602361 -0.00175193 80.253 -0.602357 0.798198 -0.00681232 51.8277 -0.00270509 0.00649303 0.999975 0
0.800418 0.599352 -0.0104346 80.8181 -0.599423 0.800411 -0.00582599 51.3715 0.00486016 0.010918 0.999929 0
0.793987 0.607842 0.0105917 81.3722 -0.606961 0.793581 -0.0427474 50.9197 -0.0343891 0.0275121 0.99903 0
0.79207 0.610395 -0.00655961 81.9153 -0.61042 0.792074 -0.00259007 50.4739 0.00361473 0.00605563 0.999975 0
0.792562 0.609578 -0.0161665 82.4469 -0.609779 0.792439 -0.0145087 50.0363 0.0039668 0.0213571 0.999764 0
0.791495 0.611029 0.0133576 82.9647 -0.609908 0.791072 -0.0470948 49.6072 -0.0393432 0.0291284 0.998801 0
0.793127 0.608971 -0.0101754 83.4689 -0.609046 0.793098 -0.00766341 49.1876 0.00340325 0.0122753 0.999919 0
0.795066 0.60645 -0.00939429 83.9596 -0.606519 0.794907 -0.0160556 48.7818 -0.00226936 0.0184631 0.999827 0
0.798636 0.601723 -0.0104463 84.4344 -0.601799 0.798372 -0.0209748 48.3741 -0.00428101 0.0230379 0.999725 0
0.808633 0.58775 0.0257438 84.8788 -0.584569 0.807645 -0.0773842 47.8556 -0.0662744 0.0475263 0.996669 0
0.806022 0.59113 0.0299043 85.3096 -0.591789 0.805774 0.0226653 47.2823 -0.010698 -0.0359657 0.999296 0
0.820839 0.559056 -0.116959 85.7545 -0.554539 0.829105 0.0712099 46.8326 0.136781 0.00640631 0.990581 0
0.814089 0.579945 0.0303787 86.2127 -0.580516 0.814114 0.0148216 46.522 -0.016136 -0.0297014 0.999429 0
0.848471 0.529198 0.00685605 86.6817 -0.52921 0.848491 -5.51371e-05 46.2468 -0.00584648 -0.00358151 0.999977 0
0.848126 0.528979 -0.0293809 87.146 -0.528294 0.848593 0.0281946 46.0059 0.0398468 -0.00839085 0.999171 0
0.866052 0.49912 -0.0288597 87.6211 -0.498505 0.866494 0.0261017 45.7631 0.0380346 -0.00821871 0.999243 0
0.885748 0.463246 -0.0292286 88.0937 -0.462665 0.886191 0.0246377 45.5475 0.0373154 -0.00829977 0.999269 0
0.891715 0.449951 -0.0488772 88.5262 -0.447252 0.892578 0.0571891 45.4179 0.069359 -0.0291359 0.997166 0
0.90313 0.425038 -0.0608214 88.9809 -0.420639 0.904265 0.0732608 45.3113 0.0861373 -0.0405801 0.995456 0
0.928268 0.369203 -0.0448033 89.4574 -0.366725 0.928706 0.054944 45.1918 0.0618946 -0.0345723 0.997484 0
0.952596 0.303112 -0.0261622 89.9443 -0.302191 0.95264 0.0340385 45.1031 0.0352406 -0.0245189 0.999078 0
0.972825 0.231365 -0.00907919 90.4369 -0.231194 0.972763 0.0167945 45.0395 0.0127176 -0.014239 0.999818 0
0.988135 0.153469 0.00610271 90.9289 -0.153468 0.988153 -0.000697172 44.9966 -0.00613741 -0.000247672 0.999981 0
0.992476 0.116042 -0.0390602 91.426 -0.115134 0.993042 0.0247502 44.9956 0.0416605 -0.0200668 0.99893 0
0.999474 0.027795 -0.0167336 91.8987 -0.027775 0.999613 0.00142451 45.0099 0.0167667 -0.000958983 0.999859 0
0.997312 -0.0711038 0.0176678 92.3562 0.0715612 0.997077 -0.0267675 45.0716 -0.0157128 0.0279599 0.999486 0
0.984063 -0.16944 0.0539524 92.8041 0.17207 0.98389 -0.0485089 45.1711 -0.0448639 0.0570194 0.997365 0
0.960686 -0.262626 0.0900578 93.2444 0.268749 0.961068 -0.0642021 45.2953 -0.0696906 0.0858809 0.993865 0
0.931698 -0.343636 0.117697 93.6842 0.353092 0.932854 -0.0714812 45.4391 -0.0852306 0.108157 0.990474 0
0.881768 -0.438581 0.173584 94.1283 0.457275 0.885106 -0.0865253 45.6047 -0.115692 0.155671 0.981011 0
0.870142 -0.474239 0.13398 94.5735 0.485079 0.872186 -0.0631719 45.7932 -0.0868966 0.119959 0.988969 0
0.860441 -0.502479 0.0845919 95.0112 0.506731 0.861246 -0.0384646 46.005 -0.0535268 0.0759618 0.995673 0
0.847851 -0.528696 0.0403662 95.4322 0.529628 0.848064 -0.0167865 46.2415 -0.0253582 0.0356116 0.999044 0
0.865124 -0.492987 -0.0923258 95.8795 0.496191 0.868098 0.0141448 46.542 0.0731746 -0.0580482 0.995628 0
0.8284 -0.556895 -0.0601728 96.2485 0.558591 0.829308 0.0149472 46.7972 0.0415777 -0.0459943 0.998076 0
0.793817 -0.606867 -0.0395817 96.5971 0.607891 0.793711 0.0221748 47.0794 0.0179593 -0.0416642 0.99897 0
0.759851 -0.649877 -0.0169379 96.9245 0.650092 0.759485 0.0237231 47.3868 -0.00255301 -0.0290373 0.999575 0
0.713367 -0.699501 0.042494 97.2313 0.699526 0.714411 0.0167484 47.7658 -0.0420737 0.0177779 0.998956 0
0.705091 -0.708886 0.0180848 97.552 0.708762 0.705315 0.0136542 48.1337 -0.0224348 0.00319031 0.999743 0
0.69078 -0.722782 0.0202436 97.8968 0.722725 0.691043 0.0113392 48.4549 -0.022185 0.00679768 0.999731 0
0.681866 -0.731283 0.0168555 98.2416 0.731207 0.682059 0.0114646 48.793 -0.0198804 0.00450755 0.999792 0
0.676923 -0.735974 0.0108506 98.586 0.735833 0.677007 0.0145591 49.1466 -0.0180611 -0.00187121 0.999835 0
0.665101 -0.746707 0.00830488 98.9323 0.746508 0.665126 0.0182488 49.5136 -0.0191503 -0.00593761 0.999799 0
0.685321 -0.728159 0.0109068 99.2644 0.727934 0.68539 0.0187506 49.9363 -0.0211289 -0.00491073 0.999765 0
0.68284 -0.730448 0.0132225 99.6355 0.730054 0.682927 0.0251364 50.3241 -0.0273908 -0.00751099 0.999597 0
0.683226 -0.729996 -0.0175384 100.021 0.730036 0.683389 -0.00521712 50.7204 0.015794 -0.00923916 0.999833 0
0.684544 -0.728837 -0.0140375 100.417 0.728708 0.684687 -0.0137429 51.1236 0.0196276 -0.00082157 0.999807 0
0.697187 -0.713845 -0.0659974 100.798 0.715837 0.698193 0.0101597 51.5768 0.0388265 -0.0543266 0.997768 0
0.697906 -0.713294 -0.0643373 101.222 0.715171 0.698884 0.00952474 51.9965 0.0381704 -0.0526595 0.997883 0
0.699601 -0.711916 -0.0611015 101.649 0.713785 0.700221 0.0141726 52.4292 0.0326949 -0.0535284 0.998031 0
0.701216 -0.710901 -0.0539993 102.082 0.712498 0.701454 0.0175924 52.868 0.0253716 -0.0508104 0.998386 0
0.724232 -0.683043 -0.0945553 102.513 0.687404 0.725978 0.0207848 53.3445 0.0544482 -0.0800506 0.995303 0
0.720693 -0.689782 -0.0693002 102.983 0.692205 0.721495 0.0172204 53.7887 0.0381214 -0.0603805 0.997447 0
0.736964 -0.668497 -0.0999843 103.448 0.673128 0.739293 0.0185617 54.269 0.0615093 -0.0809815 0.994816 0
0.748022 -0.651917 -0.124371 103.931 0.658443 0.752461 0.0159785 54.7488 0.0831681 -0.0938437 0.992107 0
0.73665 -0.669423 -0.0960229 104.423 0.673136 0.739466 0.00885606 55.206 0.0650772 -0.0711603 0.99534 0
0.718935 -0.692428 -0.0606295 104.905 0.693776 0.720189 0.0016772 55.6725 0.0425034 -0.0432691 0.998159 0
0.699102 -0.714518 -0.0268534 105.384 0.714772 0.699358 -0.000213747 56.1466 0.0189329 -0.0190446 0.999639 0
0.707516 -0.704629 -0.0540201 105.866 0.705777 0.708428 0.00313997 56.6427 0.0360568 -0.0403477 0.998535 0
0.686585 -0.727006 -0.00801521 106.363 0.727049 0.686553 0.00660853 57.1386 0.000698431 -0.0103648 0.999946 0
0.655174 -0.753581 0.0535018 106.859 0.754109 0.656606 0.0137147 57.6469 -0.0454648 0.0313607 0.998474 0
0.622909 -0.775166 0.105364 107.358 0.777927 0.627999 0.0211216 58.1648 -0.0825414 0.0688088 0.994209 0
0.597947 -0.789619 0.1377 107.864 0.794592 0.606518 0.0275588 58.6904 -0.105279 0.0929368 0.99009 0
0.634582 -0.769626 0.0705851 108.414 0.770821 0.636889 0.014413 59.246 -0.0560475 0.0452622 0.997402 0
0.694323 -0.71801 -0.0487545 108.992 0.718842 0.695173 -0.000663861 59.831 0.0343695 -0.0345859 0.998811 0
0.682511 -0.730298 -0.0290421 109.546 0.730563 0.682842 -0.00210599 60.3959 0.0213691 -0.0197797 0.999576 0
0.708136 -0.70037 -0.089586 110.123 0.702946 0.711232 -0.00383817 61.0078 0.0664046 -0.0602562 0.995972 0
0.688497 -0.723769 -0.0461515 110.666 0.724449 0.689323 -0.00279651 61.5882 0.0338373 -0.0315091 0.998931 0
0.686705 -0.725726 -0.0419332 111.213 0.726317 0.687358 -0.00163579 62.2054 0.0300103 -0.0293335 0.999119 0
0.659462 -0.751613 0.0136603 111.751 0.751686 0.659521 -0.000309375 62.7961 -0.00877672 0.0104723 0.999907 0
0.627793 -0.775037 0.072064 112.29 0.77684 0.629681 0.00459408 63.3921 -0.0489379 0.0530981 0.997389 0
0.593917 -0.794692 0.125409 112.833 0.799935 0.599939 0.0133239 64.0091 -0.0858263 0.0924061 0.992016 0
0.604638 -0.789557 0.104946 113.389 0.793023 0.609048 0.0132092 64.6153 -0.0743464 0.0752376 0.99439 0
0.619807 -0.780981 0.0768572 113.96 0.782585 0.622399 0.0134057 65.2245 -0.0583054 0.0518384 0.996952 0
0.633251 -0.772305 0.050379 114.54 0.772699 0.634584 0.0154895 65.8435 -0.0439323 0.029119 0.99861 0
0.647646 -0.761413 0.0283737 115.129 0.761257 0.648193 0.0182451 66.4671 -0.0322837 0.00978335 0.999431 0
0.660983 -0.750359 0.00799761 115.729 0.75012 0.660989 0.0203355 67.0849 -0.0205453 -0.00744224 0.999761 0
0.672261 -0.740219 -0.0118375 116.336 0.740287 0.672013 0.0193294 67.7041 -0.00635306 -0.0217575 0.999743 0
0.682509 -0.730376 -0.027062 116.951 0.730832 0.682411 0.0141429 68.3249 0.00813777 -0.0294304 0.999534 0
0.691542 -0.72113 -0.0417287 117.566 0.722015 0.691804 0.0101325 68.9424 0.0215612 -0.0371358 0.999078 0
0.701486 -0.710521 -0.0554833 118.167 0.711876 0.70227 0.00708568 69.5576 0.0339297 -0.0444677 0.998434 0
0.710575 -0.700009 -0.0712133 118.753 0.702228 0.711893 0.00918816 70.1757 0.0442645 -0.0565368 0.997419 0
0.717279 -0.692092 -0.0807408 119.331 0.695073 0.718816 0.0133028 70.7991 0.048831 -0.0656626 0.996646 0
0.720187 -0.689342 -0.0783543 119.917 0.692404 0.721269 0.0186253 71.4209 0.0436753 -0.0676665 0.996752 0
0.717056 -0.693331 -0.0715717 120.512 0.696005 0.717759 0.0199802 72.0335 0.0375184 -0.0641412 0.997235 0
0.714223 -0.696968 -0.0641992 121.1 0.699038 0.714916 0.0154991 72.6326 0.0350947 -0.0559476 0.997817 0
0.707707 -0.70412 -0.0580139 121.69 0.705696 0.70844 0.0103286 73.2247 0.0338268 -0.0482497 0.998262 0
0.702708 -0.709054 -0.0586881 122.29 0.710852 0.703157 0.0160994 73.8252 0.0298516 -0.0530317 0.998147 0
0.696627 -0.716186 -0.0423023 122.927 0.717316 0.696368 0.0230034 74.4273 0.0129833 -0.0463689 0.99884 0
0.695005 -0.718755 -0.018967 123.537 0.718889 0.694178 0.0362533 75.0224 -0.0128907 -0.0388314 0.999163 0
0.698912 -0.715203 0.00241828 124.112 0.714659 0.698505 0.0367824 75.5777 -0.0279961 -0.0239795 0.99932 0
0.692622 -0.721069 -0.0183029 124.678 0.721222 0.691947 0.0323688 76.1092 -0.0106755 -0.0356198 0.999308 0
0.694212 -0.719168 -0.029444 125.232 0.719677 0.694201 0.0122578 76.7508 0.0116247 -0.0296997 0.999491 0
0.683632 -0.728924 -0.0362946 125.718 0.729428 0.684057 0.000949507 77.5515 0.0241355 -0.0271234 0.999341 0
0.682332 -0.729855 -0.0416501 126.309 0.730691 0.682662 0.00793258 78.1412 0.0226433 -0.035846 0.999101 0
0.680399 -0.731565 -0.0432326 126.875 0.732516 0.68067 0.0103912 78.777 0.0218253 -0.0387388 0.999011 0
0.677257 -0.734511 -0.0426293 127.438 0.735384 0.677604 0.00788837 79.4198 0.0230917 -0.0366914 0.99906 0
0.67455 -0.737027 -0.0421112 128.019 0.737844 0.674943 0.00622615 80.0006 0.0238338 -0.0352714 0.999094 0
0.672873 -0.738641 -0.0406325 128.589 0.739373 0.673279 0.00474514 80.587 0.023852 -0.0332354 0.999163 0
0.671844 -0.739839 -0.03556 129.154 0.740334 0.672238 0.00115759 81.1737 0.0230483 -0.027104 0.999367 0
0.670984 -0.740971 -0.0272471 129.716 0.741213 0.671268 -0.00178746 81.7578 0.0196145 -0.0189965 0.999627 0
0.670463 -0.741752 -0.0168301 130.276 0.741764 0.670627 -0.0067497 82.3392 0.0162933 -0.00795853 0.999836 0
0.669568 -0.742557 -0.0169858 130.828 0.742553 0.669742 -0.00776846 82.9284 0.0171446 -0.00741134 0.999826 0
0.675568 -0.736945 -0.0227875 131.369 0.737159 0.675717 0.00152118 83.5359 0.0142769 -0.0178257 0.999739 0
0.670007 -0.742178 -0.0162295 131.923 0.742129 0.670182 -0.0100446 84.0994 0.0183317 -0.00531444 0.999818 0
0.663595 -0.748035 -0.00924613 132.472 0.747874 0.663649 -0.0159304 84.6663 0.0180527 0.00365635 0.99983 0
0.65743 -0.753515 0.000855477 133.016 0.753409 0.657318 -0.017556 85.2374 0.0126664 0.0121864 0.999846 0
0.652087 -0.758023 0.0135412 133.557 0.758128 0.65185 -0.0182896 85.8105 0.00503707 0.0221924 0.999741 0
0.646651 -0.762564 0.0184175 134.095 0.762785 0.646505 -0.0138136 86.3858 -0.00137323 0.0229812 0.999735 0
0.642387 -0.766376 0.0028045 134.627 0.766381 0.642382 -0.00242445 86.9614 5.64784e-05 0.00370675 0.999993 0
0.63638 -0.771129 -0.0194988 135.16 0.771333 0.636408 0.00552976 87.534 0.00814502 -0.0185591 0.999795 0
0.683994 -0.728978 -0.0272647 135.633 0.728994 0.681681 0.0622773 88.1534 -0.026813 -0.0624731 0.997686 0
0.663114 -0.745742 -0.0644059 136.165 0.748503 0.660083 0.0635186 88.7393 -0.00485528 -0.0903281 0.9959 0
0.637157 -0.76543 -0.0902716 136.695 0.77051 0.635414 0.0506279 89.336 0.0186078 -0.101813 0.99463 0
0.605196 -0.785499 -0.12934 137.212 0.796074 0.596711 0.101004 89.9524 -0.00216004 -0.164092 0.986443 0
0.582551 -0.806858 -0.0980532 137.723 0.812459 0.581521 0.0417549 90.5776 0.0233297 -0.103989 0.994305 0
0.572565 -0.81861 -0.0452384 138.228 0.819147 0.573496 -0.0100451 91.2162 0.034167 -0.0313055 0.998926 0
0.533409 -0.843108 -0.0681495 138.721 0.843783 0.53601 -0.0269043 91.8703 0.059212 -0.0431524 0.997312 0
0.55494 -0.829141 -0.0675758 139.2 0.830648 0.556718 -0.00944074 92.5248 0.0454483 -0.0508926 0.997669 0
0.56159 -0.824534 -0.0689997 139.683 0.82699 0.562021 0.0148318 93.1636 0.02655 -0.0653914 0.997506 0
0.557805 -0.828762 -0.0448002 140.168 0.829842 0.557859 0.0124291 93.798 0.0146914 -0.0441101 0.998919 0
0.553797 -0.831983 -0.0333678 140.655 0.832647 0.553477 0.0190176 94.4201 0.00264603 -0.0383155 0.999262 0
0.56029 -0.824106 -0.0832135 141.132 0.828297 0.55739 0.05693 95.0387 -0.00053403 -0.100823 0.994904 0
0.570395 -0.816556 -0.0888 141.314 0.821361 0.567562 0.0569142 96.3995 0.00392593 -0.1054 0.994422 0
0.566234 -0.819329 -0.089885 141.83 0.824218 0.563724 0.053673 96.9889 0.00669447 -0.104476 0.994505 0
0.563566 -0.821159 -0.0899464 142.296 0.825961 0.561919 0.0451258 97.7002 0.0134871 -0.0997235 0.994924 0
0.56991 -0.817566 -0.0823971 142.763 0.821643 0.568248 0.0446925 98.3883 0.0102829 -0.0931717 0.995597 0
0.554773 -0.828562 -0.0755813 143.248 0.832002 0.552484 0.0503422 99.0158 4.58498e-05 -0.0908122 0.995868 0
0.57758 -0.814262 -0.0581333 143.708 0.816251 0.575037 0.055378 99.6842 -0.0116634 -0.0794365 0.996772 0
0.519967 -0.852433 -0.0546992 144.17 0.853965 0.517305 0.0560393 100.338 -0.0194736 -0.0758497 0.996929 0
0.52584 -0.849234 -0.0479051 144.636 0.850461 0.523973 0.0465584 100.974 -0.014438 -0.0652237 0.997766 0
0.532998 -0.84519 -0.0395921 145.101 0.846081 0.531962 0.0340985 101.609 -0.00775827 -0.0516725 0.998634 0
0.534048 -0.844511 -0.0399248 145.555 0.845447 0.533247 0.0294598 102.252 -0.00358935 -0.0494873 0.998768 0
0.539614 -0.841282 -0.0325775 146.002 0.841849 0.538694 0.0331685 102.904 -0.0103548 -0.0453235 0.998919 0
0.543954 -0.838783 -0.0235903 146.449 0.838983 0.543156 0.0329967 103.559 -0.0148639 -0.0377405 0.999177 0
0.53577 -0.844327 -0.00784489 146.893 0.844045 0.53529 0.0324447 104.221 -0.0231946 -0.0240043 0.999443 0
0.49629 -0.868154 0.00244365 147.333 0.867742 0.496138 0.0295216 104.887 -0.0268417 -0.0125308 0.999561 0
0.577564 -0.816314 0.0071161 147.767 0.816013 0.577556 0.0235031 105.557 -0.0232959 -0.00776772 0.999698 0
0.560492 -0.828092 0.0105889 148.197 0.82798 0.560591 0.0136414 106.23 -0.0172324 0.00112152 0.999851 0
0.41139 -0.911174 0.0228343 148.628 0.911396 0.411528 0.0015051 106.903 -0.0107684 0.0201919 0.999738 0
0.444229 -0.895391 0.0305848 149.057 0.895895 0.44418 -0.00875541 107.584 -0.00574563 0.0312902 0.999494 0
0.447908 -0.892903 0.0458523 149.475 0.892949 0.449332 0.0272733 108.275 -0.0449554 0.0287278 0.998576 0
0.455483 -0.889277 0.041485 149.887 0.889612 0.456421 0.0164225 108.973 -0.0335388 0.0294254 0.999004 0
0.455875 -0.889542 0.0298768 150.298 0.889371 0.456579 0.0235592 109.671 -0.034598 0.0158316 0.999276 0
0.480929 -0.875849 0.0399529 150.71 0.876204 0.481747 0.0136343 110.366 -0.0311888 0.0284498 0.999109 0
0.484405 -0.874393 0.0280851 151.126 0.874551 0.484824 0.0102998 111.057 -0.0226224 0.0195726 0.999552 0
0.455105 -0.887801 0.0684729 151.552 0.888638 0.457727 0.028438 111.744 -0.0565892 0.0479053 0.997248 0
0.519146 -0.854512 -0.0172021 152.003 0.854679 0.518957 0.0144234 112.42 -0.00339779 -0.0221901 0.999748 0
0.47142 -0.881856 0.00968646 152.465 0.881576 0.471515 0.0223055 113.089 -0.0242375 -0.00197589 0.999704 0
0.475361 -0.879237 0.0312007 152.91 0.87805 0.476352 0.0460173 113.776 -0.0553226 0.00552096 0.998453 0
0.473882 -0.880448 0.0157075 153.328 0.878643 0.473945 0.0579972 114.486 -0.0585081 -0.0136826 0.998193 0
0.475975 -0.879454 0.0030153 153.741 0.878924 0.475802 0.0332505 115.21 -0.030677 -0.0131762 0.999443 0
0.477753 -0.878198 0.0227984 154.137 0.878134 0.47814 0.0162308 115.955 -0.0251547 0.0122657 0.999608 0
0.468661 -0.883291 0.0123832 154.531 0.883214 0.468798 0.0127002 116.72 -0.0170232 0.00498487 0.999843 0
0.497938 -0.866536 -0.0342586 154.932 0.866801 0.49853 -0.0111185 117.52 0.0267135 -0.024159 0.999351 0
0.482794 -0.875659 -0.0115001 155.34 0.875723 0.482812 0.00128826 118.297 0.00442429 -0.0106928 0.999933 0
0.464612 -0.885397 0.014398 155.736 0.88523 0.464814 0.0177992 119.066 -0.0224518 0.00447585 0.999738 0
0.446473 -0.893748 0.043314 156.114 0.893711 0.447793 0.0276156 119.825 -0.0440771 0.0263806 0.99868 0
0.429722 -0.900437 0.0674769 156.48 0.901176 0.43237 0.0306357 120.577 -0.0567605 0.0476437 0.99725 0
0.41694 -0.90513 0.0830726 156.84 0.906701 0.420578 0.0317506 121.331 -0.0636769 0.0620839 0.996038 0
0.366848 -0.918787 0.145784 157.205 0.923962 0.378088 0.0578222 122.086 -0.108246 0.113487 0.987625 0
0.442511 -0.896074 0.0351501 157.582 0.896041 0.443388 0.0227528 122.859 -0.0359733 0.0214276 0.999123 0
0.483096 -0.874944 -0.0330431 157.975 0.875476 0.483247 0.0037885 123.642 0.0126532 -0.0307586 0.999447 0
0.497748 -0.86553 -0.0557139 158.369 0.866916 0.498452 0.00143088 124.429 0.0265323 -0.0490115 0.998446 0
0.434599 -0.899732 0.040073 158.775 0.89954 0.435828 0.0296769 125.177 -0.0441662 0.0231498 0.998756 0
0.429483 -0.901897 0.0461057 159.165 0.901992 0.430908 0.0269885 125.91 -0.0442081 0.0299959 0.998572 0
0.42547 -0.903626 0.0493434 159.539 0.903878 0.427004 0.0259193 126.629 -0.0444912 0.0335725 0.998446 0
0.418813 -0.906313 0.0564982 159.905 0.906502 0.420937 0.0326562 127.337 -0.0533789 0.0375389 0.997868 0
0.462393 -0.886669 -0.00328607 160.263 0.886657 0.462357 0.00806172 128.043 -0.00562874 -0.0066413 0.999962 0
0.457785 -0.888243 -0.0381874 160.62 0.888689 0.458416 -0.00933656 128.74 0.0257989 -0.0296626 0.999227 0
0.434679 -0.900577 -0.00396851 160.951 0.900585 0.434674 0.00220475 129.41 -0.000260543 -0.00453234 0.99999 0
0.429032 -0.90326 0.00728472 161.282 0.902778 0.429046 0.0301852 130.082 -0.0303906 -0.00637392 0.999518 0
0.426562 -0.904303 0.0167608 161.597 0.903947 0.426871 0.0257145 130.744 -0.0304084 0.00418208 0.999529 0
0.389613 -0.915936 0.09624 161.895 0.91866 0.393915 0.0299188 131.379 -0.0653141 0.0767551 0.994908 0
0.348282 -0.924463 0.15514 162.2 0.932274 0.358871 0.0455672 132.01 -0.0978004 0.128762 0.986841 0
0.357979 -0.922561 0.143987 162.517 0.929697 0.366486 0.0367633 132.637 -0.0866856 0.120704 0.988896 0
0.382316 -0.916975 0.11398 162.842 0.921751 0.387121 0.022636 133.257 -0.0648807 0.096407 0.993225 0
0.409874 -0.908715 0.0789904 163.169 0.911193 0.411859 0.00997816 133.868 -0.0416002 0.0678857 0.996825 0
0.437054 -0.898093 0.0491161 163.493 0.899073 0.437776 0.00450262 134.469 -0.0255456 0.0421911 0.998783 0
0.459819 -0.887132 0.0395501 163.813 0.886717 0.461097 0.0335029 135.06 -0.047958 0.0196644 0.998656 0
0.479629 -0.877112 0.0251268 164.131 0.876547 0.480241 0.032152 135.645 -0.0402678 0.00660383 0.999167 0
0.513021 -0.857194 -0.0450248 164.481 0.858045 0.513574 -0.000833755 136.268 0.0238382 -0.0382056 0.998986 0
0.510706 -0.859061 -0.034531 164.823 0.859731 0.510583 0.0129546 136.848 0.00650218 -0.0363034 0.99932 0
0.546922 -0.830587 -0.104892 165.199 0.835223 0.549911 0.000501266 137.469 0.0572647 -0.087882 0.994484 0
0.538791 -0.839041 -0.0756003 165.542 0.841707 0.539892 0.00678745 138.041 0.035121 -0.0672903 0.997115 0
0.525361 -0.850108 -0.036227 165.871 0.850834 0.525298 0.0120152 138.607 0.0088158 -0.0371355 0.999271 0
0.511573 -0.85923 0.00398947 166.183 0.859083 0.511563 0.0167268 139.16 -0.016413 -0.00512968 0.999852 0
0.497206 -0.866716 0.0398606 166.485 0.866612 0.498325 0.0256274 139.696 -0.0420752 0.0218016 0.998877 0
0.529846 -0.847973 -0.0143064 166.815 0.848061 0.529601 0.0177421 140.264 -0.00746817 -0.0215333 0.99974 0
0.495519 -0.867798 0.0372564 167.134 0.867564 0.496565 0.0274878 140.852 -0.042354 0.0187016 0.998928 0
0.439646 -0.890424 0.117711 167.458 0.892531 0.447781 0.0536728 141.394 -0.1005 0.0814636 0.991596 0
0.452063 -0.886017 0.103021 167.796 0.88721 0.458569 0.0507271 141.942 -0.0921875 0.0684696 0.993385 0
0.463173 -0.882346 0.0832869 168.145 0.882486 0.467828 0.04854 142.494 -0.081793 0.0510171 0.995343 0
0.511206 -0.85945 -0.00383213 168.342 0.859226 0.510959 0.0255135 143.473 -0.0199695 -0.0163353 0.999667 0
0.510091 -0.860055 -0.010641 168.698 0.860047 0.509847 0.0193705 144.016 -0.0112344 -0.0190325 0.999756 0
0.507837 -0.861373 -0.0117165 169.061 0.861444 0.507721 0.0115753 144.563 -0.004022 -0.0159715 0.999864 0
0.504704 -0.863254 -0.00819879 169.425 0.863286 0.50464 0.00876278 145.116 -0.00342707 -0.0115005 0.999928 0
0.502399 -0.864572 -0.0105321 169.778 0.864608 0.502248 0.0141184 145.714 -0.00691667 -0.0161992 0.999845 0
0.497953 -0.86719 -0.00495639 170.129 0.866953 0.497664 0.0268919 146.292 -0.0208537 -0.0176879 0.999626 0
0.492409 -0.870325 0.00822014 170.486 0.869602 0.492351 0.0371873 146.872 -0.0364123 -0.0111631 0.999274 0
0.483276 -0.875194 0.0219245 170.831 0.874445 0.48377 0.0362337 147.509 -0.0423179 0.00166086 0.999103 0
0.478785 -0.877664 0.0217045 171.173 0.876936 0.479273 0.0357843 148.094 -0.0418089 0.00190048 0.999124 0
0.476404 -0.878998 0.0200593 171.514 0.878409 0.47682 0.0322527 148.684 -0.0379147 0.00225497 0.999278 0
0.462118 -0.885915 0.0400228 171.842 0.885573 0.46339 0.0320906 149.339 -0.0469757 0.0206134 0.998683 0
0.455932 -0.887733 0.0636947 172.168 0.888106 0.458472 0.032738 149.987 -0.0582648 0.0416414 0.997432 0
0.496909 -0.863663 0.084664 172.528 0.864291 0.501305 0.0411591 150.573 -0.0779901 0.052722 0.995559 0
0.509922 -0.85781 0.0643511 172.877 0.857613 0.512772 0.0395556 151.214 -0.0669287 0.0350181 0.997143 0
0.504055 -0.863619 0.00954536 173.241 0.863543 0.50414 0.0116615 151.805 -0.0148833 0.00236478 0.999886 0
0.495798 -0.8684 -0.00813327 173.604 0.868106 0.495846 -0.0229911 152.395 0.0239983 0.00433842 0.999703 0
0.487921 -0.872886 0.00146848 173.966 0.872591 0.487711 -0.0268968 152.983 0.0227617 0.0144049 0.999637 0
0.473622 -0.880295 0.0276032 174.31 0.880726 0.473328 -0.01677 153.608 0.0016972 0.0322535 0.999478 0
0.469273 -0.882495 0.0313906 174.663 0.883049 0.469077 -0.0137808 154.186 -0.00256311 0.0341865 0.999412 0
