0.477284 -0.878556 0.0184031 0.681433 0.878745 0.477243 -0.00686302 0.552625 -0.00275319 0.0194472 0.999807 0
0.471443 -0.881728 0.0172317 1.06009 0.881891 0.471416 -0.00583898 1.53518 -0.00297491 0.0179492 0.999834 0
0.470365 -0.882329 0.0158888 1.47198 0.882468 0.470343 -0.00537693 2.31943 -0.00272896 0.0165505 0.999859 0
0.469159 -0.882964 0.016256 1.89593 0.883106 0.46915 -0.00461797 3.1068 -0.00354899 0.0165223 0.999857 0
0.437981 -0.895511 0.0789517 2.33376 0.896803 0.441344 0.0309748 3.8878 -0.0625831 0.0572378 0.996397 0
0.51331 -0.827354 -0.228032 2.78948 0.823133 0.549818 -0.141959 4.54773 0.242826 -0.114832 0.963249 0
0.469783 -0.882584 0.0187198 3.20934 0.882776 0.469751 -0.00632831 5.35113 -0.00320838 0.0194983 0.999805 0
0.46878 -0.883132 0.0179782 3.6385 0.883312 0.468733 -0.00703627 6.15621 -0.002213 0.0191788 0.999814 0
0.467681 -0.88372 0.0176802 4.0646 0.883894 0.467641 -0.00659708 6.96232 -0.00243803 0.0187128 0.999822 0
0.467472 -0.883846 0.0168904 4.49046 0.883995 0.467483 -0.00352542 7.77645 -0.00478007 0.0165791 0.999851 0
0.463278 -0.886032 0.0179212 4.85832 0.886148 0.463394 0.00267595 8.82152 -0.0106755 0.0146411 0.999836 0
0.464415 -0.88543 0.0182136 5.29157 0.885514 0.464577 0.00577431 9.66033 -0.0135744 0.0134467 0.999817 0
0.466004 -0.884551 0.0202662 5.72684 0.884653 0.466205 0.00644416 10.5023 -0.0151484 0.0149255 0.999774 0
0.467619 -0.883702 0.0200549 6.16723 0.883832 0.467785 0.00427276 11.3511 -0.0131572 0.0157271 0.99979 0
0.469019 -0.882997 0.0183464 6.60931 0.883142 0.469105 0.000414917 12.1987 -0.00897276 0.0160079 0.999832 0
0.470076 -0.882504 0.0146549 7.05479 0.882607 0.470111 -0.0011703 13.046 -0.00585661 0.0134846 0.999892 0
0.470672 -0.882216 0.0127559 7.50547 0.88229 0.470706 -0.000449167 13.8981 -0.00560801 0.0114658 0.999919 0
0.470697 -0.882149 0.0160656 7.96406 0.882255 0.470771 0.000940235 14.7664 -0.00839263 0.0137314 0.99987 0
0.470256 -0.882301 0.0201148 8.42659 0.882436 0.470416 0.00387717 15.6473 -0.0128832 0.0159268 0.99979 0
0.468799 -0.882807 0.0296605 8.8926 0.883186 0.469022 0.000635705 16.5142 -0.0144727 0.0258978 0.99956 0
0.467441 -0.883317 0.0353482 9.36367 0.883951 0.467544 -0.00579251 17.3802 -0.0114102 0.0339537 0.999358 0
0.470978 -0.881511 0.0334306 9.9501 0.882132 0.470841 -0.0123504 17.9978 -0.00485343 0.035307 0.999365 0
0.464907 -0.884904 0.0283894 10.2896 0.885347 0.464832 -0.00958931 19.1183 -0.00471068 0.0295926 0.999551 0
0.463772 -0.885563 0.0263373 10.7523 0.885943 0.463716 -0.00855936 20.0102 -0.00463315 0.0273029 0.999616 0
0.463126 -0.886092 0.0188728 11.2179 0.886261 0.463184 -0.00143054 20.9145 -0.00747398 0.0173887 0.999821 0
0.461856 -0.886541 0.0270969 11.6836 0.88689 0.461977 -0.00197224 21.8278 -0.0107697 0.0249429 0.999631 0
0.465628 -0.88459 0.0262796 12.2812 0.884912 0.465756 -0.00139576 22.4821 -0.0110052 0.0239051 0.999654 0
0.465094 -0.884844 0.0271677 12.7499 0.885161 0.465284 0.000767199 23.375 -0.0133196 0.023691 0.999631 0
0.464634 -0.885028 0.0290146 13.1962 0.88536 0.464898 0.0027392 24.2705 -0.0159131 0.0244156 0.999575 0
0.464521 -0.885036 0.0305368 13.6663 0.885409 0.464806 0.00257724 25.166 -0.0164746 0.0258404 0.99953 0
0.464732 -0.884883 0.0317135 14.1342 0.88532 0.464983 0.000609167 26.0414 -0.0152853 0.0277935 0.999497 0
0.465066 -0.884781 0.0295944 14.5837 0.885177 0.465253 -0.000606118 26.9272 -0.0132326 0.0264782 0.999562 0
0.464636 -0.885086 0.0271337 15.0396 0.885425 0.464781 -0.00106494 27.8206 -0.0116687 0.0245196 0.999631 0
0.463462 -0.885659 0.0284869 15.4944 0.886034 0.46362 -0.00120486 28.723 -0.01214 0.0257987 0.999593 0
0.458034 -0.888347 0.0323289 15.7797 0.888805 0.458285 0.000420342 29.8639 -0.0151892 0.0285415 0.999477 0
0.457534 -0.888632 0.0315761 16.23 0.889072 0.457768 0.000218071 30.7402 -0.0146483 0.0279736 0.999501 0
0.443478 -0.895103 0.0460255 16.6772 0.896044 0.443966 0.000410492 31.6229 -0.0208012 0.0410588 0.99894 0
0.456855 -0.8893 0.0206917 17.1276 0.889512 0.456905 -0.00256566 32.5125 -0.0071725 0.0195777 0.999783 0
0.456629 -0.889432 0.0200217 17.5826 0.88963 0.456675 -0.00247301 33.399 -0.00694384 0.0189411 0.999797 0
0.456636 -0.889307 0.0248196 18.0378 0.889588 0.456764 -0.000576177 34.2822 -0.0108243 0.0223423 0.999692 0
0.45648 -0.889117 0.0331134 18.4762 0.889686 0.456526 -0.00661586 35.1372 -0.00923486 0.0324805 0.99943 0
0.456093 -0.889389 0.0310715 18.9125 0.88982 0.456312 -6.16725e-05 35.9881 -0.0141234 0.0276761 0.999517 0
0.386549 -0.913173 0.129208 19.3486 0.919122 0.392995 0.0277597 36.8358 -0.0761273 0.108027 0.991229 0
0.43478 -0.898079 0.0664892 19.7892 0.900159 0.435548 -0.00323408 37.7076 -0.0260548 0.061257 0.997782 0
0.454124 -0.890257 0.0348284 20.2269 0.890742 0.454498 0.00323999 38.5763 -0.0187139 0.0295518 0.999388 0
0.453384 -0.890462 0.0389915 20.6639 0.891147 0.453715 -0.000408989 39.4445 -0.0173268 0.0349325 0.999239 0
0.452716 -0.890667 0.0419472 21.0914 0.891415 0.453184 0.00186231 40.3032 -0.0206685 0.0365493 0.999118 0
0.451934 -0.891066 0.0419208 21.5091 0.891803 0.452418 0.00235593 41.1407 -0.021065 0.0363203 0.999118 0
0.450936 -0.891656 0.0400687 21.9177 0.892405 0.451232 -0.0018359 41.9647 -0.0164433 0.0365854 0.999195 0
0.449946 -0.892425 0.0335549 22.3234 0.893007 0.449998 -0.00640163 42.7805 -0.00938667 0.0328451 0.999416 0
0.45377 -0.890679 0.0280108 22.9987 0.891104 0.45372 -0.00847563 43.3527 -0.00515998 0.0288065 0.999572 0
0.453128 -0.891123 0.0239869 23.4297 0.891429 0.45312 -0.00607956 44.2078 -0.00545132 0.0241375 0.999694 0
0.45185 -0.891722 0.0257545 23.8152 0.892053 0.451917 -0.00345807 44.9719 -0.00855529 0.0245369 0.999662 0
0.446034 -0.894667 0.025006 23.9284 0.894941 0.446185 0.000526267 46.0415 -0.0116281 0.0221441 0.999687 0
0.444949 -0.895229 0.0241984 24.304 0.895487 0.445087 0.000364891 46.8012 -0.0110971 0.021507 0.999707 0
0.443539 -0.895957 0.0231339 24.6766 0.896182 0.443685 0.00136616 47.5617 -0.0114882 0.0201262 0.999731 0
0.442277 -0.896586 0.0228994 25.0441 0.89681 0.442415 0.00104784 48.3171 -0.0110705 0.020073 0.999737 0
0.445949 -0.894729 0.0242977 25.6765 0.895004 0.446057 -0.00105443 48.7141 -0.00989473 0.0222167 0.999704 0
0.44486 -0.895285 0.0237586 26.0191 0.895526 0.445008 0.00105597 49.44 -0.0115181 0.0208067 0.999717 0
0.443407 -0.896019 0.0232529 26.3739 0.896203 0.443619 0.00466002 50.1641 -0.0144909 0.0187731 0.999719 0
0.441908 -0.896792 0.0219474 26.7082 0.896892 0.442167 0.00855071 50.8609 -0.0173726 0.0159058 0.999723 0
0.440378 -0.897507 0.0234001 27.0317 0.897677 0.440615 0.00589698 51.5244 -0.015603 0.0184088 0.999709 0
0.439587 -0.897863 0.0246044 27.3181 0.89815 0.439686 -0.00150082 52.1754 -0.00947072 0.0227582 0.999696 0
0.433954 -0.900672 0.0217822 27.3347 0.900917 0.433972 -0.00416048 53.1742 -0.00570561 0.0214294 0.999754 0
0.433118 -0.901171 0.0173103 27.6472 0.901336 0.433074 -0.00641614 53.824 -0.00171461 0.0183814 0.99983 0
0.432919 -0.901337 0.0131093 27.9533 0.901425 0.432931 -0.00211307 54.4581 -0.00377085 0.0127319 0.999912 0
0.436252 -0.899701 0.0149317 28.5323 0.899814 0.436266 -0.00243936 54.7255 -0.00431951 0.0144999 0.999886 0
0.430741 -0.902293 0.0181456 28.5029 0.902458 0.430771 -0.00238328 55.6365 -0.00566617 0.0174022 0.999833 0
0.430825 -0.902174 0.021703 28.775 0.902434 0.430744 -0.00850452 56.1921 -0.00167588 0.0232495 0.999728 0
0.399253 -0.914087 0.0710035 29.0384 0.916344 0.400388 0.00192306 56.7333 -0.0301868 0.0642958 0.997474 0
0.414208 -0.908604 0.0535772 29.2948 0.91011 0.414198 -0.0118072 57.2763 -0.0114635 0.0536518 0.998494 0
0.45898 -0.888303 -0.0159691 29.5425 0.88821 0.459198 -0.0148293 57.8053 0.0205059 -0.00737755 0.999763 0
0.449563 -0.893053 -0.0187244 29.924 0.890452 0.449714 -0.0696566 58.167 0.0706276 0.0146418 0.997395 0
0.304365 -0.938876 0.160853 30.2393 0.926564 0.330987 0.178683 58.5893 -0.221002 0.0946558 0.970669 0
0.458553 -0.888276 0.0263849 30.6162 0.888641 0.458564 -0.00595541 58.931 -0.00680913 0.0261776 0.999634 0
0.463713 -0.885524 0.0286062 30.5278 0.885913 0.463846 -0.00217847 59.7628 -0.0113398 0.0263528 0.999588 0
0.475809 -0.879211 0.0243857 30.7795 0.879483 0.475929 -0.000995533 60.2135 -0.0107306 0.0219205 0.999702 0
0.492392 -0.870148 0.0198103 31.0394 0.870302 0.492516 0.00162163 60.6318 -0.011168 0.0164425 0.999802 0
0.481373 -0.873957 0.0669204 31.2807 0.875349 0.483267 0.0147306 61.0181 -0.0452144 0.0514878 0.99765 0
0.506354 -0.859213 0.0732029 31.5132 0.860958 0.508505 0.0131724 61.3743 -0.0485419 0.0563547 0.99723 0
0.546053 -0.83567 0.0590083 31.7415 0.837071 0.547091 0.0017489 61.7237 -0.0337444 0.0484391 0.998256 0
0.570921 -0.818775 0.0604707 31.9759 0.820178 0.572101 0.00273416 62.0636 -0.036834 0.0480358 0.998166 0
0.624866 -0.780187 0.0291597 32.6039 0.780467 0.625191 0.00268455 62.0643 -0.0203248 0.0210807 0.999571 0
0.660391 -0.750398 0.0280439 32.9215 0.750632 0.660714 0.00314531 62.3644 -0.0208892 0.0189735 0.999602 0
0.695909 -0.717604 0.0274946 33.2492 0.717798 0.696241 0.00377939 62.6557 -0.021855 0.0171054 0.999615 0
0.731323 -0.681509 0.0266909 33.5677 0.681676 0.731645 0.00368199 62.9379 -0.0220376 0.0155018 0.999637 0
0.76787 -0.640106 0.0253174 33.8679 0.640257 0.768156 0.00267028 63.1677 -0.021157 0.0141592 0.999676 0
0.803818 -0.594367 0.0245839 34.1871 0.594511 0.804086 0.00175611 63.3753 -0.0208113 0.0132038 0.999696 0
0.836536 -0.547333 0.0251598 34.1758 0.547429 0.836845 0.00352423 63.9217 -0.0229838 0.0108251 0.999677 0
0.869553 -0.493246 0.0241951 34.5286 0.493318 0.869843 0.00330336 64.0813 -0.0226753 0.00906342 0.999702 0
0.900133 -0.434925 0.0244876 34.8865 0.435032 0.900415 0.00108776 64.2193 -0.0225221 0.00967374 0.9997 0
0.915146 -0.399362 0.054933 35.2386 0.400545 0.916198 -0.0120594 64.3564 -0.0455134 0.0330392 0.998417 0
0.958186 -0.285718 -0.015644 35.6102 0.286035 0.957904 0.0245527 64.4865 0.00797028 -0.0280007 0.999576 0
0.960403 -0.274557 0.0473869 35.9879 0.275374 0.961268 -0.0115441 64.6045 -0.042382 0.024136 0.99881 0
0.981385 -0.189804 0.0292806 36.7467 0.189878 0.981808 0.000254935 64.3353 -0.0287964 0.00530956 0.999571 0
0.991144 -0.129423 0.0297264 37.1538 0.129528 0.991575 -0.00160608 64.4171 -0.0292681 0.00544225 0.999557 0
0.997029 -0.0712197 0.0293248 37.5691 0.0714205 0.997429 -0.00585612 64.5018 -0.0288323 0.00793311 0.999553 0
0.999454 -0.0150211 0.029416 37.9715 0.0152559 0.999853 -0.00777563 64.5658 -0.0292948 0.00822015 0.999537 0
0.998795 0.0391432 0.0295932 38.3703 -0.0390192 0.999227 -0.00475572 64.6074 -0.0297564 0.00359529 0.999551 0
0.995745 0.0875679 0.0287107 38.6214 -0.0876234 0.996153 0.000677429 64.3349 -0.0285409 -0.00319027 0.999588 0
0.991542 0.127071 0.0263906 38.6 -0.127091 0.991891 -0.000937073 64.6083 -0.0262956 -0.00242486 0.999651 0
0.985225 0.169349 0.0255576 38.9702 -0.169111 0.985533 -0.0112241 64.5053 -0.0270887 0.00673619 0.99961 0
0.978033 0.206686 0.0270742 39.3533 -0.206224 0.978322 -0.0188947 64.406 -0.0303925 0.0128963 0.999455 0
0.974901 0.216962 0.0499516 39.738 -0.214824 0.975622 -0.0448521 64.4015 -0.0584651 0.0329955 0.997744 0
0.967237 0.249414 0.0473899 40.1257 -0.247779 0.968079 -0.0377961 64.3801 -0.055304 0.0248155 0.998161 0
0.952316 0.304038 0.0255767 40.8895 -0.304011 0.952655 -0.00506673 63.8868 -0.0259063 -0.00295046 0.99966 0
0.945883 0.323787 0.0216167 40.9269 -0.323925 0.946078 0.00312573 64.1913 -0.019439 -0.00995876 0.999761 0
0.937662 0.347045 0.0186752 41.3285 -0.347167 0.937797 0.00358621 64.0713 -0.016269 -0.00984606 0.999819 0
0.930747 0.365501 0.0109113 41.7234 -0.365554 0.930784 0.00325611 63.9059 -0.00896594 -0.00701928 0.999935 0
0.922711 0.385423 0.00730302 42.1175 -0.385426 0.922738 -0.000977613 63.7173 -0.00711557 -0.00191272 0.999973 0
0.914148 0.405377 0.00197913 42.8531 -0.405363 0.914141 -0.00514167 63.0457 -0.00389352 0.00389797 0.999985 0
0.909841 0.414891 0.00734695 42.9147 -0.414881 0.909871 -0.00292589 63.2605 -0.0078987 -0.000386014 0.999969 0
0.90356 0.428266 0.012916 43.3374 -0.428259 0.903649 -0.00345054 63.0508 -0.0131493 -0.00241363 0.999911 0
0.897444 0.440842 0.0159271 43.7662 -0.440819 0.897582 -0.00512776 62.8316 -0.0165564 -0.0024191 0.99986 0
0.889653 0.456416 0.0142022 44.5615 -0.456297 0.889761 -0.0109046 62.1575 -0.0176136 0.00322087 0.99984 0
0.884741 0.465933 0.0118166 45.0531 -0.465764 0.884789 -0.0145503 61.8877 -0.0172347 0.00736952 0.999824 0
0.880129 0.474646 0.00912359 45.5349 -0.474462 0.880113 -0.0169345 61.6623 -0.0160677 0.0105757 0.999815 0
0.879159 0.476451 0.00857952 45.6628 -0.476327 0.879168 -0.0132613 61.8511 -0.0138612 0.00757213 0.999875 0
0.876507 0.48132 0.00810675 46.1523 -0.481214 0.876519 -0.0121633 61.5837 -0.0129601 0.0067601 0.999893 0
0.874024 0.485813 0.00821384 46.6586 -0.485732 0.874049 -0.0101067 61.2954 -0.0120893 0.0048438 0.999915 0
0.883146 0.468597 0.0216585 47.1961 -0.467685 0.883128 -0.0368163 60.9733 -0.0363792 0.0223848 0.999087 0
0.85371 0.520723 -0.0052548 47.7397 -0.520264 0.853307 0.0345308 60.6521 0.0224649 -0.0267454 0.99939 0
0.878383 0.477642 0.0173638 48.2875 -0.47698 0.878329 -0.0320563 60.3259 -0.0305626 0.0198756 0.999335 0
0.865373 0.501046 0.00908827 49.1959 -0.50094 0.865402 -0.0117512 59.5459 -0.0137529 0.00561653 0.99989 0
0.86727 0.497776 0.00788769 49.433 -0.497698 0.867293 -0.0100036 59.6775 -0.0118205 0.00475013 0.999919 0
0.867545 0.497333 0.00512233 50.0367 -0.497215 0.867496 -0.0151014 59.3423 -0.011954 0.0105543 0.999873 0
0.86859 0.495529 0.0014695 50.665 -0.495392 0.868413 -0.0211184 58.9975 -0.0117409 0.0176153 0.999776 0
0.867739 0.497018 -0.0016321 51.6514 -0.496866 0.867381 -0.0278313 58.1846 -0.012417 0.0249612 0.999611 0
0.872465 0.488674 -0.00182481 51.9649 -0.488564 0.872178 -0.0247239 58.2976 -0.0104904 0.0224623 0.999693 0
0.8746 0.484842 -0.00148156 52.6214 -0.484732 0.874328 -0.0242028 57.9432 -0.0104392 0.0218859 0.999706 0
0.876804 0.480848 -0.000152093 53.2967 -0.48072 0.876562 -0.0234183 57.5823 -0.0111273 0.0206064 0.999726 0
0.878835 0.477122 0.00197129 53.9899 -0.476963 0.878635 -0.0225095 57.2128 -0.0124718 0.0188419 0.999745 0
0.881143 0.472821 0.00514789 54.6959 -0.47267 0.881058 -0.0178921 56.836 -0.0129953 0.0133322 0.999827 0
0.882557 0.47018 0.00495628 55.4076 -0.469995 0.882428 -0.020614 56.4552 -0.0140659 0.0158636 0.999775 0
0.881992 0.471257 0.00251885 56.4229 -0.47106 0.881756 -0.0246789 55.5709 -0.0138511 0.0205801 0.999692 0
0.88547 0.464692 0.00211443 56.8235 -0.464588 0.885352 -0.0176283 55.6844 -0.0100637 0.014627 0.999842 0
0.885564 0.464515 0.00129147 57.5575 -0.464466 0.885504 -0.0123967 55.316 -0.00690204 0.0103782 0.999922 0
0.885532 0.46457 0.00280405 58.3056 -0.464541 0.885521 -0.00740887 54.9461 -0.00592499 0.0052582 0.999969 0
0.885092 0.465344 0.00818729 59.0405 -0.465336 0.885129 -0.0029552 54.5733 -0.008622 -0.00119422 0.999962 0
0.884975 0.4656 0.00600284 59.7641 -0.465592 0.884995 -0.00265034 54.1954 -0.00654648 -0.000449394 0.999978 0
0.913596 0.404728 0.0392219 60.4679 -0.399352 0.911235 -0.100842 53.808 -0.076554 0.0764657 0.994129 0
0.900788 0.433585 0.0242064 61.195 -0.4321 0.900467 -0.04949 53.4227 -0.0432552 0.0341204 0.998481 0
0.88545 0.464516 0.0142266 61.9296 -0.464555 0.885544 -0.000614461 53.0647 -0.0128837 -0.00606497 0.999899 0
0.885295 0.464951 0.0086335 62.6562 -0.464969 0.885327 0.000198085 52.6977 -0.00755137 -0.00418968 0.999963 0
0.913152 0.405475 0.0417466 63.3722 -0.400365 0.911422 -0.094965 52.3279 -0.0765547 0.0700036 0.994605 0
0.892154 0.451061 0.0245892 64.1151 -0.450655 0.892465 -0.0204231 51.9779 -0.031157 0.00713929 0.999489 0
0.890263 0.45463 0.0272611 64.8487 -0.454252 0.890668 -0.019112 51.6236 -0.0329695 0.00463131 0.999446 0
0.876926 0.480331 0.0167865 65.5953 -0.480505 0.876953 0.00828686 51.2095 -0.0107405 -0.015333 0.999825 0
0.8729 0.487588 0.0174303 66.3294 -0.487742 0.872969 0.00573606 50.8071 -0.0124193 -0.0135085 0.999832 0
0.868937 0.494612 0.0175556 67.0384 -0.494767 0.869006 0.00574532 50.4026 -0.0124142 -0.0136783 0.999829 0
0.865374 0.500816 0.0176318 67.7268 -0.500903 0.865503 0.000572282 50.0079 -0.0149737 -0.00932704 0.999844 0
0.857763 0.513803 0.0157969 68.407 -0.513945 0.857799 0.00651314 49.6161 -0.0102041 -0.0137054 0.999854 0
0.849969 0.526527 0.0179334 69.3573 -0.526689 0.850039 0.00563287 48.6584 -0.0122782 -0.0142331 0.999823 0
0.846578 0.531931 0.0188447 69.7576 -0.532127 0.846633 0.00726218 48.7751 -0.0120916 -0.0161758 0.999796 0
0.840453 0.541557 0.0188169 70.4359 -0.541734 0.840531 0.00568158 48.335 -0.0127393 -0.0149689 0.999807 0
0.851798 0.523113 0.0281573 71.0987 -0.521674 0.851917 -0.0457475 47.8924 -0.0479188 0.0242787 0.998556 0
0.847647 0.529706 0.0300868 71.7524 -0.528389 0.847945 -0.0423488 47.4538 -0.0479443 0.0199993 0.99865 0
0.828632 0.559248 0.0247102 72.3947 -0.559288 0.828952 -0.00592087 47.0418 -0.0237949 -0.0089139 0.999677 0
0.817289 0.57595 0.0178789 73.0093 -0.576138 0.817315 0.00775741 46.6349 -0.0101448 -0.0166408 0.99981 0
0.811307 0.584413 0.0156028 73.6049 -0.584554 0.811328 0.00654546 46.233 -0.00883379 -0.0144311 0.999857 0
0.805988 0.591571 0.0206718 74.2073 -0.591816 0.806029 0.00839385 45.7871 -0.0116965 -0.0189992 0.999751 0
0.800685 0.598889 0.0153081 74.8103 -0.599036 0.800686 0.00763527 45.3243 -0.00768429 -0.0152835 0.999854 0
0.835307 0.548038 0.0437847 75.4126 -0.543001 0.834852 -0.0903938 44.8662 -0.086093 0.0517314 0.994943 0
0.768378 0.63994 0.0085305 76.0103 -0.639318 0.766882 0.0562532 44.4101 0.0294568 -0.0486774 0.99838 0
0.789651 0.613324 0.0168738 76.5667 -0.613405 0.789769 -0.000473234 43.9871 -0.0136166 -0.00997677 0.999858 0
0.787713 0.615798 0.0173524 77.1128 -0.61584 0.787864 -0.00342484 43.5481 -0.0157803 -0.00798852 0.999844 0
0.787661 0.615837 0.0183133 77.6631 -0.615781 0.787863 -0.00922744 43.12 -0.020111 -0.00400892 0.99979 0
0.785628 0.618463 0.0170809 78.2092 -0.618448 0.785797 -0.00679134 42.7007 -0.0176223 -0.00522816 0.999831 0
0.785923 0.618139 0.0151526 78.7198 -0.618109 0.78606 -0.0071533 42.2907 -0.0163326 -0.00374399 0.99986 0
0.787849 0.615729 0.0131534 79.2075 -0.615702 0.787953 -0.00647079 41.8915 -0.0143485 -0.00300056 0.999893 0
0.788221 0.615302 0.0105186 79.9069 -0.61524 0.788291 -0.00879274 40.9003 -0.0137019 0.000459138 0.999906 0
0.792236 0.610176 0.00688686 80.3884 -0.610094 0.792253 -0.0109425 40.5278 -0.012133 0.00446743 0.999916 0
0.801393 0.598136 0.00180981 80.6339 -0.598058 0.801331 -0.0139705 40.8101 -0.00980654 0.0101135 0.999901 0
0.808844 0.588015 -0.00311039 81.1036 -0.587951 0.80865 -0.0199529 40.4926 -0.00921739 0.0179675 0.999796 0
0.81546 0.578773 -0.00685981 81.7797 -0.578748 0.815132 -0.0246989 39.5613 -0.00870341 0.0241111 0.999671 0
0.830423 0.557088 -0.00714143 81.9604 -0.557109 0.830199 -0.019965 39.9178 -0.00519346 0.020558 0.999775 0
0.843703 0.536758 -0.00750539 82.3848 -0.536806 0.843555 -0.015972 39.663 -0.0022419 0.0175046 0.999844 0
0.875338 0.483482 0.00534208 82.8329 -0.482281 0.873844 -0.0616554 39.4105 -0.0344774 0.0513929 0.998083 0
0.889425 0.457008 0.00820742 83.3169 -0.455856 0.888211 -0.057238 39.1657 -0.0334481 0.0471675 0.998327 0
0.881628 0.471819 -0.0108918 83.8365 -0.471707 0.881681 0.0114299 38.9541 0.014996 -0.00493917 0.999875 0
0.904819 0.425785 -0.00322783 84.5492 -0.425787 0.90472 -0.0136475 38.1502 -0.00289061 0.0137229 0.999902 0
0.923873 0.382697 0.00103315 84.991 -0.382639 0.923774 -0.0151558 38.0006 -0.0067545 0.0136068 0.999885 0
0.943419 0.331569 0.00483377 85.2366 -0.331489 0.943375 -0.012592 38.54 -0.00873516 0.0102772 0.999909 0
0.959514 0.281599 0.00592306 85.7206 -0.281509 0.959474 -0.0127379 38.4571 -0.00926999 0.0105548 0.999901 0
0.973221 0.229717 0.00839624 86.2119 -0.229621 0.973217 -0.0110646 38.3948 -0.0107131 0.00884038 0.999904 0
0.985405 0.170161 0.00463062 86.6833 -0.170081 0.985328 -0.0141944 38.3587 -0.00697802 0.0131997 0.999889 0
0.994342 0.106218 0.0011785 87.1559 -0.106185 0.994214 -0.0162113 38.3576 -0.00289362 0.0159945 0.999868 0
0.999366 0.0349723 -0.00665574 87.629 -0.0350966 0.999192 -0.0195837 38.3903 0.00596548 0.0198048 0.999786 0
0.999439 -0.0325661 -0.00786474 88.1022 0.0324128 0.999296 -0.0188921 38.4545 0.00847445 0.0186266 0.999791 0
0.994801 -0.10105 -0.0126825 88.805 0.100784 0.994705 -0.0201124 37.8783 0.0146477 0.0187297 0.999717 0
0.984817 -0.172953 -0.0149325 89.2906 0.172649 0.984786 -0.0197072 37.9925 0.0181137 0.0168299 0.999694 0
0.97009 -0.242303 -0.0146508 89.7387 0.241975 0.970053 -0.0210876 38.118 0.0193217 0.0169117 0.99967 0
0.951035 -0.308863 -0.0116908 90.1674 0.308587 0.95097 -0.0207451 38.2786 0.0175249 0.0161217 0.999716 0
0.925817 -0.377937 -0.00512424 90.3789 0.377823 0.925748 -0.0155313 39.1774 0.0106136 0.0124431 0.999866 0
0.898633 -0.438701 0.000463228 90.8096 0.438668 0.898551 -0.0133081 39.4249 0.00542203 0.0121623 0.999911 0
0.868617 -0.495456 0.00522617 91.2229 0.495483 0.868568 -0.00927719 39.678 5.71504e-05 0.0106478 0.999943 0
0.837249 -0.546746 0.00908312 91.6168 0.546802 0.837244 -0.00552474 39.9465 -0.00458416 0.00959226 0.999943 0
0.80907 -0.587621 0.0103999 92.1756 0.587673 0.809095 -0.00262763 39.5344 -0.00687048 0.00823768 0.999942 0
0.779607 -0.626187 0.0101613 92.5106 0.626185 0.779666 0.00370422 39.7927 -0.010242 0.00347503 0.999942 0
0.75611 -0.654415 0.00624147 92.8832 0.654373 0.756134 0.00758038 40.0136 -0.0096801 -0.00164734 0.999952 0
0.740939 -0.671562 0.00376393 93.231 0.671531 0.740944 0.00692968 40.3607 -0.00744257 -0.00260688 0.999969 0
0.726552 -0.687098 0.00430819 93.5851 0.687077 0.726564 0.00544168 40.7016 -0.00686914 -0.00099361 0.999976 0
0.714813 -0.699263 0.00856169 93.9464 0.699259 0.714858 0.00399341 41.0155 -0.00891284 0.00313229 0.999955 0
0.706092 -0.708069 0.0084687 94.3134 0.708068 0.706135 0.003632 41.326 -0.00855175 0.00343189 0.999958 0
0.695861 -0.718166 0.00399946 94.4115 0.718118 0.695864 0.00886238 42.4157 -0.00914774 -0.0032949 0.999953 0
0.691072 -0.722786 -8.58893e-05 94.7388 0.722728 0.691015 0.0127564 42.8146 -0.00916077 -0.00887763 0.999919 0
0.688279 -0.725429 -0.00507932 95.0577 0.725406 0.688149 0.0154288 43.2097 -0.00769713 -0.0143039 0.999868 0
0.690523 -0.723281 -0.00650679 95.6794 0.723306 0.69046 0.00971002 42.8926 -0.0025304 -0.0114114 0.999932 0
0.69167 -0.722193 -0.00556821 96.0485 0.722214 0.691656 0.00437061 43.2665 0.000694864 -0.00704446 0.999975 0
0.695458 -0.718544 -0.00578295 96.4318 0.718552 0.695473 -0.000939947 43.6828 0.00469728 -0.00350165 0.999983 0
0.699033 -0.715041 -0.00828765 96.8339 0.715034 0.699076 -0.00427333 44.0956 0.0088493 -0.00293875 0.999957 0
0.698497 -0.715482 -0.0136826 96.9896 0.715555 0.698556 0.000602161 45.2269 0.00912719 -0.0102112 0.999906 0
0.702006 -0.711986 -0.0162342 97.4181 0.712136 0.702016 0.0059966 45.661 0.00712718 -0.0157706 0.99985 0
0.7061 -0.707824 -0.0202022 97.8591 0.708107 0.705913 0.016457 46.1063 0.00261236 -0.0259256 0.99966 0
0.708233 -0.705904 -0.0102232 98.3076 0.705973 0.708096 0.0142257 46.5489 -0.00280296 -0.0172924 0.999847 0
0.715978 -0.698033 -0.011224 99.0023 0.698049 0.715575 0.0260978 46.2907 -0.0101855 -0.0265203 0.999596 0
0.718575 -0.695373 -0.0103236 99.4502 0.695302 0.718037 0.0312772 46.6874 -0.0143366 -0.029653 0.999457 0
0.71557 -0.698447 -0.0114674 99.6757 0.698431 0.71507 0.0294769 47.886 -0.012388 -0.0291019 0.9995 0
0.715035 -0.698973 -0.0127511 100.169 0.699054 0.714698 0.0230397 48.3638 -0.0069909 -0.0253879 0.999653 0
0.714131 -0.699833 -0.0158506 100.658 0.700012 0.713958 0.0157208 48.8472 0.000314735 -0.0223223 0.999751 0
0.712415 -0.701502 -0.0189735 101.149 0.701743 0.71232 0.0125134 49.3426 0.00473707 -0.0222292 0.999742 0
0.710496 -0.703418 -0.019955 101.643 0.703681 0.710403 0.0126592 49.8368 0.00527141 -0.0230363 0.999721 0
0.70877 -0.705261 -0.0158857 102.142 0.70544 0.708578 0.0164923 50.3352 -0.000375103 -0.0228956 0.999738 0
0.71058 -0.703495 -0.0130599 102.978 0.703583 0.710247 0.0227904 50.1343 -0.00675718 -0.0253832 0.999655 0
0.708939 -0.705187 -0.0108491 103.483 0.70519 0.708542 0.0259834 50.6424 -0.0106361 -0.0260713 0.999604 0
0.708274 -0.705771 -0.0153381 103.993 0.705895 0.707827 0.0263132 51.1864 -0.00771439 -0.0294641 0.999536 0
0.706086 -0.70787 -0.0190594 104.512 0.708121 0.705723 0.0227992 51.7374 -0.00268819 -0.0295946 0.999558 0
0.703245 -0.710508 -0.024986 105.072 0.710945 0.702906 0.0219259 52.3132 0.00198428 -0.0331829 0.999447 0
0.700038 -0.713534 -0.028554 105.639 0.714097 0.699664 0.0231598 52.8852 0.00345285 -0.036603 0.999324 0
0.693365 -0.720108 -0.0262666 105.909 0.720587 0.69289 0.0256566 54.2156 -0.000275681 -0.0367168 0.999326 0
0.691335 -0.722163 -0.023138 106.481 0.722529 0.690854 0.0259456 54.8063 -0.00275199 -0.034655 0.999396 0
0.690028 -0.723527 -0.0192523 107.057 0.723753 0.689511 0.0274972 55.3987 -0.00662025 -0.0329077 0.999436 0
0.689258 -0.724383 -0.0138816 107.639 0.724464 0.688853 0.0251673 56.0009 -0.00866837 -0.0274036 0.999587 0
0.693386 -0.72046 -0.0124157 108.526 0.720522 0.693049 0.0230248 55.8418 -0.00798375 -0.0249108 0.999658 0
0.693537 -0.720333 -0.0113051 109.079 0.720382 0.693248 0.0213867 56.4513 -0.00756834 -0.0229765 0.999707 0
0.693986 -0.719819 -0.0156202 109.64 0.719966 0.693633 0.0228537 57.0549 -0.00561587 -0.0271062 0.999617 0
0.694865 -0.718842 -0.0207087 110.223 0.719132 0.694435 0.0246819 57.6868 -0.00336156 -0.0320429 0.999481 0
0.695939 -0.717568 -0.0276547 110.795 0.718092 0.695223 0.0317608 58.2866 -0.00356435 -0.0419622 0.999113 0
0.697701 -0.715684 -0.0317637 111.401 0.716371 0.69668 0.0380815 58.909 -0.00512523 -0.0493241 0.99877 0
0.700206 -0.713181 -0.0329335 111.97 0.713924 0.69913 0.0391159 59.5138 -0.00487195 -0.0509012 0.998692 0
0.702012 -0.71142 -0.0325808 112.581 0.712159 0.701075 0.0363732 60.1551 -0.00303499 -0.0487371 0.998807 0
0.703722 -0.70992 -0.0280748 113.225 0.71047 0.703024 0.0314587 60.8008 -0.0025959 -0.0420845 0.999111 0
0.703298 -0.710505 -0.0235517 113.833 0.71089 0.702771 0.0273625 61.4129 -0.00288976 -0.0359867 0.999348 0
0.703499 -0.710368 -0.0216079 114.454 0.710689 0.703027 0.0259616 62.0394 -0.00325129 -0.0336205 0.999429 0
0.705144 -0.708725 -0.0219444 115.049 0.709042 0.704535 0.0298322 62.649 -0.00568224 -0.0365955 0.999314 0
0.706208 -0.707664 -0.0219551 115.66 0.70793 0.705343 0.036422 63.273 -0.0102887 -0.0412642 0.999095 0
0.703024 -0.710855 -0.021021 115.894 0.711004 0.701925 0.0421362 64.6951 -0.0151976 -0.0445688 0.998891 0
0.703629 -0.710207 -0.0226429 116.486 0.710398 0.702406 0.0442781 65.31 -0.0155421 -0.0472408 0.998763 0
0.703761 -0.709983 -0.0253898 117.075 0.710431 0.703164 0.0291039 65.8781 -0.00281006 -0.0385199 0.999254 0
0.703244 -0.710365 -0.0287907 117.655 0.710863 0.703211 0.0129618 66.4462 0.0110383 -0.0295815 0.999501 0
0.7066 -0.707108 -0.0267281 118.658 0.707575 0.706451 0.0162697 66.2646 0.00737766 -0.0304083 0.99951 0
0.705482 -0.708492 -0.0182649 119.255 0.708697 0.704975 0.0275457 66.871 -0.0066396 -0.0323773 0.999454 0
0.703765 -0.710433 0.000357424 119.911 0.709827 0.703186 0.0409312 67.5288 -0.0293302 -0.0285522 0.999162 0
0.703304 -0.710889 0.000257695 120.456 0.71036 0.702795 0.0383085 68.0711 -0.0274142 -0.0267595 0.999266 0
0.702732 -0.711364 -0.0113289 120.983 0.711273 0.702105 0.0337475 68.6474 -0.0160527 -0.0317734 0.999366 0
0.702021 -0.711904 -0.0189614 121.574 0.712151 0.701674 0.0222339 69.2383 -0.0025237 -0.029112 0.999573 0
0.696692 -0.716942 -0.0247809 121.775 0.717368 0.696369 0.0212951 70.692 0.00198928 -0.0326131 0.999466 0
0.694381 -0.719285 -0.0215521 122.355 0.719608 0.694048 0.0215046 71.305 -0.00050975 -0.0304414 0.999536 0
0.69205 -0.721655 -0.0167786 122.925 0.721841 0.691739 0.0210484 71.9117 -0.00358328 -0.026678 0.999638 0
0.689224 -0.72437 -0.0160738 123.476 0.724541 0.688946 0.0198417 72.4994 -0.00329875 -0.0253215 0.999674 0
0.686136 -0.727283 -0.0166469 124.032 0.727468 0.685858 0.0197314 73.1062 -0.00293295 -0.0256485 0.999667 0
0.660492 -0.750328 0.027548 124.568 0.749887 0.661057 0.025955 73.7081 -0.0376855 0.00351483 0.999283 0
0.656657 -0.753673 0.0278964 125.119 0.753096 0.657247 0.029539 74.3156 -0.0405976 0.00161168 0.999174 0
0.665862 -0.746018 0.0091628 125.692 0.745635 0.665841 0.0261541 74.9153 -0.0256124 -0.0105829 0.999616 0
0.704203 -0.706925 -0.0659915 126.251 0.709677 0.703634 0.0354717 75.512 0.021358 -0.071812 0.997189 0
0.679219 -0.73368 -0.0193731 126.802 0.733902 0.678702 0.0274086 76.1078 -0.00696057 -0.0328344 0.999437 0
0.676102 -0.736533 -0.0201211 127.332 0.736804 0.675936 0.0151868 76.707 0.00241497 -0.0250932 0.999682 0
0.671197 -0.741029 -0.0192576 127.862 0.741279 0.67097 0.0174469 77.3111 -7.42116e-06 -0.0259856 0.999662 0
0.541471 -0.821431 0.179054 128.359 0.828662 0.557401 0.0512119 77.9002 -0.141872 0.120645 0.982506 0
0.659298 -0.751807 -0.0106258 128.942 0.75188 0.659262 0.00707884 78.5285 0.0016833 -0.0126564 0.999918 0
0.657441 -0.753483 -0.00582483 129.478 0.753208 0.656944 0.033204 79.1315 -0.0211921 -0.026217 0.999432 0
0.628306 -0.776775 0.0430398 130.002 0.776103 0.629668 0.0343815 79.7378 -0.0538074 0.0118012 0.998482 0
0.650637 -0.759377 -0.00424363 130.5 0.758926 0.650035 0.0385514 80.3454 -0.0265165 -0.0283036 0.999248 0
0.645706 -0.763545 -0.00791312 130.997 0.763377 0.645251 0.0301146 80.9639 -0.0178879 -0.0254859 0.999515 0
0.639948 -0.768317 -0.0124288 131.511 0.768375 0.639659 0.0208882 81.6026 -0.00809861 -0.0229173 0.999705 0
0.614939 -0.788326 0.0197987 132.027 0.788099 0.615247 0.0192695 82.2596 -0.0273718 0.00375377 0.999618 0
0.65338 -0.754434 -0.0626421 132.538 0.756668 0.653386 0.0232271 82.9145 0.0234062 -0.0625754 0.997766 0
0.622562 -0.782401 -0.0162648 133.038 0.782504 0.622105 0.0259265 83.5629 -0.0101665 -0.0288681 0.999532 0
0.61489 -0.788396 -0.0184943 133.525 0.788579 0.61448 0.0236053 84.2 -0.00724594 -0.0290989 0.99955 0
0.607789 -0.793787 -0.0222687 134.025 0.794093 0.607436 0.0209255 84.8621 -0.00308354 -0.0304017 0.999533 0
0.601087 -0.798835 -0.0236075 134.517 0.799179 0.600716 0.0212918 85.5359 -0.00282722 -0.0316648 0.999495 0
0.594687 -0.803613 -0.0235359 135.002 0.803928 0.59416 0.0259321 86.2163 -0.0068553 -0.0343427 0.999387 0
0.588476 -0.8082 -0.0225695 135.478 0.808389 0.58766 0.0341057 86.8876 -0.014301 -0.0383153 0.999163 0
0.58179 -0.813077 -0.0206568 135.958 0.813109 0.580834 0.0385534 87.5567 -0.0193487 -0.0392262 0.999043 0
0.563558 -0.826062 0.00495983 136.435 0.825287 0.563272 0.0403255 88.2286 -0.0361051 -0.0186325 0.999174 0
0.571921 -0.820118 -0.0176904 136.914 0.819969 0.570931 0.0410888 88.9102 -0.0235977 -0.0380051 0.998999 0
0.569406 -0.821752 -0.0223771 137.38 0.821866 0.568476 0.0370248 89.5912 -0.0177044 -0.0394731 0.999064 0
0.566201 -0.823662 -0.031586 137.837 0.824213 0.565307 0.0331944 90.2715 -0.00948518 -0.0448282 0.99895 0
0.568233 -0.822096 -0.0356274 138.792 0.822863 0.567551 0.0279732 90.0164 -0.00277626 -0.0452118 0.998974 0
0.565562 -0.823837 -0.0378487 139.256 0.824701 0.5648 0.0294948 90.7055 -0.0029219 -0.047895 0.998848 0
0.563446 -0.825393 -0.0354239 139.727 0.826077 0.562293 0.0377315 91.4211 -0.0112247 -0.0505226 0.99866 0
0.56094 -0.827272 -0.0311023 140.194 0.82754 0.559292 0.0486714 92.1274 -0.0228692 -0.0530401 0.99833 0
0.556715 -0.8303 -0.0258973 140.637 0.8303 0.555202 0.048495 92.7942 -0.0258872 -0.0485004 0.998488 0
0.552384 -0.833293 -0.0222471 141.072 0.833284 0.551261 0.0418331 93.4365 -0.0225953 -0.041646 0.998877 0
0.546375 -0.837225 -0.0229947 141.513 0.837453 0.545715 0.0294583 94.1392 -0.0121147 -0.0353522 0.999301 0
0.540964 -0.840581 -0.0279692 141.973 0.840999 0.54028 0.0286103 94.8528 -0.0089381 -0.0389992 0.999199 0
0.534523 -0.844587 -0.0309528 142.407 0.84507 0.533594 0.0336824 95.5734 -0.0119315 -0.0441613 0.998953 0
0.528053 -0.848981 -0.0197875 142.863 0.848986 0.527233 0.0353235 96.308 -0.0195563 -0.035452 0.99918 0
0.522453 -0.852638 -0.00713305 143.301 0.852327 0.521989 0.0326404 96.98 -0.0241071 -0.0231327 0.999442 0
0.512913 -0.858438 0.00229035 143.187 0.858037 0.512752 0.0293105 98.6482 -0.0263356 -0.0130685 0.999568 0
0.50763 -0.861551 0.00650765 143.607 0.861262 0.507635 0.0231101 99.3484 -0.0232141 -0.00612661 0.999712 0
0.502426 -0.864603 0.00534466 144.03 0.864497 0.50245 0.0137904 100.046 -0.0146087 -0.00230822 0.999891 0
0.497045 -0.867678 0.00896275 144.465 0.867709 0.497072 0.000905071 100.744 -0.00524044 0.0073272 0.999959 0
0.491439 -0.870912 -0.000406021 144.892 0.870871 0.491412 0.0098754 101.494 -0.00840108 -0.00520675 0.999951 0
0.48622 -0.873834 -0.00220839 145.311 0.873648 0.486061 0.0219742 102.256 -0.0181284 -0.0126136 0.999756 0
0.481706 -0.876332 -0.00130102 145.724 0.875778 0.481348 0.0362829 103.03 -0.0311696 -0.0186171 0.999341 0
0.454664 -0.890031 0.0335453 146.108 0.888903 0.45581 0.0456957 103.779 -0.0559608 0.00904231 0.998392 0
0.47607 -0.879403 -0.00272277 146.496 0.878948 0.47572 0.0337714 104.521 -0.0284034 -0.0184707 0.999426 0
0.474668 -0.880095 -0.0110982 146.874 0.880069 0.474393 0.0207237 105.255 -0.0129739 -0.0196041 0.999724 0
0.473229 -0.880766 -0.0175105 147.245 0.880922 0.473 0.0157359 105.992 -0.00557717 -0.0228721 0.999723 0
0.476638 -0.878977 -0.0146602 148.226 0.879088 0.47648 0.0130504 105.749 -0.00448569 -0.0191079 0.999807 0
0.47612 -0.879305 -0.0115103 148.652 0.87931 0.475875 0.0188848 106.512 -0.011128 -0.0191126 0.999755 0
0.475743 -0.87954 -0.00885742 149.058 0.879367 0.475378 0.0270134 107.284 -0.0195487 -0.0206404 0.999596 0
0.474487 -0.880257 -0.00296406 149.455 0.879926 0.47421 0.0292383 108.061 -0.0243316 -0.0164813 0.999568 0
0.472274 -0.881447 0.0028559 149.844 0.881256 0.472235 0.0195721 108.779 -0.0186004 -0.0067266 0.999804 0
0.466887 -0.884297 0.0059067 149.644 0.884278 0.466918 0.0063509 110.488 -0.00837403 0.00225801 0.999962 0
0.465478 -0.88502 0.00834785 150.05 0.885057 0.465435 -0.00666484 111.221 0.00201314 0.0104907 0.999943 0
0.464963 -0.885299 0.00740684 150.459 0.885325 0.464917 -0.00722104 111.975 0.00294922 0.00991498 0.999946 0
0.463622 -0.88601 0.00645858 150.862 0.88602 0.463642 0.00202184 112.751 -0.00478584 0.00478506 0.999977 0
0.46117 -0.887263 0.00925664 151.254 0.887204 0.461252 0.0107312 113.549 -0.013791 0.00326364 0.9999 0
0.460164 -0.887757 0.0116646 151.638 0.8877 0.460283 0.0113173 114.333 -0.015416 0.00514684 0.999868 0
0.459947 -0.887876 0.011217 152.012 0.887886 0.460026 0.00590355 115.096 -0.0104018 0.00724412 0.99992 0
0.460847 -0.887463 0.00537419 152.384 0.887462 0.460868 0.0034464 115.84 -0.00553535 0.00318113 0.99998 0
0.465433 -0.885082 0.00150502 153.395 0.885075 0.465436 0.00352046 115.569 -0.00381638 -0.000306478 0.999993 0
0.459978 -0.88793 0.000631474 153.136 0.887874 0.459957 0.0109567 117.302 -0.0100193 -0.00447919 0.99994 0
0.459429 -0.888214 -0.000982789 153.512 0.888119 0.459363 0.0152002 118.03 -0.0130496 -0.00785627 0.999884 0
0.458239 -0.888829 -0.000979062 153.873 0.888691 0.458148 0.0180986 118.777 -0.015638 -0.00916356 0.999836 0
0.457348 -0.889286 0.00173742 154.232 0.889185 0.457323 0.0143572 119.519 -0.0135623 -0.00502136 0.999895 0
0.461861 -0.886948 0.00259956 155.247 0.886937 0.461869 0.00439176 119.247 -0.00509592 0.000277257 0.999987 0
0.461591 -0.887088 -0.00299452 155.629 0.887091 0.461581 0.00337217 119.976 -0.0016092 -0.00421298 0.99999 0
0.460511 -0.887601 -0.00975785 156.017 0.887626 0.460382 0.0129676 120.703 -0.0070177 -0.014633 0.999868 0
0.458272 -0.888809 -0.00215031 156.387 0.888591 0.458102 0.0234209 121.412 -0.0198317 -0.0126439 0.999723 0
0.452267 -0.891869 0.00489195 156.056 0.891513 0.45223 0.0263248 123.104 -0.0256906 -0.0075446 0.999641 0
0.481669 -0.875343 -0.0420732 156.396 0.876207 0.481911 0.00485205 123.799 0.0160283 -0.0392019 0.999103 0
0.452269 -0.891878 0.00250614 156.738 0.891764 0.452254 0.0149313 124.47 -0.0144503 -0.0045181 0.999885 0
0.429582 -0.902434 0.0327345 157.047 0.902612 0.430202 0.0147439 125.124 -0.0273879 0.0232128 0.999355 0
0.448109 -0.893969 0.00419055 157.34 0.893944 0.448128 0.00672628 125.724 -0.00789099 0.000732016 0.999969 0
0.461636 -0.886924 -0.0160378 157.631 0.887013 0.461736 -0.00295442 126.295 0.0100256 -0.0128619 0.999867 0
0.460469 -0.88761 -0.0107661 157.936 0.887674 0.460409 0.00762343 126.892 -0.00180985 -0.0130671 0.999913 0
0.312173 -0.932324 0.182539 158.243 0.94495 0.324554 0.04164 127.499 -0.0980658 0.159492 0.982316 0
0.471638 -0.881755 -0.00812711 158.555 0.88068 0.47056 0.0545477 128.099 -0.0442734 -0.0328841 0.998478 0
0.47579 -0.879528 -0.00736086 158.893 0.879418 0.475548 0.021859 128.697 -0.0157252 -0.0168736 0.999734 0
0.509562 -0.858686 -0.0548183 159.195 0.856475 0.512292 -0.0633038 129.285 0.082441 -0.0146932 0.996488 0
0.469509 -0.882923 0.00296471 159.491 0.881254 0.468823 0.0599739 129.855 -0.0543422 -0.0255456 0.998196 0
0.427737 -0.899664 0.0874377 159.785 0.902377 0.430631 0.016508 130.412 -0.0525051 0.0718407 0.996033 0
0.499448 -0.866139 -0.0188538 160.124 0.866265 0.498992 0.0243275 130.991 -0.0116631 -0.0284827 0.999526 0
0.507922 -0.861138 -0.0213505 160.472 0.861379 0.507938 0.00508115 131.567 0.00646913 -0.0209717 0.999759 0
0.512442 -0.858573 -0.0159521 160.829 0.858721 0.51238 0.00811347 132.14 0.0012075 -0.0178561 0.99984 0
0.503086 -0.864106 0.0150434 161.183 0.864045 0.503265 0.0123007 132.697 -0.0181999 0.00680986 0.999811 0
0.52247 -0.852657 0.000117728 161.541 0.852627 0.522453 0.00842424 133.245 -0.0072445 -0.00430104 0.999965 0
0.525198 -0.850979 -0.00105009 161.872 0.850919 0.525146 0.0125863 133.775 -0.0101592 -0.00750383 0.99992 0
0.526016 -0.850472 -0.00213062 162.208 0.850399 0.525934 0.0146641 134.327 -0.0113508 -0.00952541 0.99989 0
0.526668 -0.850067 -0.00245725 162.548 0.849979 0.526566 0.0162653 134.892 -0.0125327 -0.010655 0.999865 0
0.53074 -0.847534 0.000862558 163.639 0.847431 0.530691 0.0150822 134.426 -0.0132405 -0.0072738 0.999886 0
0.52622 -0.850348 -0.000708409 163.256 0.850195 0.526108 0.0194554 136.059 -0.0161712 -0.0108401 0.99981 0
0.526159 -0.850357 -0.00709987 163.602 0.850288 0.525953 0.0195872 136.626 -0.0129219 -0.0163429 0.999783 0
0.525504 -0.850635 -0.0162944 163.939 0.850765 0.525242 0.0178627 137.19 -0.00663613 -0.0232496 0.999708 0
0.528168 -0.848944 -0.0182115 165.006 0.84913 0.528143 0.0065646 136.661 0.00404526 -0.0189311 0.999813 0
0.524807 -0.851076 -0.0157449 165.345 0.851164 0.524896 -0.00183263 137.215 0.00982412 -0.0124397 0.999874 0
0.521171 -0.85332 -0.0150415 165.686 0.853421 0.521221 0.000642088 137.794 0.00729203 -0.0131713 0.999887 0
0.517477 -0.855581 -0.01409 166.007 0.855695 0.517363 0.0110715 138.406 -0.00218293 -0.017786 0.999839 0
0.509687 -0.860337 -0.00622635 165.611 0.860178 0.509418 0.0242339 140.094 -0.0176775 -0.0177075 0.999687 0
0.506492 -0.862241 0.00251777 165.98 0.861761 0.506304 0.0319923 140.703 -0.0288598 -0.0140341 0.999485 0
0.503623 -0.863899 0.00649767 166.341 0.863385 0.503561 0.031504 141.307 -0.0304883 -0.0102562 0.999483 0
0.480029 -0.87669 0.0313935 166.687 0.876192 0.480901 0.0319542 141.913 -0.0431111 0.0121678 0.998996 0
0.527124 -0.84832 -0.0499249 167.031 0.849674 0.527105 0.0146255 142.522 0.0139086 -0.0501294 0.998646 0
0.481729 -0.876062 0.0212565 167.378 0.875896 0.482109 0.0194126 143.132 -0.0272546 0.0092669 0.999586 0
0.452803 -0.889174 0.0658702 167.705 0.890386 0.454816 0.0188404 143.714 -0.0467112 0.0501189 0.99765 0
0.494686 -0.868979 0.0126765 168.079 0.868762 0.494846 0.0194831 144.332 -0.0232034 0.00137483 0.99973 0
0.494398 -0.868987 0.020802 168.434 0.869046 0.494649 0.00904555 144.941 -0.0181502 0.0136058 0.999743 0
0.493332 -0.869512 0.0239074 168.783 0.869593 0.493662 0.0103289 145.543 -0.0207832 0.0156941 0.999661 0
0.469058 -0.881289 0.0575734 169.126 0.882477 0.470271 0.00888727 146.136 -0.0349073 0.0466386 0.998302 0
0.492071 -0.870127 0.0272796 169.469 0.8704 0.492333 0.00345507 146.727 -0.016437 0.022044 0.999622 0
0.491065 -0.870476 0.0335579 169.814 0.871009 0.49126 -0.00274357 147.33 -0.0140974 0.0305765 0.999433 0
0.484896 -0.873506 0.043159 170.157 0.874304 0.485378 0.000790749 147.941 -0.0216391 0.0373506 0.999068 0
