0.999993 -0.00343549 -0.00152645 0.680544 0.00343148 0.999991 -0.00261855 -0.00344752 0.00153544 0.0026133 0.999995 0.0113618
0.999969 -0.00732522 -0.00296234 1.38594 0.00732104 0.999972 -0.0014186 0.0100645 0.00297265 0.00139686 0.999995 0.0164136
0.999926 -0.0113742 -0.00436799 2.1032 0.0113694 0.999935 -0.00112467 0.0173847 0.0043805 0.00107493 0.99999 0.0198499
0.999857 -0.0161405 -0.00497085 2.84807 0.016143 0.99987 0.00046096 0.0410512 0.00496277 -0.000541139 0.999988 0.0219724
0.999777 -0.0205267 -0.00504929 3.59189 0.0205244 0.999789 -0.000503658 0.0572196 0.00505856 0.000399912 0.999987 0.0298958
0.999663 -0.0252699 -0.00591395 4.34941 0.0252736 0.99968 0.000560683 0.0873913 0.0058979 -0.000709961 0.999982 0.0416403
0.999529 -0.029967 -0.00654437 5.13031 0.0299915 0.999543 0.00367242 0.119743 0.00643133 -0.00386696 0.999972 0.0544091
0.999389 -0.0345009 -0.00565444 5.92671 0.0345334 0.999387 0.00576003 0.153946 0.00545225 -0.00595178 0.999967 0.0569413
0.999242 -0.0388168 -0.00304197 6.73247 0.0388341 0.999228 0.00586699 0.192999 0.00281188 -0.00598067 0.999978 0.0666238
0.999091 -0.0426141 -0.000743557 7.54363 0.0426169 0.999082 0.00425599 0.224616 0.000561509 -0.00428381 0.999991 0.0759331
0.998979 -0.0451693 -0.000716382 8.35684 0.0451721 0.998969 0.00455059 0.268642 0.000510096 -0.00457831 0.999989 0.0842145
0.998879 -0.0473226 -0.00132795 9.18058 0.0473279 0.99887 0.00430078 0.313245 0.00112292 -0.0043588 0.99999 0.0835924
0.998792 -0.0491192 -0.00142884 10.0111 0.0491226 0.99879 0.00246734 0.350471 0.00130592 -0.00253454 0.999996 0.098218
0.998684 -0.0512834 -0.000763096 10.8574 0.0512852 0.998681 0.00254364 0.397457 0.000631642 -0.00257943 0.999996 0.100183
0.998624 -0.052443 -0.000720581 11.7188 0.052443 0.998624 -5.45395e-05 0.439383 0.00072245 1.6675e-05 1 0.107525
0.998526 -0.0542088 -0.00258021 12.5831 0.0542106 0.998529 0.000634614 0.498154 0.00254201 -0.000773554 0.999996 0.113597
0.998441 -0.0555733 -0.0052273 13.4546 0.0555837 0.998452 0.00188005 0.555402 0.00511473 -0.00216767 0.999985 0.122213
0.998332 -0.0573264 -0.00679309 14.3331 0.057367 0.998336 0.00593607 0.615405 0.00644149 -0.00631587 0.999959 0.133858
0.998261 -0.0585502 -0.00680376 15.2154 0.058603 0.998251 0.00783648 0.668494 0.00633303 -0.00822157 0.999946 0.137267
0.998194 -0.059834 -0.00531264 16.1332 0.0598745 0.998175 0.00783993 0.725014 0.00483385 -0.00814387 0.999955 0.145897
0.998111 -0.0612993 -0.0040902 17.026 0.0613299 0.998087 0.00782773 0.785234 0.00360254 -0.0080638 0.999961 0.159022
0.998049 -0.062335 -0.0035532 17.9344 0.0623603 0.998025 0.00753485 0.842385 0.00307649 -0.00774172 0.999965 0.173796
0.997951 -0.0638453 -0.00429905 18.8438 0.0638728 0.997936 0.00658898 0.912315 0.00386951 -0.00685007 0.999969 0.179091
0.997879 -0.0649144 -0.00477966 19.7603 0.0649427 0.997871 0.0060206 0.970596 0.00437866 -0.00631824 0.99997 0.189692
0.997839 -0.065623 -0.00321229 20.6851 0.0656444 0.997818 0.00708376 1.03053 0.00274043 -0.00727932 0.99997 0.200463
0.99783 -0.0658475 5.55801e-05 21.6116 0.0658443 0.997788 0.00913138 1.09873 -0.000656735 -0.0091079 0.999958 0.208009
0.997869 -0.0651422 0.00369393 22.5503 0.0651044 0.997833 0.00955553 1.16533 -0.0043084 -0.00929468 0.999948 0.210252
0.99795 -0.0636495 0.00672877 23.4839 0.0635881 0.997936 0.00898033 1.22791 -0.00728648 -0.00853404 0.999937 0.210525
0.998051 -0.0619127 0.00780515 24.432 0.0618684 0.998067 0.00579322 1.29328 -0.00814874 -0.00529903 0.999953 0.208425
0.998164 -0.0603135 0.00554405 25.3759 0.0602898 0.998171 0.00435657 1.35512 -0.00579667 -0.00401433 0.999975 0.208829
0.998244 -0.0592195 0.00139488 26.338 0.059214 0.998238 0.00371875 1.42614 -0.00161265 -0.00362962 0.999992 0.21421
0.998319 -0.0579281 -0.00172565 27.2921 0.0579364 0.998307 0.00524752 1.4834 0.00141875 -0.00533868 0.999985 0.218487
0.998363 -0.0571904 -0.00123027 28.2718 0.057198 0.998336 0.0073274 1.54133 0.00080917 -0.00738577 0.999972 0.234358
0.998367 -0.057036 0.00310966 29.2435 0.0570111 0.998345 0.00755537 1.60177 -0.00353544 -0.00736575 0.999967 0.235293
0.998298 -0.0578847 0.00704814 30.2247 0.0578688 0.998321 0.00244513 1.65851 -0.00717784 -0.0020331 0.999972 0.23516
0.998237 -0.0588604 0.0075757 31.2036 0.0589233 0.998227 -0.00837046 1.70202 -0.00706958 0.0088021 0.999936 0.235806
0.998169 -0.0603063 0.00467357 32.1787 0.0603567 0.99811 -0.0115403 1.75914 -0.00396878 0.0118013 0.999923 0.241909
0.998079 -0.0619478 0.00122786 33.164 0.0619575 0.998019 -0.0108982 1.8211 -0.000550308 0.0109533 0.99994 0.252841
0.997963 -0.0637932 -0.000225974 34.1549 0.06379 0.997938 -0.00709086 1.89105 0.000677857 0.007062 0.999975 0.252748
0.997911 -0.0645922 0.000772113 35.1584 0.0645956 0.997895 -0.00581758 1.95558 -0.000394717 0.00585531 0.999983 0.268267
0.997819 -0.0659354 0.00324139 36.1614 0.0659462 0.997818 -0.00333346 2.03343 -0.00301453 0.00353995 0.999989 0.272254
0.997746 -0.0669339 0.00477434 37.1543 0.0669411 0.997756 -0.00135977 2.11191 -0.00467262 0.0016763 0.999988 0.278764
0.997667 -0.0678948 0.00711371 38.1541 0.0679064 0.997691 -0.0014084 2.18668 -0.00700166 0.00188818 0.999974 0.276085
0.997634 -0.0679863 0.0102215 39.1642 0.0679957 0.997685 -0.000579505 2.24849 -0.0101584 0.00127315 0.999948 0.285439
0.997556 -0.068716 0.0126858 40.1712 0.0686975 0.997636 0.00188759 2.33533 -0.0127856 -0.00101149 0.999918 0.280893
0.997569 -0.0685508 0.0125115 41.1612 0.0685178 0.997645 0.00304441 2.40811 -0.0126908 -0.00217975 0.999917 0.276973
0.997582 -0.0685361 0.0114982 42.1508 0.0685323 0.997649 0.000723193 2.47656 -0.0115207 6.65527e-05 0.999934 0.274859
0.997612 -0.0684623 0.00908051 43.147 0.0684326 0.997649 0.00353756 2.55545 -0.00930136 -0.00290771 0.999952 0.278906
0.997544 -0.0695043 0.00861182 44.1421 0.0694536 0.997567 0.006052 2.62895 -0.00901151 -0.00543902 0.999945 0.281898
0.997443 -0.0707868 0.0098589 45.1398 0.0707649 0.99749 0.00255146 2.69659 -0.0100148 -0.00184727 0.999948 0.276423
0.99737 -0.0716601 0.010878 46.1251 0.0716307 0.997427 0.00306853 2.77099 -0.0110699 -0.00228126 0.999936 0.273188
0.99738 -0.0717891 0.00895252 47.1113 0.0717708 0.997418 0.00235019 2.84635 -0.00909812 -0.0017015 0.999957 0.286704
0.997362 -0.072465 0.00424218 48.0797 0.0724426 0.997359 0.00521029 2.92831 -0.00460854 -0.00488923 0.999977 0.283234
0.997335 -0.0729157 0.00263995 49.052 0.0728974 0.997318 0.00648869 3.00585 -0.003106 -0.00627895 0.999975 0.290774
0.997299 -0.0732757 0.00506562 50.0325 0.07324 0.99729 0.00689931 3.07809 -0.00555744 -0.00650967 0.999963 0.286344
0.997265 -0.073377 0.00883856 51.0062 0.0733474 0.9973 0.00362116 3.15052 -0.00908041 -0.00296298 0.999954 0.297276
0.997239 -0.0736057 0.00983158 51.968 0.0735797 0.997285 0.00297938 3.22431 -0.0100242 -0.00224775 0.999947 0.296677
0.997228 -0.0738089 0.00943179 52.9381 0.0738176 0.997272 -0.000579201 3.29485 -0.00936331 0.00127383 0.999955 0.303768
0.99721 -0.0741597 0.0085344 53.9034 0.0741949 0.997236 -0.00387732 3.3605 -0.00822327 0.00449971 0.999956 0.311217
0.997132 -0.0750975 0.00939738 54.8505 0.0751415 0.997163 -0.00441928 3.43637 -0.00903884 0.00511274 0.999946 0.309676
0.997032 -0.0758965 0.0128915 55.8047 0.0759771 0.997092 -0.00587658 3.50405 -0.012408 0.0068386 0.9999 0.304595
0.996886 -0.0766633 0.0184792 56.778 0.0768248 0.997011 -0.00819231 3.57121 -0.017796 0.00958646 0.999796 0.311788
0.996781 -0.0773661 0.0210193 57.7284 0.0775435 0.996959 -0.00775802 3.65323 -0.0203552 0.00936296 0.999749 0.301583
0.99674 -0.0785345 0.0184975 58.6676 0.0787011 0.996862 -0.00845764 3.73618 -0.0177753 0.00988584 0.999793 0.298883
0.996719 -0.080075 0.0117883 59.6036 0.0801676 0.996752 -0.0076027 3.81721 -0.0111412 0.0085228 0.999902 0.299639
0.996705 -0.0808826 0.00615082 60.5219 0.0809117 0.99671 -0.0046333 3.89154 -0.00575584 0.0051157 0.99997 0.30602
0.996627 -0.0818744 0.00552398 61.4381 0.0818677 0.996642 0.00142577 3.98562 -0.00562216 -0.000968726 0.999984 0.300056
0.996546 -0.0826973 0.00753815 62.3375 0.0826619 0.996566 0.00489121 4.0695 -0.00791676 -0.0042512 0.99996 0.304426
0.996439 -0.0838363 0.0089996 63.2178 0.0837887 0.996468 0.00554361 4.15167 -0.00943257 -0.0047698 0.999944 0.311139
0.996344 -0.0849626 0.00897515 64.0934 0.0849114 0.996371 0.00593731 4.22991 -0.00944703 -0.00515351 0.999942 0.314514
0.996212 -0.0864286 0.00953583 64.946 0.0863635 0.996239 0.0070485 4.31102 -0.0101092 -0.00619826 0.99993 0.316028
0.996085 -0.0878318 0.0100509 65.7973 0.0877578 0.996113 0.00758316 4.38913 -0.0106779 -0.00667143 0.999921 0.320432
0.995953 -0.0892633 0.0104848 66.6258 0.0891764 0.99598 0.00848111 4.46705 -0.0111997 -0.00751179 0.999909 0.32832
0.995833 -0.0904778 0.0114196 67.4414 0.0903798 0.995868 0.00882596 4.54535 -0.0121709 -0.00775709 0.999896 0.330797
0.995684 -0.0918153 0.0135317 68.2439 0.0916492 0.995714 0.0124232 4.62725 -0.0146144 -0.0111294 0.999831 0.334025
0.995517 -0.0930367 0.0170572 69.0365 0.0928017 0.995585 0.0140876 4.70342 -0.0182926 -0.0124415 0.999755 0.324212
0.995313 -0.0947886 0.0191463 69.8171 0.0945231 0.99542 0.0143298 4.7846 -0.0204169 -0.0124529 0.999714 0.319891
0.995224 -0.0961899 0.0166298 70.57 0.0959553 0.995282 0.0143759 4.86594 -0.0179342 -0.0127116 0.999758 0.332937
0.995212 -0.0972827 0.00947797 71.2929 0.097138 0.995163 0.0146882 4.93965 -0.010861 -0.0136972 0.999847 0.331262
0.995124 -0.0985632 0.00356802 72.0044 0.0985043 0.995038 0.0140229 5.01814 -0.00493246 -0.0136031 0.999895 0.335562
0.995096 -0.0989026 0.00157348 72.6968 0.0988593 0.994943 0.0177663 5.08966 -0.00332266 -0.0175237 0.999841 0.335532
0.995009 -0.0997072 0.003998 73.3825 0.0996 0.994797 0.0214094 5.16756 -0.00611187 -0.0209043 0.999763 0.341388
0.994859 -0.101063 0.00651099 74.039 0.100921 0.994707 0.0193341 5.24358 -0.00843048 -0.0185776 0.999792 0.343675
0.994791 -0.101834 0.00453451 74.675 0.101751 0.994682 0.0159312 5.30545 -0.00613274 -0.0153868 0.999863 0.354154
0.994806 -0.101792 0.000401577 75.292 0.101784 0.994767 0.0088303 5.35648 -0.00129833 -0.00874356 0.999961 0.364932
0.994908 -0.100714 -0.00372767 75.8928 0.100729 0.994905 0.00423082 5.41641 0.00328257 -0.00458476 0.999984 0.37538
0.995196 -0.0977965 -0.00454872 76.4779 0.0978271 0.995178 0.00705796 5.48305 0.00383654 -0.00746904 0.999965 0.384451
0.995592 -0.0937537 -0.00256711 77.0419 0.0937779 0.995521 0.0119616 5.55107 0.00143417 -0.0121496 0.999925 0.382068
0.996012 -0.0892224 0.000426394 77.6008 0.0892124 0.995953 0.0109189 5.59886 -0.00139887 -0.0108373 0.99994 0.386507
0.996493 -0.0835311 0.00490232 78.1423 0.0834887 0.996474 0.00829694 5.64049 -0.00557809 -0.00785856 0.999954 0.392976
0.997081 -0.0758272 0.00895167 78.6655 0.0757916 0.997115 0.00425375 5.66953 -0.00924839 -0.00356287 0.999951 0.40443
0.99781 -0.0654506 0.00951495 79.1774 0.0653915 0.997839 0.00639763 5.70754 -0.00991311 -0.00576142 0.999934 0.421522
0.998661 -0.0508877 0.00926769 79.6799 0.0507864 0.99865 0.0108652 5.73739 -0.00980809 -0.01038 0.999898 0.428481
0.999403 -0.0331368 0.00974995 80.1607 0.0329792 0.99933 0.0159002 5.75292 -0.0102703 -0.0155691 0.999826 0.420773
0.999875 -0.0116172 0.0107159 80.6342 0.0114563 0.999822 0.0149579 5.74388 -0.0108877 -0.0148333 0.999831 0.416005
0.999824 0.0142939 0.0121248 81.0891 -0.0144403 0.999823 0.0120731 5.72431 -0.01195 -0.0122461 0.999854 0.418381
0.998946 0.0436413 0.0142402 81.5326 -0.0438001 0.998979 0.0110383 5.68837 -0.0137439 -0.0116504 0.999838 0.428545
0.99696 0.0761557 0.0164892 81.9691 -0.0763383 0.997024 0.0107415 5.63951 -0.0156221 -0.0119676 0.999806 0.43317
0.993404 0.113342 0.0173999 82.3933 -0.113534 0.993479 0.0104855 5.59107 -0.016098 -0.0123918 0.999794 0.433261
0.987794 0.15465 0.0186077 82.8117 -0.154862 0.98788 0.0105193 5.52002 -0.0167554 -0.0132725 0.999772 0.432049
0.979733 0.199404 0.0190282 83.2114 -0.199625 0.979816 0.0105085 5.42432 -0.0165487 -0.014094 0.999764 0.431602
0.9685 0.248338 0.0183212 83.5927 -0.248577 0.968536 0.0121297 5.32916 -0.0147325 -0.0163018 0.999759 0.430907
0.953657 0.300421 0.0169149 83.9696 -0.300647 0.953648 0.0128886 5.19714 -0.0122589 -0.0173767 0.999774 0.431778
0.93448 0.355653 0.0160454 84.3301 -0.355861 0.934451 0.0128137 5.04776 -0.0104364 -0.0176842 0.999789 0.431211
0.910998 0.412119 0.0155266 84.6753 -0.41232 0.910944 0.0131569 4.87428 -0.00872164 -0.0183879 0.999793 0.430986
0.882962 0.46922 0.0145261 85.0034 -0.469401 0.882879 0.0136997 4.67455 -0.0063966 -0.0189148 0.999801 0.417039
0.85057 0.525704 0.0128998 85.3139 -0.525843 0.850493 0.0122809 4.44841 -0.00451508 -0.0172291 0.999841 0.425504
0.814782 0.579628 0.0127192 85.6073 -0.579757 0.814706 0.0116609 4.20141 -0.00360338 -0.0168751 0.999851 0.432278
0.775856 0.630755 0.0139806 85.8893 -0.630895 0.7758 0.0102732 3.94203 -0.00436628 -0.0167908 0.999849 0.446769
0.734197 0.678729 0.0167747 86.158 -0.67891 0.734163 0.00930029 3.67026 -0.00600298 -0.0182167 0.999816 0.447059
0.690007 0.723601 0.0171071 86.4067 -0.723779 0.689983 0.00818415 3.37408 -0.00588159 -0.0180289 0.99982 0.439367
0.644403 0.764551 0.0143579 86.6375 -0.764674 0.644384 0.00658397 3.06173 -0.00421822 -0.0152219 0.999875 0.436594
0.598254 0.801232 0.0109524 86.8444 -0.801298 0.598254 0.00365776 2.73252 -0.0036216 -0.0109644 0.999933 0.449722
0.552154 0.833652 0.0122682 87.0356 -0.833735 0.55215 0.00403372 2.41136 -0.00341117 -0.0124557 0.999917 0.468811
0.50556 0.862662 0.0149254 87.2173 -0.862789 0.505524 0.00637386 2.07623 -0.00204665 -0.0160998 0.999868 0.475258
0.460262 0.887653 0.0151868 87.3849 -0.887783 0.460191 0.00806705 1.73249 0.000171927 -0.0171955 0.999852 0.469407
0.417865 0.908463 0.00919492 87.5344 -0.908506 0.417816 0.00676114 1.37823 0.00230046 -0.0111789 0.999935 0.438594
0.377661 0.925942 -0.00175819 87.6504 -0.925944 0.377661 -0.000166229 1.00627 0.00051008 0.00169076 0.999998 0.443993
0.341625 0.939819 -0.00568806 87.7668 -0.939831 0.341597 -0.00541256 0.640463 -0.0031438 0.00719488 0.999969 0.472023
0.308101 0.951346 -0.00380541 87.8872 -0.951352 0.308089 -0.00334558 0.281027 -0.0020104 0.00465106 0.999987 0.503128
0.276923 0.960882 0.00442281 88.008 -0.96089 0.276909 0.00357495 -0.0912177 0.00221039 -0.00523981 0.999984 0.515538
0.248256 0.968652 0.00904532 88.1165 -0.968673 0.248178 0.00889794 -0.471496 0.00637416 -0.0109709 0.999919 0.504988
0.222239 0.974959 0.00801402 88.2012 -0.974954 0.22215 0.0106887 -0.86368 0.00864077 -0.0101888 0.999911 0.501107
0.198305 0.98014 0.000908637 88.271 -0.980076 0.198282 0.011615 -1.26875 0.0112041 -0.00319385 0.999932 0.494388
0.177433 0.984105 -0.00736336 88.3321 -0.983979 0.177533 0.0163309 -1.68153 0.0173786 0.00434774 0.99984 0.506978
0.157753 0.98743 -0.00980492 88.3967 -0.987181 0.157941 0.0229785 -2.1099 0.0242383 0.00605431 0.999688 0.50927
0.139802 0.990163 -0.00577945 88.4621 -0.98986 0.139903 0.0245982 -2.54725 0.0251647 0.00228197 0.999681 0.521519
0.124282 0.992245 -0.00205162 88.5203 -0.992029 0.124298 0.020705 -3.00554 0.0207994 -0.000537992 0.999784 0.528048
0.109878 0.993944 -0.00178352 88.5705 -0.99379 0.109892 0.0174553 -3.47423 0.0175455 -0.0001455 0.999846 0.540426
0.0969452 0.995285 -0.00299035 88.6131 -0.995172 0.0969795 0.0151157 -3.95941 0.0153345 0.00151051 0.999881 0.551044
0.0851722 0.99634 -0.00719726 88.643 -0.996259 0.0852666 0.0140368 -4.45177 0.0145991 0.00597479 0.999876 0.561359
0.0750733 0.997124 -0.0103483 88.6785 -0.997066 0.0752162 0.0141933 -4.97266 0.0149309 0.00925235 0.999846 0.573271
0.0670478 0.997671 -0.0125299 88.7102 -0.997631 0.067228 0.0145629 -5.5016 0.0153714 0.0115238 0.999815 0.583968
0.0611812 0.998029 -0.0139919 88.7429 -0.998003 0.0613885 0.0148957 -6.04799 0.0157253 0.0130526 0.999791 0.593575
0.0558522 0.998329 -0.0148322 88.7717 -0.998303 0.056084 0.0156981 -6.60683 0.0165037 0.0139303 0.999767 0.604974
0.0496481 0.998652 -0.0151282 88.7977 -0.998623 0.0498925 0.0162297 -7.19142 0.0169626 0.0143015 0.999754 0.611234
0.0452969 0.998826 -0.0171692 88.8206 -0.998825 0.0455797 0.0164538 -7.79991 0.017217 0.0164038 0.999717 0.620358
0.0424736 0.99893 -0.0182971 88.8513 -0.998951 0.0427737 0.0163344 -8.41724 0.0170996 0.0175842 0.999699 0.633504
0.0394976 0.999039 -0.0190207 88.8758 -0.999083 0.0397995 0.0157661 -9.06254 0.016508 0.0183806 0.999695 0.651091
0.0370978 0.999107 -0.0201992 88.8912 -0.999179 0.0374143 0.0155262 -9.71758 0.016268 0.0196067 0.999675 0.655376
0.0361969 0.999067 -0.0235452 88.9134 -0.999217 0.0365583 0.0151034 -10.3976 0.0159501 0.0229801 0.999609 0.669121
0.0370741 0.998938 -0.0273535 88.9311 -0.999193 0.0374784 0.0144188 -11.0947 0.0154286 0.0267968 0.999522 0.681744
0.0397251 0.998785 -0.0291525 88.9538 -0.999092 0.0401529 0.0142407 -11.7962 0.0153939 0.0285603 0.999474 0.697281
0.0434402 0.998581 -0.0308061 88.9847 -0.998933 0.0438977 0.0143339 -12.5216 0.0156659 0.0301506 0.999423 0.707674
0.047699 0.998368 -0.0313897 89.0174 -0.998742 0.0481566 0.0139871 -13.2655 0.0154759 0.0306831 0.999409 0.72047
0.0515021 0.998112 -0.0334818 89.048 -0.998571 0.0519471 0.0125576 -14.0378 0.0142732 0.0327872 0.99936 0.732302
0.0556403 0.997889 -0.0334929 89.1001 -0.998369 0.0560335 0.0109185 -14.8145 0.0127722 0.0328308 0.999379 0.748301
0.0597362 0.997743 -0.030674 89.1598 -0.998154 0.0600427 0.00916773 -15.6142 0.0109888 0.0300697 0.999487 0.760329
0.063746 0.997548 -0.0288766 89.2123 -0.997917 0.0640029 0.00806145 -16.4027 0.00988987 0.0283025 0.99955 0.771887
0.0679039 0.997328 -0.0269504 89.2691 -0.997637 0.0681579 0.00861756 -17.2087 0.0104314 0.0263016 0.9996 0.79164
0.0712982 0.997108 -0.0263293 89.3345 -0.997359 0.0716335 0.0120172 -18.0152 0.0138685 0.025403 0.999581 0.815403
0.0725685 0.997078 -0.0238593 89.4108 -0.997186 0.0729862 0.0171324 -18.8338 0.0188237 0.0225488 0.999569 0.831042
0.0726489 0.997181 -0.0187443 89.4806 -0.997122 0.0730275 0.020372 -19.6437 0.0216834 0.0172103 0.999617 0.849916
0.0731316 0.997194 -0.016012 89.5554 -0.997093 0.0734498 0.0202788 -20.468 0.021398 0.0144825 0.999666 0.866588
0.0734116 0.99721 -0.0135496 89.6274 -0.997107 0.0736589 0.018756 -21.2967 0.0197017 0.0121335 0.999732 0.892367
0.0731314 0.997213 -0.0147854 89.6887 -0.997157 0.0733812 0.0171206 -22.1199 0.0181578 0.0134913 0.999744 0.914255
0.0735555 0.997215 -0.0123405 89.7566 -0.997139 0.0737545 0.0165339 -22.9344 0.017398 0.0110891 0.999787 0.935835
0.0735786 0.99724 -0.00992977 89.8253 -0.997139 0.073737 0.016657 -23.7566 0.0173432 0.00867577 0.999812 0.961832
0.0737011 0.997246 -0.00830502 89.8871 -0.997124 0.0738346 0.0171036 -24.5844 0.0176697 0.00702057 0.999819 0.985286
0.0726042 0.997352 -0.00423832 89.9588 -0.997189 0.0726699 0.018263 -25.3988 0.0185226 0.00290043 0.999824 1.01437
0.0700496 0.997542 -0.00186405 90.0311 -0.99738 0.0700718 0.0179668 -26.2138 0.0180533 0.000600601 0.999837 1.03835
0.066461 0.997787 0.00195674 90.1014 -0.997651 0.0664191 0.0167689 -27.0255 0.0166019 -0.00306663 0.999857 1.053
0.0615669 0.998095 0.00406129 90.1661 -0.998005 0.0615032 0.0142898 -27.8347 0.0140128 -0.00493297 0.99989 1.07837
0.0557241 0.998434 0.00499221 90.2222 -0.99837 0.0556576 0.012597 -28.6573 0.0122995 -0.00568603 0.999908 1.09927
0.0480563 0.998834 0.00467884 90.2706 -0.998772 0.0479957 0.0122967 -29.4815 0.0120578 -0.00526403 0.999913 1.12406
0.0390558 0.999221 0.00573514 90.3088 -0.999155 0.0389786 0.0130052 -30.2926 0.0127715 -0.00623822 0.999899 1.14224
0.0291922 0.999561 0.00498998 90.3383 -0.999492 0.0291256 0.0129418 -31.0985 0.0127908 -0.00536525 0.999904 1.16303
0.0188969 0.999811 0.00463043 90.3586 -0.999746 0.0188382 0.0124061 -31.8925 0.0123165 -0.00486369 0.999912 1.18262
0.00810236 0.99995 0.00581734 90.372 -0.999904 0.00803632 0.0112824 -32.6996 0.0112351 -0.0059082 0.999919 1.20499
-0.00309181 0.999988 0.0039018 90.367 -0.999942 -0.00313175 0.0102719 -33.4844 0.010284 -0.00386982 0.99994 1.21873
-0.0141746 0.99989 0.00435187 90.3584 -0.999842 -0.0142205 0.0107132 -34.2848 0.0107739 -0.00419932 0.999933 1.245
-0.0250185 0.999679 0.00387478 90.342 -0.999627 -0.025059 0.0108203 -35.065 0.0109139 -0.00360263 0.999934 1.26491
-0.0358863 0.999349 0.00362829 90.3175 -0.999284 -0.0359269 0.0118406 -35.8444 0.0119632 -0.00320078 0.999923 1.28301
-0.0459635 0.99894 0.00248105 90.286 -0.998863 -0.0459912 0.0125814 -36.6256 0.0126822 -0.00189995 0.999918 1.30331
-0.0557132 0.998445 0.00171678 90.2573 -0.998361 -0.0557309 0.0129989 -37.3814 0.0130743 -0.000989754 0.999914 1.31975
-0.0649171 0.997888 0.00212509 90.2066 -0.997801 -0.0649397 0.013277 -38.1431 0.013387 -0.00125851 0.99991 1.34118
-0.0742724 0.997237 0.001497 90.1516 -0.997145 -0.0742859 0.0135157 -38.8893 0.0135896 -0.000488885 0.999908 1.36064
-0.0830636 0.996544 0.000546489 90.082 -0.996461 -0.0830637 0.0128836 -39.6337 0.0128844 0.000525599 0.999917 1.38212
-0.0902908 0.995915 0.000673048 90.0183 -0.995848 -0.0902925 0.011575 -40.3815 0.0115885 0.000374866 0.999933 1.40132
-0.0955181 0.995427 -0.00107924 89.9474 -0.995377 -0.0955024 0.0101392 -41.1066 0.00998973 0.00204273 0.999948 1.41843
-0.0995179 0.995032 -0.00282524 89.8675 -0.995003 -0.0994914 0.0083699 -41.8261 0.00804722 0.00364408 0.999961 1.43675
-0.102455 0.994724 -0.00513296 89.7978 -0.994715 -0.102417 0.00721103 -42.5393 0.00664729 0.00584464 0.999961 1.45435
-0.104101 0.994542 -0.00703605 89.7268 -0.994551 -0.104057 0.00643252 -43.2176 0.00566526 0.00766734 0.999955 1.46884
-0.104694 0.994484 -0.0064349 89.6597 -0.994485 -0.10465 0.006859 -43.8962 0.00614776 0.00711751 0.999956 1.48214
-0.103944 0.994552 -0.00788297 89.588 -0.99456 -0.103884 0.00768494 -44.5552 0.00682416 0.00863889 0.999939 1.49354
-0.100827 0.994867 -0.00858774 89.5233 -0.99487 -0.100749 0.00914782 -45.2022 0.00823566 0.00946603 0.999921 1.50936
-0.0957924 0.995357 -0.00936504 89.4564 -0.995362 -0.0957003 0.00983651 -45.825 0.0088946 0.0102639 0.999908 1.52231
-0.0877948 0.996103 -0.00839344 89.3988 -0.996093 -0.087707 0.0103111 -46.446 0.00953479 0.00926591 0.999912 1.53745
-0.0766307 0.997043 -0.00574899 89.3616 -0.997009 -0.0765676 0.0104737 -47.0398 0.0100026 0.0065344 0.999929 1.54885
-0.063044 0.997994 -0.00573219 89.3363 -0.997954 -0.0629783 0.0109913 -47.6179 0.0106083 0.0064134 0.999923 1.56899
-0.0457731 0.998938 -0.00520723 89.3106 -0.998878 -0.0457058 0.0123821 -48.1688 0.012131 0.00576816 0.99991 1.58145
-0.0248405 0.999678 -0.0051934 89.3142 -0.999577 -0.0247588 0.0152386 -48.7117 0.0151051 0.00556974 0.99987 1.59736
-9.87053e-05 0.999993 -0.00377493 89.3279 -0.999837 -3.05176e-05 0.0180501 -49.2563 0.0180499 0.00377609 0.99983 1.61365
0.0279129 0.999608 -0.00219944 89.358 -0.999406 0.0279516 0.0201766 -49.7909 0.0202302 0.00163495 0.999794 1.63211
0.0607686 0.998151 -0.000950727 89.4139 -0.997946 0.0607754 0.0202643 -50.3225 0.0202846 -0.000282657 0.999794 1.64614
0.0984789 0.995139 -0.000951148 89.4889 -0.994961 0.0984793 0.0188058 -50.8598 0.018808 -0.000905617 0.999823 1.6505
0.14002 0.990149 -0.000148127 89.5931 -0.990025 0.140005 0.0157806 -51.3788 0.0156459 -0.00206295 0.999875 1.66359
0.184986 0.982739 0.00201861 89.7271 -0.982671 0.184948 0.0122859 -51.8959 0.0117005 -0.00425636 0.999923 1.67221
0.232733 0.972523 0.00583003 89.8857 -0.972511 0.232674 0.00928393 -52.4008 0.00767234 -0.00783044 0.99994 1.69348
0.283815 0.958839 0.00875222 90.0654 -0.958867 0.283754 0.00760755 -52.8931 0.00481094 -0.0105514 0.999933 1.70924
0.337681 0.941215 0.00926456 90.2811 -0.941252 0.337619 0.00764473 -53.3666 0.00406744 -0.0113018 0.999928 1.71064
0.394974 0.918669 0.00652076 90.5134 -0.91868 0.394923 0.00791177 -53.8142 0.00469311 -0.00911543 0.999947 1.73293
0.454434 0.890775 0.00306052 90.7667 -0.890743 0.454381 0.010715 -54.2494 0.00815399 -0.00759538 0.999938 1.75009
0.513503 0.858084 -0.00251158 91.0413 -0.857981 0.513484 0.0142248 -54.6516 0.0134958 -0.00514961 0.999896 1.76401
0.571461 0.820625 -0.0027529 91.3494 -0.820458 0.571407 0.0185207 -55.0275 0.0167715 -0.0083252 0.999825 1.77889
0.627024 0.778991 -0.00362593 91.6819 -0.778759 0.626939 0.0219755 -55.3761 0.0193919 -0.0109554 0.999752 1.77999
0.679776 0.733394 -0.00617613 92.0289 -0.733108 0.679708 0.0234391 -55.702 0.0213881 -0.0114056 0.999706 1.78368
0.728851 0.684625 -0.00807197 92.3867 -0.684336 0.728812 0.0227383 -56.0052 0.0214502 -0.0110489 0.999709 1.78528
0.77406 0.633092 -0.00497954 92.7716 -0.632899 0.77398 0.0198526 -56.2921 0.0164226 -0.0122155 0.99979 1.80479
0.815454 0.57882 -0.00153576 93.1714 -0.578734 0.815373 0.015264 -56.5382 0.0100873 -0.0115583 0.999882 1.80567
0.851915 0.523666 0.00374441 93.5895 -0.523668 0.851829 0.0125767 -56.7586 0.0033964 -0.0126751 0.999914 1.82327
0.882893 0.469498 0.00852855 94.0063 -0.469568 0.882835 0.0104322 -56.9459 -0.00263139 -0.0132153 0.999909 1.81958
0.908463 0.417712 0.0145646 94.4389 -0.417863 0.90846 0.0095103 -57.1099 -0.00925879 -0.0147258 0.999849 1.83916
0.928624 0.370592 0.0178482 94.8706 -0.370808 0.928647 0.0107679 -57.2536 -0.0125841 -0.0166176 0.999783 1.85388
0.943821 0.32973 0.0219171 95.3093 -0.33009 0.943822 0.0154946 -57.3789 -0.0155768 -0.0218587 0.99964 1.85335
0.955525 0.294127 0.0214665 95.7588 -0.294541 0.955437 0.0196263 -57.4908 -0.0147373 -0.0250762 0.999577 1.84754
0.964572 0.263065 0.0199358 96.2205 -0.26348 0.964409 0.0222217 -57.5953 -0.0133805 -0.0266871 0.999554 1.81603
0.970354 0.240989 0.0183767 96.6768 -0.24131 0.970284 0.0178543 -57.7041 -0.013528 -0.0217595 0.999672 1.81657
0.974104 0.225392 0.0178949 97.1601 -0.225671 0.97408 0.015506 -57.8092 -0.0139362 -0.0191428 0.99972 1.8164
0.976872 0.213011 0.0186308 97.6676 -0.213353 0.976793 0.0188531 -57.8893 -0.0141825 -0.022392 0.999649 1.82378
0.978886 0.203431 0.0199615 98.1707 -0.203883 0.978701 0.0240221 -57.9711 -0.0146494 -0.0275847 0.999512 1.81284
0.98015 0.197287 0.0195875 98.6856 -0.19782 0.979761 0.0305984 -58.049 -0.0131544 -0.0338658 0.99934 1.81008
0.980728 0.194642 0.0169363 99.2054 -0.195145 0.980101 0.0363245 -58.1293 -0.00952897 -0.0389295 0.999197 1.80408
0.980881 0.194081 0.0143178 99.7473 -0.194498 0.980151 0.0383968 -58.2281 -0.00658152 -0.0404475 0.99916 1.79778
0.980429 0.196592 0.0105347 100.29 -0.196845 0.979791 0.0355277 -58.3411 -0.00333739 -0.0369061 0.999313 1.79411
0.979635 0.200757 0.00346778 100.85 -0.20076 0.979082 0.0330603 -58.4618 0.00324183 -0.0330832 0.999447 1.80043
0.978772 0.20495 -2.93883e-05 101.423 -0.204815 0.97813 0.0362369 -58.5843 0.00745551 -0.0354616 0.999343 1.80517
0.977799 0.209538 0.00182525 102.007 -0.209427 0.976917 0.0420998 -58.6849 0.00703838 -0.0415474 0.999112 1.8105
0.976533 0.215273 0.00640629 102.615 -0.215339 0.975466 0.0457837 -58.7976 0.0036069 -0.0460888 0.998931 1.8025
0.975538 0.219579 0.0105015 103.226 -0.219829 0.97458 0.0432254 -58.9391 -0.000743145 -0.0444765 0.99901 1.80265
0.97457 0.223544 0.0155283 103.848 -0.223997 0.973773 0.0399066 -59.081 -0.00620019 -0.0423701 0.999083 1.80302
0.973694 0.22701 0.019662 104.479 -0.227618 0.973006 0.0380652 -59.2276 -0.0104901 -0.0415393 0.999082 1.79746
0.972998 0.230018 0.0191484 105.118 -0.230544 0.972521 0.0324455 -59.3878 -0.0111591 -0.035984 0.99929 1.79227
0.972926 0.230611 0.0152753 105.766 -0.23096 0.972572 0.0275813 -59.5511 -0.00849578 -0.0303626 0.999503 1.78722
0.973146 0.230048 0.00804597 106.43 -0.230181 0.972803 0.0259063 -59.7103 -0.00186746 -0.0270626 0.999632 1.79754
0.973321 0.229436 0.00216159 107.096 -0.229398 0.972884 0.0295604 -59.8578 0.00467924 -0.0292677 0.999561 1.79603
0.973947 0.226774 -0.000370826 107.781 -0.226633 0.973397 0.0337107 -60.0122 0.00800567 -0.0327484 0.999432 1.80829
0.974505 0.224333 0.00378576 108.486 -0.224323 0.97385 0.0359826 -60.1698 0.00438534 -0.0359145 0.999345 1.79785
0.974838 0.222662 0.0105638 109.205 -0.222893 0.974282 0.0330664 -60.3358 -0.00292947 -0.034589 0.999397 1.80306
0.975432 0.219706 0.0161527 109.931 -0.220119 0.974976 0.0311346 -60.4951 -0.00890799 -0.0339252 0.999385 1.80617
0.975796 0.218102 0.0159282 110.665 -0.218525 0.975272 0.033047 -60.6452 -0.00832664 -0.0357279 0.999327 1.81011
0.976327 0.215914 0.0129208 111.405 -0.216261 0.975549 0.0391876 -60.798 -0.00414369 -0.0410542 0.999148 1.81091
0.97712 0.212549 0.00763787 112.155 -0.212682 0.976242 0.0414377 -60.9525 0.00135115 -0.0421141 0.999112 1.813
0.977998 0.208564 0.00458579 112.92 -0.208576 0.977163 0.040591 -61.1187 0.00398477 -0.0406544 0.999165 1.81267
0.97885 0.204508 0.00539917 113.702 -0.204561 0.978067 0.0392445 -61.2841 0.00274507 -0.0395189 0.999215 1.81083
0.979554 0.201079 0.00641811 114.505 -0.20118 0.978933 0.0348923 -61.4502 0.000733201 -0.0354701 0.99937 1.81989
0.979965 0.198974 0.00880748 115.304 -0.199161 0.979363 0.0344098 -61.6129 -0.00177907 -0.0354745 0.999369 1.82297
0.980195 0.197767 0.0103139 116.101 -0.197992 0.979747 0.0299065 -61.7777 -0.00419051 -0.0313563 0.999499 1.81824
0.980301 0.197209 0.0108536 116.917 -0.197429 0.979983 0.0255898 -61.9464 -0.00558977 -0.0272285 0.999614 1.82642
0.980388 0.196687 0.0124321 117.746 -0.196951 0.980073 0.0258179 -62.1086 -0.00710629 -0.0277601 0.999589 1.82947
0.980355 0.196875 0.0120254 118.555 -0.197153 0.979924 0.0296709 -62.2652 -0.00594255 -0.0314589 0.999487 1.83681
0.980239 0.197574 0.00983024 119.38 -0.197799 0.979627 0.0347268 -62.414 -0.00276886 -0.0359849 0.999349 1.83488
0.980073 0.198372 0.0103041 120.235 -0.198636 0.979037 0.0450516 -62.5696 -0.0011511 -0.0462006 0.998932 1.83811
0.979514 0.200967 0.0127876 121.066 -0.201364 0.978129 0.0521264 -62.7251 -0.00203221 -0.0536335 0.998559 1.84236
0.97889 0.203848 0.0148249 121.911 -0.20436 0.977351 0.0549727 -62.8852 -0.00328312 -0.0568418 0.998378 1.8393
0.978356 0.20644 0.0142224 122.76 -0.206913 0.976831 0.054671 -63.0633 -0.00260656 -0.0564305 0.998403 1.84247
0.977957 0.208469 0.0118814 123.604 -0.208807 0.976553 0.0523791 -63.2299 -0.000683348 -0.0537054 0.998557 1.84313
0.977654 0.209948 0.0107295 124.449 -0.210221 0.976539 0.0466711 -63.4195 -0.000679258 -0.0478837 0.998853 1.84317
0.977599 0.210278 0.00908269 125.29 -0.210474 0.976744 0.0409009 -63.6056 -0.000270908 -0.0418964 0.999122 1.85761
0.977434 0.211058 0.00879468 126.14 -0.211241 0.976666 0.0387363 -63.7962 -0.000413873 -0.0397199 0.999211 1.88559
0.977104 0.212412 0.0122392 126.984 -0.21274 0.976246 0.0410512 -63.976 -0.00322876 -0.042715 0.999082 1.88921
0.976742 0.213623 0.0184313 127.836 -0.214235 0.975838 0.0429358 -64.1483 -0.00881395 -0.0458858 0.998908 1.88776
0.976478 0.21439 0.0229592 128.687 -0.215247 0.975491 0.045667 -64.3216 -0.0126059 -0.0495348 0.998693 1.88167
0.976321 0.21568 0.0166895 129.512 -0.216226 0.975298 0.045156 -64.501 -0.006538 -0.0476955 0.998841 1.87118
0.97631 0.216374 0.00140647 130.321 -0.216242 0.975444 0.0418064 -64.6789 0.00767387 -0.0411201 0.999125 1.87309
0.976337 0.216147 -0.00678753 131.136 -0.215719 0.97565 0.0396545 -64.8655 0.0151935 -0.037252 0.99919 1.90913
0.976545 0.215307 0.00160388 131.971 -0.215211 0.975824 0.0380995 -65.0533 0.00663798 -0.037551 0.999273 1.91952
0.976705 0.213658 0.0199342 132.829 -0.214226 0.976227 0.0329782 -65.2405 -0.0124143 -0.0364804 0.999257 1.91814
0.976647 0.212131 0.0340595 133.66 -0.213055 0.976688 0.0262423 -65.4254 -0.0276987 -0.032886 0.999075 1.91216
0.977013 0.211254 0.028572 134.476 -0.21203 0.976875 0.0275371 -65.5934 -0.0220939 -0.0329622 0.999212 1.90755
0.977541 0.210204 0.0151171 135.286 -0.210617 0.976938 0.0351012 -65.7493 -0.00739007 -0.0374968 0.999269 1.91538
0.977864 0.20912 0.00710513 136.091 -0.209238 0.977112 0.0383579 -65.9257 0.00107891 -0.0389955 0.999239 1.90101
0.978215 0.207497 0.00635352 136.907 -0.20759 0.977528 0.0366877 -66.0928 0.00140185 -0.0372074 0.999307 1.91671
0.978777 0.204784 0.00767679 137.724 -0.204927 0.978176 0.0343081 -66.2626 -0.000483513 -0.0351532 0.999382 1.93641
0.979548 0.201103 0.00664341 138.536 -0.201212 0.978955 0.0340629 -66.4212 0.000346551 -0.034703 0.999398 1.94947
0.980451 0.196693 0.00522368 139.344 -0.196755 0.979835 0.0347871 -66.5746 0.00172402 -0.0351348 0.999381 1.95314
0.981113 0.193345 0.00594769 140.147 -0.193428 0.980325 0.0393463 -66.7304 0.00177673 -0.0397536 0.999208 1.96995
0.981566 0.191011 0.00653756 140.959 -0.191112 0.980579 0.044054 -66.869 0.0020042 -0.0444913 0.999008 1.97496
0.981845 0.189464 0.0091008 141.764 -0.189683 0.980755 0.0462583 -67.0131 -0.000161367 -0.0471447 0.998888 1.97895
0.982091 0.187979 0.012726 142.57 -0.18837 0.981028 0.0458429 -67.171 -0.00386703 -0.0474191 0.998868 1.97296
0.982379 0.186445 0.0130311 143.371 -0.186847 0.981373 0.044661 -67.3216 -0.00446153 -0.0463088 0.998917 1.98135
0.982853 0.184122 0.00989542 144.181 -0.184378 0.981942 0.0423662 -67.4635 -0.00191616 -0.0434642 0.999053 1.99139
0.98367 0.179896 0.00564803 144.983 -0.179978 0.982896 0.0390315 -67.6155 0.00147018 -0.0394107 0.999222 2.00095
0.984808 0.173599 0.00405581 145.782 -0.173632 0.984148 0.0361186 -67.7506 0.00227865 -0.0362741 0.999339 2.01239
0.985942 0.166894 0.00801543 146.578 -0.167078 0.985237 0.0373244 -67.8879 -0.0016679 -0.0381389 0.999271 2.00484
0.986866 0.160801 0.0154661 147.379 -0.161249 0.98632 0.0342277 -68.0139 -0.00975069 -0.0362721 0.999294 2.00645
0.987377 0.156469 0.0245854 148.184 -0.157238 0.987001 0.0332606 -68.1498 -0.0190615 -0.0367065 0.999144 2.01324
0.987909 0.152375 0.0286128 148.983 -0.153358 0.987513 0.0360431 -68.2565 -0.0227635 -0.0399952 0.998941 2.01393
0.988696 0.147949 0.0243355 149.786 -0.148766 0.988212 0.0361299 -68.3677 -0.0187033 -0.0393417 0.999051 2.00879
0.989839 0.141432 0.0146773 150.602 -0.141874 0.989246 0.0355651 -68.4681 -0.00948943 -0.0372861 0.99926 2.0185
0.99084 0.134775 0.00847744 151.388 -0.134984 0.990288 0.0332878 -68.5786 -0.00390876 -0.0341272 0.99941 2.01014
0.991725 0.128066 0.00899903 152.204 -0.128309 0.991084 0.035904 -68.6854 -0.00432072 -0.0367615 0.999315 2.00723
0.992655 0.120355 0.0122698 153.021 -0.120769 0.991793 0.0419759 -68.7689 -0.00711711 -0.0431495 0.999043 2.01124
0.9936 0.112376 0.0114373 153.852 -0.112785 0.992564 0.0457752 -68.845 -0.00620828 -0.0467722 0.998886 2.01254
0.994694 0.102669 0.0065081 154.67 -0.102864 0.993525 0.0482402 -68.9204 -0.00151316 -0.0486537 0.998815 2.01295
0.995566 0.0940005 0.00335122 155.485 -0.0940539 0.994456 0.047026 -68.9989 0.00108783 -0.0471327 0.998888 2.01407
0.996272 0.0861059 0.00533993 156.312 -0.0862624 0.995151 0.0472663 -69.0588 -0.00124412 -0.0475508 0.998868 2.02081
0.996889 0.0779825 0.0114344 157.145 -0.0784597 0.995665 0.0499492 -69.112 -0.00748962 -0.0506909 0.998686 2.01552
0.99743 0.0695704 0.0171339 157.989 -0.0703782 0.996153 0.05221 -69.1545 -0.0134357 -0.0532817 0.998489 2.01703
0.99789 0.06176 0.0200116 158.811 -0.0627252 0.996683 0.0518533 -69.2016 -0.0167427 -0.0529991 0.998454 2.00944
0.998225 0.0553384 0.0219898 159.64 -0.0564126 0.997069 0.0516724 -69.2437 -0.0190659 -0.0528212 0.998422 2.0079
0.998501 0.0507834 0.0204111 160.463 -0.0517676 0.997356 0.0509983 -69.2898 -0.0177672 -0.0519785 0.99849 2.00207
0.998788 0.0465755 0.0159019 161.298 -0.0473864 0.997354 0.0551327 -69.31 -0.013292 -0.0558194 0.998352 2.01262
0.999035 0.0428075 0.00986755 162.107 -0.0433307 0.997201 0.0609258 -69.3319 -0.00723185 -0.0612946 0.998094 2.01013
0.999184 0.0397748 0.00696913 162.929 -0.0401361 0.997197 0.0631383 -69.3567 -0.00443828 -0.0633665 0.99798 2.00134
0.999259 0.036549 0.0120576 163.769 -0.0372596 0.997176 0.0652047 -69.3761 -0.00964039 -0.0656057 0.997799 2.00119
0.999213 0.0338196 0.0207307 164.604 -0.0351478 0.997102 0.0674631 -69.3975 -0.018389 -0.0681386 0.997506 1.9799
0.999132 0.0300323 0.028851 165.456 -0.0319619 0.997109 0.0689323 -69.4182 -0.0266974 -0.0697946 0.997204 1.98181
0.999341 0.0254627 0.0258614 166.256 -0.0270363 0.997683 0.0624396 -69.4451 -0.0242116 -0.0630977 0.997714 1.96161
0.999648 0.0206552 0.0166718 167.074 -0.0214863 0.998451 0.0513133 -69.469 -0.0155861 -0.0516534 0.998543 1.96476
0.999835 0.0142743 0.0112486 167.885 -0.0148098 0.998686 0.0490541 -69.4824 -0.0105336 -0.0492126 0.998733 1.95958
0.9999 0.00707626 0.0122342 168.706 -0.00775626 0.998375 0.0564593 -69.4789 -0.0118148 -0.0565486 0.99833 1.95526
0.999857 -0.00105574 0.0168979 169.549 0.000115262 0.998455 0.055561 -69.4746 -0.0169304 -0.0555511 0.998312 1.93275
0.999758 -0.00815799 0.0204307 170.391 0.00712428 0.998715 0.0501671 -69.4787 -0.0208137 -0.0500094 0.998532 1.93338
0.999608 -0.0143311 0.0240311 171.233 0.0132977 0.999003 0.0426253 -69.475 -0.024618 -0.0422891 0.998802 1.90867
0.999502 -0.0200431 0.0243795 172.074 0.0191769 0.999194 0.0352606 -69.4684 -0.0250666 -0.0347755 0.999081 1.90806
0.999472 -0.0262822 0.0191257 172.91 0.0257431 0.999279 0.0279076 -69.447 -0.0198453 -0.0274005 0.999427 1.91836
0.999388 -0.0336276 0.00966891 173.728 0.0334379 0.999257 0.0191537 -69.4222 -0.0103058 -0.0188186 0.99977 1.90516
0.99919 -0.039877 0.00537266 174.572 0.0397887 0.999085 0.0156553 -69.4139 -0.00599203 -0.0154289 0.999863 1.89911
0.99885 -0.0465951 0.0113183 175.433 0.0463299 0.998669 0.0226591 -69.3599 -0.012359 -0.0221086 0.999679 1.88858
0.998409 -0.0517498 0.0224076 176.282 0.0510112 0.998173 0.0323655 -69.2975 -0.0240416 -0.031171 0.999225 1.86963
0.997935 -0.0564892 0.0305894 177.136 0.0553764 0.997813 0.0360789 -69.2365 -0.0325605 -0.0343104 0.998881 1.86357
0.99779 -0.0597387 0.0290888 177.973 0.0588474 0.997798 0.0305882 -69.1831 -0.030852 -0.0288088 0.999109 1.85397
0.997879 -0.0620206 0.0197916 178.814 0.0614009 0.997647 0.0305193 -69.1267 -0.0216379 -0.0292393 0.999338 1.86443
0.99786 -0.0646271 0.00994154 179.647 0.0641889 0.997159 0.0394238 -69.0491 -0.0124611 -0.0387013 0.999173 1.8553
0.997752 -0.0667668 0.00570531 180.499 0.0664748 0.996928 0.041421 -68.9806 -0.00845333 -0.0409486 0.999125 1.83616
0.997575 -0.0689108 0.00977322 181.347 0.0684981 0.99694 0.0376527 -68.9285 -0.012338 -0.036892 0.999243 1.82588
0.99745 -0.0691503 0.0176424 182.198 0.0684529 0.996951 0.0374674 -68.8671 -0.0201795 -0.0361642 0.999142 1.80553
0.997307 -0.0695274 0.0233282 183.053 0.0686043 0.996909 0.0382803 -68.8078 -0.0259176 -0.0365768 0.998995 1.79353
0.997192 -0.0711234 0.0234532 183.906 0.0703006 0.996939 0.0342163 -68.7388 -0.025815 -0.0324714 0.999139 1.79018
0.997219 -0.0727617 0.0161457 184.753 0.0723136 0.997022 0.0267952 -68.6737 -0.0180473 -0.0255531 0.999511 1.78914
0.997198 -0.0746138 0.00539417 185.598 0.0744997 0.997041 0.0189272 -68.6268 -0.00679044 -0.0184723 0.999806 1.78365
0.997072 -0.0764543 0.00137237 186.445 0.0764296 0.996988 0.01319 -68.5733 -0.00237667 -0.0130465 0.999912 1.78061
0.996972 -0.0775962 0.00507258 187.308 0.0774762 0.99678 0.0206422 -68.492 -0.006658 -0.0201867 0.999774 1.77854
0.996782 -0.0788747 0.0142882 188.167 0.0784816 0.99657 0.0262528 -68.4134 -0.0163098 -0.0250469 0.999553 1.76166
0.996596 -0.0803417 0.0184996 189.019 0.0798751 0.996498 0.0247136 -68.3408 -0.0204203 -0.0231518 0.999523 1.7636
0.996588 -0.0810172 0.015756 189.851 0.0806601 0.996496 0.0221132 -68.272 -0.0174923 -0.0207669 0.999631 1.77309
0.996673 -0.0808659 0.0102092 190.683 0.0806254 0.996499 0.0221072 -68.2002 -0.0119612 -0.0212105 0.999703 1.77605
0.996665 -0.0811802 0.00831406 191.531 0.0808743 0.996205 0.0321784 -68.1132 -0.0108948 -0.0313987 0.999448 1.76087
0.9966 -0.0816498 0.0110022 192.365 0.0812103 0.996055 0.0357632 -68.0366 -0.0138788 -0.0347481 0.9993 1.75566
0.996511 -0.0823808 0.0134194 193.202 0.081774 0.995816 0.040794 -67.9551 -0.0167239 -0.0395543 0.999077 1.75053
0.996466 -0.082504 0.0157926 194.04 0.0817222 0.995638 0.0450057 -67.8831 -0.0194368 -0.043556 0.998862 1.74248
0.996416 -0.0831167 0.0157011 194.865 0.0823623 0.995641 0.0437691 -67.8018 -0.0192706 -0.0423191 0.998918 1.73415
0.996417 -0.0836214 0.0126809 195.691 0.0830019 0.995607 0.0433332 -67.7301 -0.0162487 -0.0421254 0.99898 1.73792
0.996386 -0.0846216 0.00737753 196.506 0.0842082 0.995435 0.0449223 -67.6443 -0.0111453 -0.0441387 0.998963 1.73941
0.996265 -0.0859914 0.00779082 197.318 0.0855274 0.995199 0.0475723 -67.5683 -0.0118442 -0.0467283 0.998837 1.74282
0.996005 -0.0878888 0.0157848 198.136 0.0870037 0.994953 0.0499936 -67.4948 -0.020099 -0.0484206 0.998625 1.71991
