0.50502 -0.862377 0.0355041 0.712368 0.86278 0.505535 0.00678203 0.541586 -0.0237972 0.0272072 0.999346 0.771262
0.501848 -0.864253 0.0348536 0.831625 0.864641 0.502345 0.00675951 0.735115 -0.0233505 0.0267436 0.99937 0.755319
0.498414 -0.866241 0.0347805 1.15491 0.866643 0.498891 0.00610197 1.25772 -0.0226375 0.027101 0.999376 0.740262
0.494524 -0.868513 0.0336264 1.53268 0.868901 0.494956 0.00544331 1.92595 -0.0213712 0.0265261 0.99942 0.726135
0.490638 -0.870739 0.0329675 1.90271 0.871122 0.491042 0.00497943 2.57918 -0.0205242 0.0262756 0.999444 0.718147
0.486794 -0.872928 0.0320586 2.28221 0.873292 0.487174 0.00482294 3.24278 -0.0198282 0.0256487 0.999474 0.710073
0.482757 -0.875223 0.030512 2.65701 0.875546 0.483109 0.00500588 3.92614 -0.0191219 0.024298 0.999522 0.704848
0.478686 -0.877521 0.0285596 3.03872 0.877776 0.47903 0.00629283 4.63732 -0.019203 0.0220567 0.999572 0.690236
0.474692 -0.87972 0.0275667 3.42644 0.879914 0.475059 0.00838111 5.35528 -0.0204688 0.0202779 0.999585 0.677342
0.471047 -0.881639 0.0287748 3.82062 0.881812 0.471484 0.0105603 6.08389 -0.0228772 0.0203995 0.99953 0.651725
0.467864 -0.88329 0.03003 4.21213 0.88346 0.468357 0.0118477 6.8053 -0.0245297 0.0209872 0.999479 0.629762
0.465449 -0.884527 0.0311287 4.604 0.884724 0.465967 0.011783 7.53463 -0.0249273 0.0220559 0.999446 0.601087
0.463381 -0.885584 0.0319181 4.99432 0.885816 0.463904 0.0111308 8.26308 -0.0246642 0.0231158 0.999429 0.587695
0.461866 -0.886355 0.032477 5.38703 0.886617 0.462386 0.0104674 9.00329 -0.0242947 0.0239602 0.999418 0.580973
0.460494 -0.887023 0.0336956 5.7798 0.887339 0.461019 0.00950781 9.75875 -0.023968 0.0255212 0.999387 0.571514
0.45915 -0.887704 0.0340873 6.17137 0.888058 0.459654 0.00836054 10.5311 -0.0230901 0.0264328 0.999384 0.560612
0.457774 -0.888428 0.0337538 6.56274 0.888813 0.458223 0.00658609 11.3106 -0.021318 0.0269859 0.999408 0.544401
0.456412 -0.889213 0.0314347 6.95018 0.889561 0.456784 0.00545342 12.1118 -0.0192081 0.0254741 0.999491 0.528964
0.455102 -0.889958 0.0292735 7.33762 0.89026 0.455424 0.0051212 12.9218 -0.0178895 0.0237304 0.999558 0.508402
0.453913 -0.890598 0.0282501 7.73584 0.890863 0.454234 0.00586685 13.7381 -0.0180572 0.022504 0.999584 0.487082
0.452917 -0.891103 0.0282978 8.14304 0.891343 0.453271 0.00728129 14.5654 -0.0193149 0.0219252 0.999573 0.475777
0.452004 -0.89155 0.028818 8.55774 0.891773 0.452398 0.00871436 15.4003 -0.0208065 0.0217602 0.999547 0.471596
0.451108 -0.891977 0.029648 8.97173 0.892215 0.451524 0.00886973 16.2309 -0.0212984 0.0224512 0.999521 0.463247
0.450045 -0.892482 0.0305773 9.38342 0.892765 0.450455 0.00781168 17.064 -0.0207455 0.0237827 0.999502 0.454339
0.449326 -0.892821 0.0312706 9.80892 0.893129 0.44974 0.00740637 17.896 -0.0206762 0.0246008 0.999484 0.443071
0.448753 -0.893095 0.031662 10.2368 0.89338 0.449213 0.00893577 18.7342 -0.0222035 0.0242762 0.999459 0.430343
0.448906 -0.892981 0.032686 10.6579 0.893224 0.449458 0.0117538 19.5653 -0.0251869 0.0239196 0.999397 0.411166
0.449565 -0.892592 0.0342081 11.0916 0.892784 0.450236 0.0149951 20.4053 -0.0287862 0.0237992 0.999302 0.385923
0.450942 -0.891826 0.0360292 11.5262 0.891985 0.451728 0.0174498 21.2455 -0.0318375 0.0242687 0.999198 0.360295
0.45293 -0.890759 0.0374603 11.9499 0.890964 0.453752 0.0170775 22.0789 -0.0322096 0.0256409 0.999152 0.33327
0.454758 -0.889819 0.0376514 12.3597 0.890111 0.455517 0.0144133 22.923 -0.029976 0.0269593 0.999187 0.316387
0.456254 -0.889124 0.0359247 12.7667 0.889478 0.456858 0.0104487 23.7671 -0.0257026 0.027187 0.9993 0.30757
0.457379 -0.88863 0.0337693 13.1877 0.888987 0.457864 0.00794206 24.624 -0.0225193 0.0263879 0.999398 0.292393
0.458115 -0.88832 0.0319083 13.6249 0.888609 0.458581 0.00882953 25.499 -0.022476 0.024309 0.999452 0.276731
0.458301 -0.888186 0.0329516 14.0688 0.888451 0.458842 0.0109114 26.3797 -0.024811 0.0242752 0.999397 0.250964
0.457775 -0.888271 0.0376455 14.5169 0.88863 0.458468 0.0119944 27.273 -0.0279136 0.0279622 0.999219 0.231058
0.456708 -0.888555 0.0434593 14.9769 0.889124 0.457535 0.0109412 28.1585 -0.029606 0.0336438 0.998995 0.218713
0.454996 -0.889193 0.0481171 15.4421 0.890035 0.455831 0.00746636 29.0404 -0.0285723 0.0394287 0.998814 0.206087
0.452893 -0.890165 0.0499372 15.8979 0.891172 0.453645 0.00426813 29.9223 -0.0264531 0.0425697 0.998743 0.184212
0.450892 -0.891178 0.0499738 16.3551 0.892241 0.451553 0.00219812 30.807 -0.0245248 0.0435976 0.998748 0.155564
0.449332 -0.892008 0.0492188 16.8171 0.893043 0.449966 0.00204435 31.694 -0.0239704 0.043036 0.998786 0.124347
0.44803 -0.892807 0.0465296 17.2704 0.893674 0.448695 0.00439694 32.5975 -0.0248032 0.0396123 0.998907 0.107424
0.447006 -0.893407 0.0448326 17.7217 0.894134 0.447739 0.00734908 33.5023 -0.026639 0.0368013 0.998967 0.0962645
0.446441 -0.893686 0.044892 18.179 0.894314 0.447306 0.0109683 34.4124 -0.0298827 0.0352509 0.998932 0.0753964
0.446142 -0.893817 0.0452536 18.6283 0.894332 0.447155 0.0149196 35.3186 -0.0335708 0.0338155 0.998864 0.057756
0.44612 -0.893785 0.0460946 19.0656 0.894237 0.44725 0.0175351 36.2239 -0.0362884 0.0333967 0.998783 0.0284053
0.446187 -0.893754 0.0460597 19.5042 0.894157 0.447358 0.018819 37.1291 -0.0374247 0.0327878 0.998761 0.00140458
0.446554 -0.893588 0.045715 19.9391 0.894016 0.44768 0.0178235 38.0296 -0.0363926 0.0329108 0.998796 -0.0284127
0.446758 -0.893569 0.044055 20.3716 0.893989 0.447784 0.016549 38.9256 -0.0345148 0.0319913 0.998892 -0.0506608
0.446124 -0.893929 0.0431836 20.8031 0.89436 0.447083 0.0153997 39.8263 -0.0330729 0.0317515 0.998948 -0.0724094
0.44523 -0.894387 0.0429166 21.2461 0.894825 0.446166 0.0149723 40.7198 -0.0325389 0.0317367 0.998966 -0.096362
0.444372 -0.894755 0.0441223 21.6892 0.89526 0.44532 0.0141456 41.6093 -0.0323054 0.033215 0.998926 -0.112897
0.443686 -0.895118 0.0436593 22.1257 0.895656 0.444568 0.0126155 42.4905 -0.0307019 0.0335064 0.998967 -0.12833
0.443201 -0.895449 0.0417709 22.5568 0.895978 0.443967 0.0108048 43.379 -0.02822 0.0326371 0.999069 -0.150783
0.442857 -0.895697 0.0400624 22.9902 0.896192 0.443552 0.0100853 44.2675 -0.0268032 0.0314372 0.999146 -0.171661
0.442801 -0.89568 0.0410497 23.4184 0.896143 0.443594 0.0123248 45.1378 -0.0292485 0.031329 0.999081 -0.187347
0.442699 -0.895657 0.0426105 23.8409 0.896103 0.443609 0.0144881 46.0073 -0.0318788 0.0317695 0.998987 -0.205089
0.442618 -0.895592 0.0447609 24.2793 0.896078 0.443629 0.0154033 46.8782 -0.0336523 0.0332915 0.998879 -0.225535
0.442465 -0.895554 0.0469742 24.7213 0.896138 0.443529 0.0147835 47.7443 -0.0340739 0.0355542 0.998787 -0.243255
0.442237 -0.895593 0.0483781 25.1456 0.896259 0.443315 0.0138536 48.6133 -0.0338539 0.0372328 0.998733 -0.266562
0.441511 -0.895843 0.0503384 25.5745 0.896598 0.442641 0.0134839 49.4867 -0.0343613 0.03918 0.998641 -0.290234
0.440361 -0.896242 0.053221 26.0096 0.897066 0.441647 0.0148365 50.3577 -0.036802 0.0412094 0.998473 -0.305099
0.439111 -0.896675 0.056172 26.436 0.897527 0.440617 0.0173795 51.237 -0.0403341 0.0427843 0.99827 -0.336423
0.43813 -0.897049 0.0578427 26.847 0.897922 0.439759 0.0186431 52.1063 -0.0421606 0.0437702 0.998152 -0.37381
0.437321 -0.897475 0.057355 27.2567 0.898422 0.438829 0.0163696 52.9535 -0.0398603 0.0443702 0.99822 -0.390702
0.436744 -0.897929 0.0545817 27.6519 0.898927 0.437941 0.0117139 53.7821 -0.0344218 0.043949 0.998441 -0.399416
0.435955 -0.8986 0.0496113 28.0275 0.899485 0.436865 0.0087077 54.5959 -0.0294982 0.0408285 0.998731 -0.422693
0.43491 -0.899378 0.0444105 28.4104 0.900072 0.435661 0.00840605 55.4162 -0.0269081 0.0363167 0.998978 -0.45041
0.433855 -0.900087 0.0401633 28.7957 0.900579 0.434564 0.0105496 56.2312 -0.0269491 0.0315932 0.999137 -0.463197
0.432936 -0.900637 0.0376885 29.177 0.900976 0.433661 0.0134324 57.0337 -0.0284418 0.0281411 0.999199 -0.466479
0.431801 -0.901232 0.0364552 29.5519 0.901456 0.432566 0.0162443 57.8308 -0.0304092 0.0258484 0.999203 -0.474598
0.43036 -0.901877 0.0375386 29.9235 0.902084 0.431196 0.0177228 58.6104 -0.0321703 0.0262358 0.999138 -0.490973
0.429013 -0.90244 0.0393626 30.2886 0.90268 0.429925 0.0182906 59.3701 -0.0334291 0.0276849 0.999058 -0.511977
0.427806 -0.902888 0.0421229 30.6408 0.903216 0.428806 0.0180957 60.127 -0.034401 0.0303046 0.998949 -0.542235
0.426597 -0.903378 0.0438515 30.9793 0.903744 0.427671 0.0185647 60.8737 -0.035525 0.0317109 0.998866 -0.573813
0.425412 -0.903926 0.0440686 31.3134 0.904222 0.426561 0.020719 61.6008 -0.0375264 0.0310337 0.998814 -0.602372
0.424181 -0.904495 0.0442524 31.642 0.904698 0.425416 0.0233091 62.312 -0.0399087 0.0301477 0.998748 -0.63043
0.422713 -0.905208 0.0437186 31.9555 0.905341 0.423967 0.0246841 63.0147 -0.0408796 0.0291459 0.998739 -0.643992
0.421476 -0.905887 0.0415551 32.2632 0.906007 0.422609 0.023493 63.7002 -0.0388436 0.0277475 0.99886 -0.643865
0.420364 -0.906571 0.0377192 32.5695 0.90673 0.421255 0.0196239 64.3568 -0.0336798 0.0259519 0.999096 -0.64002
0.41958 -0.907127 0.0327677 32.8644 0.907302 0.420207 0.0151263 64.99 -0.0274907 0.0233836 0.999349 -0.643595
0.41917 -0.907453 0.0287307 33.1421 0.907602 0.41964 0.0126833 65.6069 -0.023566 0.0207596 0.999507 -0.658557
0.418605 -0.907752 0.0275174 33.4122 0.907859 0.419061 0.0134048 66.2158 -0.0236997 0.0193706 0.999531 -0.682995
0.417746 -0.908104 0.0288903 33.6777 0.908211 0.418259 0.014593 66.807 -0.0253356 0.0201423 0.999476 -0.693027
0.417307 -0.908198 0.0321205 33.9486 0.908404 0.417877 0.0134282 67.3833 -0.0256179 0.0235747 0.999394 -0.681472
0.41778 -0.907835 0.0359918 34.2178 0.908241 0.418341 0.0094505 67.9389 -0.0236363 0.028741 0.999307 -0.663418
0.419792 -0.90684 0.0376358 34.4762 0.907384 0.420267 0.00537809 68.4696 -0.0206942 0.0318924 0.999277 -0.662362
0.423153 -0.905323 0.0364944 34.7211 0.905861 0.423557 0.00379797 68.9855 -0.0188958 0.0314517 0.999327 -0.677924
0.4277 -0.903247 0.0348881 34.959 0.903711 0.428114 0.00502271 69.4968 -0.0194728 0.0293805 0.999379 -0.706291
0.433022 -0.900719 0.0345989 35.1914 0.901096 0.433535 0.00862718 70.0014 -0.0227705 0.0274411 0.999364 -0.722567
0.439208 -0.897616 0.0371814 35.4303 0.897969 0.439888 0.0122257 70.4895 -0.0273296 0.0280181 0.999234 -0.727614
0.447279 -0.893505 0.0398761 35.6753 0.893836 0.448131 0.0153899 70.9587 -0.0316207 0.0287591 0.999086 -0.713713
0.458583 -0.887725 0.0405671 35.9144 0.887992 0.459524 0.0175775 71.4054 -0.0342455 0.0279625 0.999022 -0.704475
0.472422 -0.88051 0.0389756 36.1593 0.880636 0.473373 0.0199643 71.8368 -0.0360288 0.0248917 0.999041 -0.710607
0.490066 -0.870898 0.0370437 36.4091 0.870896 0.490988 0.0217 72.2509 -0.0370865 0.0216267 0.999078 -0.729459
0.513999 -0.856958 0.0377781 36.6608 0.856974 0.514933 0.020962 72.64 -0.0374167 0.0216004 0.999066 -0.752525
0.53836 -0.841826 0.038691 36.932 0.841844 0.539323 0.0207106 73.0113 -0.0383017 0.0214221 0.999037 -0.765628
0.564482 -0.824474 0.0400346 37.21 0.824465 0.565511 0.0213163 73.3646 -0.0402148 0.0209744 0.998971 -0.770257
0.593044 -0.804091 0.0416822 37.4973 0.804032 0.594163 0.0224365 73.709 -0.042807 0.020208 0.998879 -0.78271
0.624384 -0.779938 0.0429263 37.7957 0.779798 0.62558 0.0237753 74.0364 -0.0453971 0.0186289 0.998795 -0.796277
0.658503 -0.751271 0.0443476 38.0894 0.751069 0.65977 0.0244626 74.3578 -0.0476372 0.0171994 0.998717 -0.807699
0.695341 -0.717337 0.0439048 38.3595 0.717057 0.696579 0.024649 74.6595 -0.0482648 0.0143428 0.998732 -0.822745
0.732669 -0.679238 0.0428026 38.6496 0.678906 0.733829 0.0241126 74.9414 -0.0477879 0.0113924 0.998793 -0.831202
0.770294 -0.636353 0.0412572 38.9566 0.635982 0.771353 0.0232665 75.1922 -0.0466296 0.00831671 0.998878 -0.839851
0.807658 -0.588278 0.0402125 39.2721 0.587852 0.808643 0.0229602 75.4088 -0.0460245 0.00509503 0.998927 -0.850321
0.843096 -0.536308 0.0395404 39.5881 0.535843 0.844019 0.0224402 75.6064 -0.0454077 0.00226818 0.998966 -0.870524
0.876226 -0.480293 0.0393143 39.9375 0.479836 0.877108 0.0209539 75.7719 -0.0445469 0.000504075 0.999007 -0.895098
0.905974 -0.421496 0.0393895 40.3089 0.421046 0.90683 0.0194906 75.9064 -0.0439348 -0.00107314 0.999034 -0.913229
0.93153 -0.361453 0.0400539 40.6962 0.360972 0.932385 0.018907 76.0093 -0.0441796 -0.0031541 0.999019 -0.919063
0.952883 -0.300489 0.0414721 41.0872 0.299911 0.953765 0.0196668 76.0903 -0.0454643 -0.00630225 0.998946 -0.926069
0.969967 -0.239286 0.0436691 41.4758 0.238579 0.9709 0.0208052 76.1523 -0.0473767 -0.00976177 0.998829 -0.943454
0.982901 -0.178355 0.0457768 41.8547 0.177573 0.983891 0.0206486 76.1825 -0.0487222 -0.0121668 0.998738 -0.969335
0.991837 -0.118606 0.0468256 42.2326 0.117859 0.99286 0.0184127 76.1848 -0.0486751 -0.0127435 0.998733 -0.989242
0.997062 -0.0603795 0.0471309 42.6067 0.0596556 0.998081 0.0166182 76.1646 -0.0480438 -0.0137577 0.99875 -0.99485
0.998925 -0.00422817 0.0461525 42.9843 0.00344993 0.999851 0.016929 76.1296 -0.0462172 -0.0167516 0.998791 -0.983378
0.997906 0.0470921 0.044346 43.3707 -0.0480099 0.998649 0.0198634 76.0984 -0.0433507 -0.0219509 0.998819 -0.998484
0.9945 0.095748 0.0424521 43.7503 -0.0966768 0.995107 0.0203901 76.0579 -0.0402921 -0.0243821 0.99889 -1.03726
0.989324 0.139464 0.0422924 44.1127 -0.140068 0.990073 0.011661 76.0118 -0.0402463 -0.0174603 0.999037 -1.06569
0.982904 0.178906 0.0435105 44.4633 -0.17919 0.983811 0.002683 75.9363 -0.0423261 -0.0104338 0.999049 -1.06744
0.975497 0.215751 0.0430936 44.8068 -0.215829 0.976427 -0.00289203 75.8586 -0.0427017 -0.00647969 0.999067 -1.04268
0.967611 0.249217 0.0402452 45.118 -0.249461 0.968384 0.0010868 75.8089 -0.038702 -0.0110912 0.999189 -1.00334
0.959053 0.280752 0.0373571 45.4295 -0.281232 0.959605 0.00818478 75.7739 -0.0335501 -0.0183556 0.999268 -0.996247
0.950359 0.309138 0.0353916 45.784 -0.309847 0.950642 0.016572 75.7376 -0.0285217 -0.0267153 0.999236 -1.03697
0.942038 0.333765 0.0341437 46.1756 -0.334579 0.942119 0.021668 75.6803 -0.0249354 -0.0318359 0.999182 -1.09874
0.934034 0.355851 0.0308425 46.5731 -0.356584 0.933987 0.0227296 75.5953 -0.0207182 -0.0322281 0.999266 -1.12079
0.92653 0.375385 0.0250732 46.9653 -0.375916 0.926404 0.0215025 75.4708 -0.0151562 -0.0293481 0.999454 -1.11861
0.920247 0.390854 0.0194769 47.3933 -0.391194 0.920121 0.0185787 75.2967 -0.0106595 -0.0247163 0.999638 -1.1355
0.914209 0.404865 0.017499 47.8264 -0.405126 0.91413 0.01549 75.1024 -0.009725 -0.0212504 0.999727 -1.15818
0.908124 0.418302 0.0182664 48.2691 -0.418555 0.908095 0.0132131 74.899 -0.0110606 -0.0196446 0.999746 -1.16764
0.902032 0.431166 0.0208593 48.7123 -0.431443 0.902071 0.0111949 74.68 -0.0139897 -0.0190978 0.99972 -1.16425
0.896357 0.442693 0.0238328 49.1522 -0.442991 0.896482 0.0088663 74.448 -0.0174406 -0.0185051 0.999677 -1.15609
0.891294 0.452715 0.0253836 49.6031 -0.453008 0.891479 0.00700504 74.2033 -0.0194576 -0.0177425 0.999653 -1.14252
0.886979 0.46109 0.0257742 50.0502 -0.461378 0.887182 0.00628597 73.9515 -0.019968 -0.0174671 0.999648 -1.1354
0.883674 0.467448 0.0247751 50.5215 -0.467705 0.883867 0.0055515 73.7031 -0.0193029 -0.0164932 0.999678 -1.14427
0.88137 0.471862 0.0230997 51.0145 -0.47209 0.881535 0.00530206 73.4494 -0.0178613 -0.0155782 0.999719 -1.15957
0.879132 0.476087 0.0216277 51.5094 -0.476287 0.879276 0.0049776 73.1829 -0.016647 -0.014677 0.999754 -1.17875
0.877059 0.479949 0.0204133 52.0177 -0.480125 0.877189 0.00450075 72.8965 -0.0157462 -0.0137484 0.999781 -1.19421
0.87532 0.483141 0.0197355 52.5571 -0.483292 0.875453 0.00342396 72.5958 -0.0156232 -0.0125351 0.999799 -1.2019
0.873755 0.485998 0.0189359 53.1177 -0.486118 0.873891 0.00203711 72.2715 -0.0155578 -0.010985 0.999819 -1.20909
0.872511 0.48824 0.0186196 53.6963 -0.488334 0.872657 0.000588235 71.9361 -0.0159613 -0.00960581 0.999826 -1.22168
0.871747 0.489625 0.0179913 54.2935 -0.489685 0.871899 -0.00120442 71.5937 -0.0162763 -0.00776012 0.999837 -1.23306
0.871585 0.48993 0.0175485 54.9092 -0.489965 0.871738 -0.0025177 71.249 -0.0165312 -0.00640376 0.999843 -1.24029
0.872335 0.488608 0.0171303 55.5393 -0.488613 0.872491 -0.00418478 70.9001 -0.0169908 -0.00471956 0.999844 -1.25078
0.874142 0.485411 0.015909 56.182 -0.485361 0.874285 -0.00710273 70.5391 -0.0173568 -0.00151282 0.999848 -1.25792
0.876315 0.481508 0.0149288 56.8354 -0.481425 0.876442 -0.00893302 70.1736 -0.0173855 0.00064106 0.999849 -1.26216
0.878673 0.477204 0.0145298 57.5004 -0.477084 0.878788 -0.011041 69.8123 -0.0180374 0.00276947 0.999833 -1.27985
0.881012 0.472865 0.0146823 58.172 -0.472705 0.881122 -0.0131691 69.4411 -0.0191641 0.00466174 0.999806 -1.29792
0.883303 0.468518 0.0163088 58.8686 -0.468343 0.883443 -0.0135339 69.0758 -0.0207488 0.00431645 0.999775 -1.32637
0.885373 0.464447 0.0200722 59.5755 -0.46433 0.885601 -0.0104132 68.6992 -0.0226123 -0.000100539 0.999744 -1.33396
0.887536 0.460195 0.0223808 60.2943 -0.460113 0.887815 -0.00896418 68.339 -0.0239952 -0.00234166 0.999709 -1.3406
0.889471 0.456396 0.0233374 61.0197 -0.456382 0.889762 -0.00621213 67.972 -0.0235999 -0.00512526 0.999708 -1.33574
0.891048 0.453371 0.0221114 61.7398 -0.453443 0.891283 -0.00189709 67.5967 -0.0205676 -0.00833587 0.999754 -1.3252
0.892163 0.451281 0.0197464 62.4562 -0.451412 0.892312 0.00248548 67.209 -0.0164983 -0.0111312 0.999802 -1.3244
0.892819 0.450065 0.0177839 63.1909 -0.450228 0.892891 0.00636239 66.818 -0.0130156 -0.0136873 0.999822 -1.34597
0.893071 0.449607 0.01667 63.9414 -0.449776 0.893105 0.00810598 66.4304 -0.0112435 -0.014737 0.999828 -1.35917
0.89297 0.449795 0.0170203 64.6856 -0.449968 0.893009 0.00803473 66.0492 -0.0115853 -0.0148334 0.999823 -1.36546
0.892755 0.450129 0.019303 65.4375 -0.450355 0.892801 0.00936783 65.6864 -0.013017 -0.0170564 0.99977 -1.36742
0.892512 0.450478 0.0221586 66.1997 -0.450777 0.892571 0.0108275 65.3286 -0.0149006 -0.0196522 0.999696 -1.3689
0.892313 0.450726 0.0249954 66.9528 -0.451117 0.892372 0.0129043 64.9792 -0.0164889 -0.0227905 0.999604 -1.37091
0.892059 0.451094 0.0272903 67.6864 -0.451597 0.892075 0.0162014 64.6258 -0.0170367 -0.0267769 0.999496 -1.37205
0.891566 0.451987 0.0286065 68.4137 -0.452571 0.891531 0.0187477 64.2744 -0.0170299 -0.0296612 0.999415 -1.37383
0.890481 0.454085 0.029155 69.1435 -0.454709 0.890414 0.0200772 63.9145 -0.0168433 -0.0311354 0.999373 -1.37846
0.888655 0.457566 0.0304133 69.8795 -0.458254 0.888561 0.0215135 63.5394 -0.0171802 -0.0330551 0.999306 -1.37865
0.886169 0.462225 0.0324573 70.6217 -0.462997 0.886076 0.0224166 63.147 -0.0183981 -0.0348926 0.999222 -1.39001
0.882983 0.468182 0.0338656 71.3652 -0.469011 0.882899 0.0227645 62.7496 -0.019242 -0.035984 0.999167 -1.39395
0.878815 0.47591 0.0345566 72.1106 -0.476791 0.878683 0.0242188 62.3398 -0.0188384 -0.0377601 0.999109 -1.38934
0.874131 0.484492 0.0340939 72.836 -0.485351 0.873988 0.0240742 61.9311 -0.0181339 -0.0375916 0.999129 -1.38901
0.869094 0.49348 0.0339627 73.5507 -0.494331 0.868944 0.0239566 61.5297 -0.0176896 -0.0376093 0.999136 -1.39749
0.863649 0.502898 0.0347015 74.2526 -0.503784 0.863483 0.0244797 61.1429 -0.0176534 -0.0386239 0.999098 -1.40759
0.857786 0.512806 0.0351019 74.9482 -0.51369 0.857652 0.0235578 60.7453 -0.0180247 -0.0382391 0.999106 -1.41325
0.851746 0.522772 0.0351812 75.633 -0.52364 0.851641 0.0225719 60.3434 -0.0181617 -0.0376478 0.999126 -1.41258
0.845503 0.532806 0.0352498 76.2932 -0.533669 0.845402 0.022221 59.9438 -0.0179608 -0.0375996 0.999131 -1.41958
0.839256 0.542568 0.0356294 76.9427 -0.543456 0.839126 0.0228661 59.5312 -0.0174912 -0.0385535 0.999103 -1.4224
0.833166 0.551909 0.0350905 77.5845 -0.552784 0.832994 0.0234694 59.1122 -0.0162772 -0.0389513 0.999109 -1.42797
0.827377 0.560615 0.0340238 78.2132 -0.561452 0.827167 0.0238098 58.6905 -0.0147952 -0.0388024 0.999137 -1.43023
0.821855 0.568728 0.0332168 78.8335 -0.569534 0.821616 0.0240318 58.268 -0.0136239 -0.0386687 0.999159 -1.43265
0.816478 0.576463 0.0324583 79.4448 -0.577231 0.816244 0.0234606 57.8407 -0.0129697 -0.037891 0.999198 -1.43064
0.811223 0.583825 0.0326367 80.0421 -0.584592 0.811 0.023063 57.4036 -0.0130036 -0.0377884 0.999201 -1.42626
0.806247 0.590686 0.0324888 80.6407 -0.591422 0.806081 0.0212793 56.9642 -0.0136192 -0.036371 0.999246 -1.4244
0.801674 0.596874 0.0325693 81.2428 -0.59758 0.801583 0.0190503 56.5228 -0.0147364 -0.0347349 0.999288 -1.41947
0.798031 0.601675 0.0336599 81.8514 -0.602385 0.798026 0.0169418 56.0858 -0.016668 -0.0337963 0.99929 -1.41951
0.795448 0.60503 0.0346619 82.4522 -0.60573 0.795538 0.014474 55.6501 -0.0188177 -0.032509 0.999294 -1.42141
0.793837 0.607088 0.0355963 83.0325 -0.607791 0.79399 0.0130657 55.2208 -0.0203311 -0.0320071 0.999281 -1.42036
0.793445 0.607609 0.03546 83.5787 -0.608287 0.793625 0.0120773 54.7964 -0.0208037 -0.0311525 0.999298 -1.43003
0.794044 0.60689 0.0343376 84.1045 -0.607525 0.794215 0.011671 54.385 -0.0201885 -0.0301282 0.999342 -1.44204
0.795604 0.604959 0.0322413 84.6207 -0.605524 0.795748 0.0112089 53.9783 -0.018875 -0.0284407 0.999417 -1.44217
0.798529 0.601159 0.0309711 85.1319 -0.601698 0.798636 0.0118088 53.5945 -0.0176356 -0.0280649 0.999451 -1.44225
0.802752 0.595551 0.0301303 85.6395 -0.596076 0.802833 0.012374 53.2286 -0.0168202 -0.0278932 0.999469 -1.44489
0.807932 0.588533 0.0295881 86.1287 -0.589043 0.808005 0.0124652 52.8841 -0.0165712 -0.0274997 0.999484 -1.44649
0.814882 0.578876 0.0295053 86.6189 -0.579396 0.814938 0.0132545 52.5563 -0.0163722 -0.0278961 0.999477 -1.45085
0.823624 0.566372 0.0294204 87.1073 -0.566915 0.823643 0.0148363 52.2515 -0.015829 -0.0288984 0.999457 -1.45201
0.833707 0.55147 0.0285129 87.5917 -0.552013 0.833671 0.016571 51.9538 -0.014632 -0.0295548 0.999456 -1.45652
0.845213 0.533769 0.0265662 88.0639 -0.534278 0.845113 0.0181766 51.6741 -0.0127494 -0.0295569 0.999482 -1.45704
0.859915 0.50983 0.0248991 88.5308 -0.510319 0.859744 0.0203642 51.431 -0.0110246 -0.0302179 0.999483 -1.45199
0.875521 0.482563 0.0244299 88.9976 -0.483049 0.875343 0.0209377 51.2107 -0.0112808 -0.0301322 0.999482 -1.45553
0.89256 0.450219 0.025288 89.4977 -0.450727 0.892435 0.0201298 50.9835 -0.0135051 -0.029365 0.999478 -1.47228
0.909775 0.414235 0.0267898 90.0017 -0.41477 0.909732 0.0188292 50.7806 -0.0165718 -0.0282419 0.999464 -1.49313
0.926536 0.37505 0.0294807 90.5066 -0.375641 0.926593 0.0178468 50.6019 -0.0206232 -0.0276099 0.999406 -1.50992
0.942734 0.33192 0.0328951 91.0105 -0.332587 0.942914 0.017304 50.466 -0.0252736 -0.0272536 0.999309 -1.52129
0.958876 0.281328 0.0375596 91.5218 -0.282213 0.959128 0.0207078 50.3757 -0.0301988 -0.0304561 0.99908 -1.52533
0.97303 0.227087 0.0405517 92.0245 -0.228165 0.973321 0.0242302 50.3101 -0.0339675 -0.0328292 0.998884 -1.53205
0.984905 0.16833 0.04033 92.5213 -0.169367 0.985265 0.023822 50.2831 -0.0357258 -0.030293 0.998902 -1.52197
0.993608 0.106379 0.037765 93.0177 -0.107268 0.993979 0.0223478 50.2811 -0.0351602 -0.026256 0.999037 -1.51454
0.998767 0.0380648 0.0318534 93.4941 -0.038701 0.999059 0.0196015 50.2983 -0.0310773 -0.0208101 0.9993 -1.51248
0.999147 -0.0326737 0.0252508 93.9647 0.0322402 0.999329 0.0173879 50.3416 -0.025802 -0.016559 0.99953 -1.51791
0.994335 -0.104443 0.0197187 94.4417 0.104117 0.994421 0.0169009 50.4205 -0.0213738 -0.0147521 0.999663 -1.53517
0.984462 -0.174787 0.0168765 94.9084 0.174517 0.984519 0.0163279 50.521 -0.0194692 -0.013129 0.999724 -1.5623
0.969725 -0.243698 0.0156172 95.371 0.243478 0.969795 0.0147248 50.6524 -0.0187339 -0.0104766 0.99977 -1.58251
0.950425 -0.3105 0.0168128 95.8213 0.310295 0.950541 0.0137214 50.8119 -0.0202417 -0.00782419 0.999765 -1.58914
0.927013 -0.374354 0.0225017 96.2539 0.374111 0.927273 0.0143431 51.0157 -0.0262346 -0.00487812 0.999644 -1.60286
0.89951 -0.435965 0.0285664 96.6682 0.435657 0.89996 0.0165799 51.2453 -0.0329369 -0.00246868 0.999454 -1.60023
0.868888 -0.493815 0.0343544 97.058 0.493416 0.869567 0.0198378 51.4932 -0.0396696 -0.000285792 0.999213 -1.61636
0.836544 -0.546523 0.0388185 97.4355 0.545986 0.837443 0.024243 51.7504 -0.0457577 0.000913996 0.998952 -1.6375
0.805923 -0.590682 0.0397846 97.7982 0.589948 0.806905 0.0294395 52.0053 -0.0494918 -0.000255162 0.998774 -1.65127
0.775047 -0.630669 0.0394936 98.1621 0.629669 0.776047 0.035592 52.2834 -0.0530956 -0.00271756 0.998586 -1.65782
0.74554 -0.665428 0.0370889 98.5082 0.664182 0.746437 0.0411613 52.5759 -0.0550744 -0.00605368 0.998464 -1.67415
0.717866 -0.695378 0.0334292 98.841 0.694034 0.718595 0.0440173 52.8951 -0.0546307 -0.00839747 0.998471 -1.71852
0.695121 -0.718144 0.0328076 99.147 0.717025 0.69588 0.0403327 53.2435 -0.0517948 -0.00451227 0.998648 -1.77147
0.675836 -0.736291 0.0334958 99.4778 0.735395 0.676665 0.0363114 53.5825 -0.0494012 9.21041e-05 0.998779 -1.8018
0.660888 -0.749738 0.0334699 99.8302 0.748965 0.66173 0.0341257 53.9355 -0.0477334 0.00251455 0.998857 -1.80411
0.650524 -0.758781 0.0327196 100.197 0.757995 0.651342 0.0345867 54.3133 -0.0475553 0.00230186 0.998866 -1.80866
0.644048 -0.764442 0.0288096 100.536 0.763521 0.644688 0.0375858 54.7004 -0.0473054 -0.00221037 0.998878 -1.79876
0.640456 -0.767642 0.0232811 100.876 0.766623 0.64083 0.0403262 55.0968 -0.0458753 -0.00797932 0.998915 -1.80557
0.63961 -0.768472 0.0186983 101.227 0.76749 0.639778 0.0405319 55.4924 -0.0431104 -0.0115738 0.999003 -1.83325
0.640403 -0.76786 0.016568 101.597 0.767005 0.640511 0.0380505 55.8987 -0.0398294 -0.0116599 0.999138 -1.87391
0.643038 -0.765643 0.0171045 101.973 0.765028 0.643225 0.0315249 56.313 -0.0351388 -0.0071863 0.999357 -1.90597
0.646978 -0.762327 0.0166658 102.349 0.761891 0.647179 0.0261161 56.7377 -0.0306948 -0.004199 0.99952 -1.93261
0.65099 -0.758967 0.0134741 102.719 0.758566 0.651098 0.0254748 57.1827 -0.0281075 -0.00636287 0.999585 -1.94415
0.655783 -0.754889 0.00959232 103.086 0.754416 0.655744 0.0292694 57.649 -0.0283853 -0.0119578 0.999526 -1.95165
0.660499 -0.750793 0.00712753 103.466 0.750179 0.660293 0.0352733 58.1308 -0.0311892 -0.0179511 0.999352 -1.954
0.664778 -0.747008 0.00704919 103.854 0.74618 0.664434 0.041756 58.6143 -0.0358758 -0.0224985 0.999103 -1.96829
0.66799 -0.744091 0.0108372 104.255 0.743007 0.667689 0.04618 59.1017 -0.041598 -0.0227956 0.998874 -2.005
0.670555 -0.741634 0.018308 104.679 0.740391 0.670576 0.0463558 59.5848 -0.0466559 -0.0175291 0.998757 -2.05123
0.67188 -0.740229 0.0252615 105.109 0.739062 0.67228 0.0427488 60.0747 -0.0486267 -0.0100523 0.998766 -2.08857
0.672165 -0.739773 0.0304953 105.546 0.738967 0.672856 0.034539 60.5793 -0.04607 -0.000680866 0.998938 -2.09771
0.671708 -0.740121 0.0320836 105.988 0.739754 0.672434 0.0244441 61.0938 -0.0396656 0.00731468 0.999186 -2.09167
0.670425 -0.74137 0.0300013 106.425 0.741251 0.67101 0.0171121 61.6164 -0.0328175 0.0107661 0.999403 -2.10069
0.668534 -0.743275 0.0245959 106.866 0.74315 0.668941 0.0156993 62.1544 -0.0281221 0.00778293 0.999574 -2.12718
0.666663 -0.745186 0.016081 107.332 0.744854 0.66685 0.0224435 62.7072 -0.0274482 -0.00298425 0.999619 -2.16789
0.664769 -0.746972 0.0107099 107.812 0.746437 0.664736 0.0309348 63.2548 -0.0302267 -0.0125702 0.999464 -2.19172
0.663068 -0.748508 0.00869325 108.315 0.747764 0.662855 0.0383747 63.8119 -0.0344862 -0.0189446 0.999226 -2.19622
0.660955 -0.750381 0.00813026 108.826 0.74948 0.660628 0.0430135 64.3773 -0.0376476 -0.0223366 0.999041 -2.20124
0.658396 -0.752631 0.0078172 109.352 0.751658 0.658013 0.0450484 64.9452 -0.0390487 -0.0237838 0.998954 -2.217
0.655291 -0.755328 0.00855709 109.883 0.754378 0.654965 0.0439945 65.521 -0.0388349 -0.0223739 0.998995 -2.24763
0.651765 -0.758364 0.00928825 110.406 0.757483 0.651519 0.0417484 66.1116 -0.0377119 -0.0201744 0.999085 -2.29938
0.648255 -0.761353 0.0103319 110.932 0.760534 0.648093 0.0395398 66.7176 -0.0367998 -0.0177741 0.999165 -2.3555
0.645395 -0.763763 0.011459 111.469 0.762967 0.645298 0.0383616 67.3419 -0.0366937 -0.0160155 0.999198 -2.399
0.643454 -0.765373 0.0130553 112.015 0.764574 0.643427 0.0377842 67.9697 -0.0373192 -0.0143306 0.999201 -2.43057
0.64256 -0.766069 0.0159787 112.568 0.765243 0.642649 0.0374814 68.5986 -0.038982 -0.0118564 0.99917 -2.45509
0.642144 -0.766367 0.0182538 113.119 0.765507 0.642321 0.0377144 69.2282 -0.0406279 -0.0102446 0.999122 -2.48801
0.642512 -0.766034 0.0192602 113.653 0.765151 0.642728 0.0380173 69.8699 -0.0415016 -0.0096896 0.999091 -2.51748
0.643968 -0.764887 0.0159261 114.169 0.763984 0.644029 0.0394425 70.5292 -0.0404259 -0.0132325 0.999095 -2.53684
0.645416 -0.763752 0.0109853 114.682 0.762848 0.645248 0.0414422 71.2011 -0.0387398 -0.0183673 0.999081 -2.55982
0.647177 -0.76232 0.00547946 115.207 0.761431 0.646739 0.0441692 71.8728 -0.0372149 -0.0244131 0.999009 -2.57965
0.649105 -0.760698 0.00116741 115.748 0.759807 0.648418 0.0474052 72.5401 -0.036818 -0.029884 0.998875 -2.60663
0.650896 -0.759165 -0.00149034 116.301 0.758272 0.650033 0.0498034 73.2127 -0.0368403 -0.033547 0.998758 -2.62566
0.652826 -0.757503 -0.00255545 116.864 0.756628 0.651902 0.0503859 73.8834 -0.0365016 -0.0348268 0.998727 -2.64322
0.654702 -0.755887 -0.000440786 117.439 0.755022 0.653924 0.0482206 74.5534 -0.0361611 -0.0319029 0.998837 -2.66337
0.655416 -0.755246 0.00589104 118.038 0.754421 0.655029 0.0422618 75.2071 -0.0357768 -0.0232547 0.999089 -2.69092
0.656043 -0.754659 0.00985761 118.63 0.753889 0.655876 0.0384466 75.8755 -0.0354794 -0.0177911 0.999212 -2.71392
0.656982 -0.753832 0.0105959 119.226 0.753041 0.656837 0.0386688 76.5482 -0.0361095 -0.0174256 0.999196 -2.74324
0.657974 -0.752968 0.0104994 119.808 0.752051 0.65776 0.0420936 77.2205 -0.0386012 -0.0198004 0.999058 -2.78199
0.658874 -0.752181 0.0104627 120.377 0.751072 0.658555 0.0468705 77.8929 -0.0421453 -0.0230235 0.998846 -2.82837
0.65982 -0.751354 0.0102813 120.928 0.750144 0.659432 0.0493368 78.5465 -0.0438493 -0.0248409 0.998729 -2.85804
0.660667 -0.750636 0.00809405 121.47 0.749823 0.660389 0.0406411 79.1459 -0.0358519 -0.0207811 0.999141 -2.85626
0.660762 -0.750573 0.00571436 122.019 0.750116 0.660594 0.0306781 79.7539 -0.026801 -0.0159845 0.999513 -2.86832
0.660218 -0.751053 0.00563662 122.567 0.750683 0.660097 0.0273247 80.3961 -0.024243 -0.0138089 0.999611 -2.87252
0.659751 -0.751435 0.00861244 123.122 0.750987 0.659688 0.0288146 81.0409 -0.0273338 -0.0125426 0.999548 -2.88863
0.658899 -0.75195 0.020571 123.708 0.751022 0.659144 0.0386787 81.703 -0.0426437 -0.010036 0.99904 -2.93313
0.657332 -0.75307 0.0282938 124.266 0.751625 0.657863 0.047709 82.3651 -0.0545416 -0.0100943 0.99846 -2.99956
0.655895 -0.754478 0.0237427 124.797 0.752923 0.656143 0.0508347 83.0166 -0.0539323 -0.0154658 0.998425 -3.03458
0.655132 -0.75533 0.0166944 125.334 0.75408 0.655089 0.0471256 83.6361 -0.0465317 -0.0182845 0.998749 -3.06433
0.654534 -0.755962 0.0103597 125.867 0.755022 0.654306 0.0427214 84.2599 -0.0390742 -0.0201408 0.999033 -3.10302
0.653005 -0.757321 0.00702056 126.39 0.756649 0.652769 0.0370696 84.889 -0.0326564 -0.0188945 0.999288 -3.12972
0.650444 -0.75954 0.00469946 126.907 0.759049 0.650224 0.0324437 85.5268 -0.027698 -0.0175357 0.999462 -3.15063
0.647148 -0.76236 0.00262116 127.424 0.761985 0.646931 0.0293052 86.1583 -0.0240368 -0.0169675 0.999567 -3.16101
0.643387 -0.765541 -7.42637e-05 127.968 0.765197 0.643094 0.0300617 86.7965 -0.0229657 -0.0193981 0.999548 -3.16047
0.639873 -0.768477 -0.00252343 128.504 0.768136 0.639484 0.0320446 87.4315 -0.0230119 -0.0224428 0.999483 -3.1521
0.637442 -0.770493 -0.0029758 129.042 0.770111 0.636995 0.0341608 88.0632 -0.0244251 -0.0240672 0.999412 -3.13777
0.635935 -0.77174 -0.00200526 129.584 0.771268 0.63545 0.0367268 88.6973 -0.0270693 -0.0249025 0.999323 -3.13949
0.635066 -0.772458 -0.000394829 130.124 0.77188 0.634572 0.0389865 89.3388 -0.0298649 -0.0250638 0.99924 -3.15488
0.634099 -0.773251 0.00110218 130.642 0.772588 0.633612 0.0405521 89.9805 -0.0320553 -0.0248625 0.999177 -3.16711
0.632619 -0.774455 0.00358657 131.15 0.773758 0.632234 0.0397424 90.622 -0.0330463 -0.0223667 0.999204 -3.18044
0.629743 -0.776784 0.00547026 131.639 0.776118 0.629468 0.0375693 91.2723 -0.0326266 -0.0194135 0.999279 -3.18944
0.625164 -0.780469 0.00624887 132.115 0.779813 0.624933 0.0367566 91.9104 -0.0325925 -0.018106 0.999305 -3.2206
0.619703 -0.784804 0.00712846 132.594 0.784102 0.61949 0.0376342 92.5413 -0.0339515 -0.0177326 0.999266 -3.27589
0.614241 -0.789068 0.00889978 133.088 0.788218 0.61404 0.0408316 93.165 -0.0376837 -0.0180655 0.999126 -3.33
0.609346 -0.792838 0.0102643 133.588 0.791766 0.609114 0.045676 93.799 -0.0424658 -0.0197056 0.998904 -3.38118
0.605092 -0.796078 0.0111635 134.082 0.794804 0.604822 0.0497818 94.4353 -0.0463822 -0.0212498 0.998698 -3.41144
0.600886 -0.799248 0.0117435 134.576 0.797891 0.600619 0.0512492 95.0769 -0.0480142 -0.0214249 0.998617 -3.41455
0.596278 -0.802686 0.0121482 135.056 0.80146 0.596098 0.0482705 95.717 -0.0459876 -0.0190464 0.99876 -3.40255
0.591268 -0.806402 0.0108587 135.535 0.805313 0.591086 0.0456998 96.3639 -0.0432709 -0.0182762 0.998896 -3.41596
0.585894 -0.81035 0.00778548 136.012 0.80938 0.585617 0.0442237 97.031 -0.040396 -0.0196089 0.998991 -3.43608
0.579924 -0.814661 0.00397223 136.482 0.813797 0.57952 0.0434882 97.7127 -0.0377301 -0.0219873 0.999046 -3.46508
0.5731 -0.819485 -0.00065778 136.938 0.818741 0.572545 0.0430778 98.4199 -0.034925 -0.0252264 0.999071 -3.49653
0.565874 -0.824483 -0.00393198 137.393 0.823878 0.565262 0.0412791 99.1296 -0.0318113 -0.0265982 0.99914 -3.52934
0.558444 -0.829523 -0.00570076 137.854 0.829025 0.55784 0.0391376 99.8332 -0.0292854 -0.0265822 0.999218 -3.55772
0.551123 -0.834394 -0.00707867 138.308 0.833941 0.550495 0.0386893 100.544 -0.0283854 -0.0272257 0.999226 -3.58947
0.544156 -0.838943 -0.00830775 138.766 0.838446 0.543426 0.0411799 101.259 -0.030033 -0.0293739 0.999117 -3.6171
0.537306 -0.843348 -0.00814326 139.22 0.842737 0.536488 0.0444309 101.974 -0.033102 -0.0307356 0.998979 -3.63727
0.531039 -0.84732 -0.00679527 139.665 0.846536 0.530162 0.0480095 102.695 -0.0370768 -0.0312474 0.998824 -3.65618
0.525783 -0.850604 -0.00498151 140.102 0.849639 0.524888 0.0510445 103.406 -0.0408039 -0.0310708 0.998684 -3.67336
0.521742 -0.85309 -0.00469887 140.535 0.852024 0.520797 0.0531527 104.12 -0.0428969 -0.0317355 0.998575 -3.68314
0.518544 -0.855022 -0.00706472 140.956 0.853977 0.517461 0.0543926 104.833 -0.0428511 -0.034238 0.998495 -3.69835
0.516049 -0.856489 -0.0109397 141.369 0.855589 0.514815 0.0541504 105.545 -0.0407473 -0.0373042 0.998473 -3.72807
0.51369 -0.85785 -0.0147189 141.776 0.857096 0.51231 0.0540776 106.254 -0.0388498 -0.0403946 0.998428 -3.76078
0.511772 -0.858945 -0.0173814 142.198 0.858276 0.510267 0.0546886 106.968 -0.0381053 -0.0429062 0.998352 -3.78191
0.509836 -0.860081 -0.0181206 142.626 0.859346 0.508198 0.0570844 107.7 -0.0398884 -0.0446755 0.998205 -3.80137
0.507044 -0.861774 -0.0159019 143.043 0.86087 0.50543 0.0586803 108.432 -0.0425318 -0.043443 0.99815 -3.81815
0.503396 -0.863977 -0.0116739 143.458 0.862919 0.501994 0.0580825 109.145 -0.0443217 -0.0393121 0.998244 -3.85382
0.497895 -0.867217 -0.00593787 143.852 0.866106 0.496884 0.0544612 109.844 -0.0442792 -0.0322588 0.998498 -3.89948
0.491665 -0.870781 -0.00247848 144.24 0.869691 0.490903 0.051502 110.536 -0.0436303 -0.0274773 0.99867 -3.95416
0.485033 -0.874495 -0.00121086 144.622 0.873426 0.484372 0.0501051 111.229 -0.0432301 -0.0253603 0.998743 -4.004
0.477949 -0.878387 -0.000424782 145.004 0.87733 0.47735 0.0492886 111.936 -0.0430917 -0.0239301 0.998784 -4.03583
0.471121 -0.882067 0.00148197 145.392 0.881 0.470632 0.0484222 112.653 -0.0434091 -0.0215071 0.998826 -4.05332
0.464878 -0.885356 0.00576123 145.778 0.884254 0.464607 0.0472718 113.379 -0.0445291 -0.0168812 0.998865 -4.05718
0.459439 -0.888146 0.0106393 146.181 0.887058 0.45942 0.0453947 114.124 -0.045205 -0.0114184 0.998912 -4.06883
0.454277 -0.890685 0.0177002 146.588 0.889777 0.454614 0.0402803 114.881 -0.0439238 -0.00254917 0.999032 -4.07924
0.44895 -0.893269 0.0226645 146.982 0.892639 0.449494 0.0339197 115.637 -0.040487 0.00500297 0.999168 -4.09571
0.443384 -0.896014 0.0238721 147.362 0.895533 0.443956 0.0304067 116.417 -0.037843 0.00789641 0.999252 -4.13359
0.437582 -0.898921 0.0215128 147.732 0.898379 0.438077 0.0316853 117.219 -0.0379068 0.00546175 0.999266 -4.17376
0.432597 -0.901362 0.0201439 148.1 0.90063 0.433059 0.0364117 118.022 -0.0415436 0.00239062 0.999134 -4.22072
0.428408 -0.903351 0.0205959 148.468 0.902419 0.428901 0.0410371 118.816 -0.0459045 0.0010055 0.998945 -4.2459
0.425687 -0.904629 0.0208874 148.844 0.903552 0.426199 0.0441488 119.604 -0.0488405 7.9276e-05 0.998807 -4.26679
0.424661 -0.90524 0.0142604 149.195 0.904219 0.424865 0.0433368 120.375 -0.045289 -0.00550899 0.998959 -4.29776
0.423451 -0.905885 0.00790348 149.528 0.904993 0.423396 0.0415144 121.136 -0.0409536 -0.0104267 0.999107 -4.33534
0.421974 -0.906583 0.00674818 149.867 0.905839 0.421911 0.038038 121.905 -0.0373317 -0.00993828 0.999254 -4.37991
0.42079 -0.907132 0.00692348 150.221 0.906485 0.42076 0.0353014 122.674 -0.0349361 -0.00857843 0.999353 -4.41301
0.420281 -0.907339 0.010009 150.572 0.906692 0.420364 0.0347077 123.44 -0.035699 -0.00551189 0.999347 -4.44041
0.419492 -0.907684 0.011721 150.919 0.906994 0.419633 0.0356481 124.219 -0.0372757 -0.0043232 0.999296 -4.44509
0.418326 -0.908233 0.010792 151.26 0.907478 0.418423 0.037485 124.995 -0.0385608 -0.00588742 0.999239 -4.45256
0.416969 -0.908859 0.0105842 151.612 0.908122 0.417062 0.0370677 125.76 -0.0381036 -0.00584436 0.999257 -4.47184
0.415204 -0.909623 0.013866 151.979 0.909057 0.415435 0.0320859 126.52 -0.0349465 -0.000717238 0.999389 -4.48872
0.413285 -0.910444 0.0169155 152.337 0.910037 0.413612 0.0275268 127.283 -0.0320581 0.00401726 0.999478 -4.50939
0.411415 -0.911231 0.0198819 152.686 0.910938 0.411816 0.0244822 128.063 -0.0304966 0.00803887 0.999503 -4.52742
0.409987 -0.911802 0.0229895 153.042 0.911575 0.410473 0.0232992 128.855 -0.0306808 0.0114043 0.999464 -4.54094
0.409035 -0.912219 0.0233849 153.378 0.911971 0.409543 0.0241684 129.643 -0.031624 0.0114406 0.999434 -4.55286
0.409613 -0.912003 0.0216164 153.705 0.911705 0.410075 0.0251289 130.429 -0.031782 0.0094147 0.999451 -4.54722
0.409755 -0.912007 0.0185577 154.027 0.911638 0.410131 0.02662 131.221 -0.0318887 0.00601026 0.999473 -4.54585
0.409649 -0.91211 0.015579 154.354 0.911685 0.409936 0.0279805 132.007 -0.0319077 0.002741 0.999487 -4.55281
0.408958 -0.91246 0.0130503 154.68 0.911982 0.409167 0.0295345 132.793 -0.0322888 -0.000176799 0.999479 -4.58033
0.408286 -0.912794 0.0104946 155.024 0.912243 0.408406 0.031884 133.572 -0.0333896 -0.00344416 0.999436 -4.62363
0.407527 -0.913152 0.00866058 155.37 0.912532 0.407575 0.0341763 134.346 -0.0347379 -0.00602469 0.999378 -4.66265
0.406869 -0.91345 0.00809078 155.723 0.91281 0.406893 0.0348695 135.117 -0.0351437 -0.006802 0.999359 -4.67109
0.406138 -0.913792 0.00601794 156.068 0.913188 0.406096 0.0342751 135.876 -0.0337642 -0.00842494 0.999394 -4.66295
0.405187 -0.914225 0.00405416 156.395 0.913675 0.40509 0.0331566 136.623 -0.0319549 -0.00973042 0.999442 -4.66434
0.403897 -0.9148 0.00281457 156.714 0.914233 0.403751 0.0341019 137.377 -0.0323328 -0.0112005 0.999414 -4.6991
0.402422 -0.915436 0.00578024 157.031 0.914665 0.402329 0.0389724 138.112 -0.0380023 -0.0103964 0.999224 -4.75515
0.400736 -0.916126 0.0110815 157.342 0.915142 0.400826 0.0430508 138.836 -0.0438817 -0.00711087 0.999011 -4.82465
0.399497 -0.916588 0.0163814 157.649 0.915495 0.399822 0.0448386 139.541 -0.0476482 -0.00291581 0.99886 -4.8337
0.399152 -0.916734 0.0166403 157.951 0.915631 0.399489 0.045038 140.219 -0.0479355 -0.0027407 0.998847 -4.82
0.399983 -0.916461 0.0106215 158.237 0.915436 0.400046 0.0440445 140.876 -0.0446142 -0.00789372 0.998973 -4.80826
0.401318 -0.915912 0.00698145 158.526 0.915088 0.401262 0.0400247 141.522 -0.0394605 -0.00967398 0.999174 -4.80623
0.403065 -0.915153 0.00580085 158.8 0.914563 0.403021 0.0338863 142.147 -0.033349 -0.00835314 0.999409 -4.81689
0.406561 -0.913607 0.00551598 159.073 0.913213 0.406552 0.0275445 142.769 -0.0274074 -0.00616128 0.999605 -4.83915
0.411456 -0.911415 0.00529601 159.348 0.911133 0.411463 0.0231282 143.394 -0.0232585 -0.00469085 0.999718 -4.86969
