0.450297 -0.892175 0.0354412 0.555567 0.892866 0.45015 -0.0124577 0.457365 -0.0048394 0.0372539 0.999294 0
0.447999 -0.893533 0.0299457 1.35555 0.894033 0.447801 -0.0133989 2.02703 -0.00143737 0.0327751 0.999462 0
0.446187 -0.89441 0.030775 2.16841 0.894933 0.446052 -0.0114973 3.62684 -0.00344394 0.0326715 0.99946 0
0.444419 -0.895281 0.0310358 2.98944 0.895812 0.44429 -0.0113072 5.25039 -0.00366575 0.0328274 0.999454 0
0.442438 -0.896209 0.0325273 3.81888 0.896797 0.442226 -0.0138367 6.89349 -0.00198388 0.0352923 0.999375 0
0.441744 -0.896539 0.0328717 4.6538 0.897121 0.441684 -0.00943107 8.56063 -0.00606361 0.033656 0.999415 0
0.44393 -0.895367 0.0352647 5.50165 0.896001 0.444013 -0.00587684 10.2454 -0.010396 0.0342061 0.999361 0
0.447055 -0.8939 0.0329218 6.36426 0.894477 0.447036 -0.00835757 11.9476 -0.0072464 0.0331841 0.999423 0
0.451085 -0.891901 0.0321652 7.24167 0.892477 0.450894 -0.0133782 13.6658 -0.00257106 0.0347415 0.999393 0
0.453314 -0.890452 0.0400239 8.13684 0.891301 0.453306 -0.00979265 15.4014 -0.00942316 0.0401125 0.999151 0
0.452389 -0.89034 0.0513672 9.0446 0.891768 0.45224 -0.0151413 17.1465 -0.00974945 0.0526573 0.998565 0
0.448666 -0.892289 0.0501939 9.95077 0.893688 0.448235 -0.0201761 18.9093 -0.00449573 0.0539101 0.998536 0
0.445358 -0.893976 0.0496362 10.86 0.89533 0.445058 -0.0175515 20.6954 -0.00640031 0.0522574 0.998613 0
0.442922 -0.895238 0.0486652 11.7709 0.896519 0.442768 -0.014495 22.4928 -0.00857087 0.0500494 0.99871 0
0.441771 -0.895849 0.0478906 12.6809 0.89704 0.441845 -0.00959905 24.2897 -0.012561 0.0472004 0.998806 0
0.44177 -0.895966 0.0456473 13.5861 0.897034 0.441888 -0.00802085 26.0808 -0.0129846 0.0444906 0.998925 0
0.443055 -0.895505 0.0420961 14.4882 0.896438 0.443066 -0.00959637 27.8621 -0.0100578 0.0419883 0.999067 0
0.441924 -0.895905 0.045351 15.3933 0.896967 0.442015 -0.00853718 29.6321 -0.0123973 0.0444511 0.998935 0
0.441256 -0.896443 0.0410372 16.2839 0.89733 0.44126 -0.00945245 31.3918 -0.00963447 0.0409948 0.999113 0
0.4425 -0.895896 0.0395495 17.1702 0.896736 0.442427 -0.0110602 33.1385 -0.00758895 0.0403596 0.999156 0
0.444205 -0.894787 0.0451483 18.0562 0.895843 0.444281 -0.00888883 34.8724 -0.012105 0.0443943 0.998941 0
0.446089 -0.893576 0.0502611 18.9379 0.894934 0.445979 -0.0140169 36.5906 -0.00989026 0.0512331 0.998638 0
0.446159 -0.893279 0.0547268 19.8163 0.894898 0.44598 -0.0161048 38.2962 -0.010021 0.0561602 0.998371 0
0.444837 -0.893502 0.0614376 20.6901 0.895441 0.445043 -0.0110449 39.9925 -0.0174738 0.059927 0.99805 0
0.44275 -0.894812 0.0573044 21.5475 0.896539 0.442777 -0.0129306 41.6682 -0.0138026 0.0571006 0.998273 0
0.441561 -0.895871 0.0493905 22.3856 0.897205 0.441298 -0.0167032 43.3111 -0.00683207 0.0516889 0.99864 0
0.441661 -0.896041 0.0452307 23.2008 0.897119 0.441667 -0.0104072 44.9134 -0.0106516 0.0451738 0.998922 0
0.442627 -0.895688 0.0427182 23.9933 0.896643 0.442658 -0.00924175 46.4638 -0.0106318 0.0423936 0.999044 0
0.442765 -0.89568 0.0414273 24.7625 0.896569 0.442829 -0.00810502 47.9656 -0.0110857 0.040731 0.999109 0
0.442541 -0.895791 0.041412 25.5077 0.89666 0.442674 -0.00639798 49.4203 -0.0126008 0.0399638 0.999122 0
0.442387 -0.895859 0.0416059 26.2254 0.896595 0.442846 0.00205901 50.8272 -0.0202696 0.0363927 0.999132 0
0.443107 -0.89588 0.032497 27.2403 0.896406 0.443215 -0.00419067 52.8194 -0.0106488 0.0309874 0.999463 0
0.446668 -0.894196 0.0300174 28.1784 0.894623 0.446819 -0.00184511 54.6547 -0.0117624 0.0276784 0.999548 0
0.44985 -0.892353 0.0366195 29.0516 0.893101 0.449578 -0.015804 56.3223 -0.00236054 0.0398143 0.999204 0
0.461135 -0.886741 0.032313 29.8596 0.88733 0.460862 -0.0158903 57.8585 -0.000801219 0.0359999 0.999352 0
0.478565 -0.877128 0.0402746 30.6518 0.878021 0.478428 -0.013607 59.2634 -0.00733339 0.0418738 0.999096 0
0.518125 -0.854957 0.0243985 31.4172 0.855295 0.518048 -0.00985818 60.5574 -0.00421125 0.0259756 0.999654 0
0.610676 -0.791515 0.0240763 32.505 0.791831 0.610696 -0.00733099 62.0655 -0.00890072 0.0235412 0.999683 0
0.739186 -0.673309 0.0161112 33.7265 0.673403 0.739275 -0.000566679 63.3405 -0.0115291 0.0112682 0.99987 0
0.877139 -0.480111 0.0109923 35.0983 0.480122 0.8772 0.0018423 64.279 -0.010527 0.00366169 0.999938 0
0.983336 -0.180625 0.0206144 36.9677 0.180552 0.983551 0.00536497 64.8989 -0.0212444 -0.00155359 0.999773 0
0.989489 0.143201 0.0201118 39.2657 -0.143074 0.989683 -0.00762025 64.8878 -0.0209955 0.00466269 0.999769 0
0.949508 0.313341 0.0158452 41.1772 -0.313349 0.949636 -0.00203763 64.426 -0.0156856 -0.00303032 0.999872 0
0.917593 0.397453 -0.00733772 42.7752 -0.397512 0.917538 -0.0103783 63.8104 0.00260777 0.0124399 0.999919 0
0.892098 0.451842 0.000167842 44.5118 -0.451796 0.892011 -0.0140039 63.0199 -0.00647726 0.012417 0.999902 0
0.878418 0.477849 -0.00655197 45.9219 -0.477875 0.87818 -0.0208784 62.2947 -0.00422292 0.021471 0.999761 0
0.869456 0.493876 -0.0115592 47.4562 -0.494008 0.869132 -0.0237847 61.4688 -0.0017002 0.0263901 0.99965 0
0.863366 0.504363 -0.0147273 49.1187 -0.504575 0.862885 -0.0288588 60.541 -0.00184733 0.0323467 0.999475 0
0.861836 0.506739 -0.0213274 50.9051 -0.507185 0.860944 -0.0392337 59.5205 -0.00151951 0.0446299 0.999002 0
0.864999 0.50118 -0.0244128 52.1699 -0.501773 0.863911 -0.0433777 58.8027 -0.00064958 0.0497713 0.99876 0
0.869413 0.493487 -0.0243211 53.4964 -0.494082 0.868167 -0.0465792 58.0614 -0.00187146 0.0525132 0.998618 0
0.874219 0.485123 -0.0199413 54.8804 -0.485508 0.873029 -0.0458426 57.3053 -0.00482993 0.0497582 0.99875 0
0.878976 0.476547 -0.0174386 56.3044 -0.476842 0.87797 -0.0423276 56.5417 -0.00486053 0.0455204 0.998952 0
0.881123 0.472512 -0.0188053 57.754 -0.472884 0.880552 -0.0317763 55.7807 0.00154439 0.0368915 0.999318 0
0.881427 0.472095 -0.0145937 59.2114 -0.47232 0.881027 -0.0265655 55.0159 0.000315998 0.0303084 0.999541 0
0.881595 0.47188 -0.0109124 60.6669 -0.472001 0.881236 -0.0252485 54.2491 -0.00229788 0.0274096 0.999622 0
0.882458 0.470322 -0.00807001 62.1195 -0.470383 0.882209 -0.0211583 53.4852 -0.00283181 0.0224673 0.999744 0
0.882593 0.470104 -0.00568493 63.5688 -0.470135 0.882478 -0.0143328 52.7257 -0.00172108 0.0153227 0.999881 0
0.880338 0.474347 -0.00040475 65.0125 -0.47433 0.8803 -0.00910684 51.965 -0.0039635 0.00820908 0.999958 0
0.875204 0.483727 0.00509615 66.4446 -0.4837 0.875216 -0.00570011 51.1956 -0.00721753 0.00252376 0.999971 0
0.867391 0.497598 0.00542536 67.8554 -0.49759 0.867408 -0.0029432 50.4125 -0.00617052 -0.000146701 0.999981 0
0.857854 0.513846 0.00693988 69.2404 -0.513844 0.857881 -0.00227569 49.6116 -0.00712294 -0.0016138 0.999973 0
0.847315 0.531019 0.0087355 70.597 -0.531021 0.847356 -0.00225034 48.7924 -0.00859705 -0.00273199 0.999959 0
0.83613 0.548457 0.00908201 71.9221 -0.548475 0.836167 -0.000603526 47.9568 -0.00792509 -0.00447663 0.999959 0
0.825267 0.564683 0.00824435 73.2126 -0.564707 0.825291 0.000661439 47.1083 -0.00643049 -0.0052015 0.999966 0
0.814574 0.580013 0.00737234 74.464 -0.580034 0.814592 0.000936537 46.2544 -0.00546224 -0.00503908 0.999972 0
0.804351 0.594122 0.00619394 75.6757 -0.594128 0.80437 -0.000989062 45.3987 -0.00556984 -0.00288444 0.99998 0
0.797183 0.60372 0.00465623 76.8474 -0.603686 0.797192 -0.00695941 44.5456 -0.00791344 0.00273702 0.999965 0
0.793909 0.608026 0.00356756 77.9791 -0.60795 0.793881 -0.0122433 43.7116 -0.0102765 0.00755118 0.999919 0
0.794518 0.60724 -0.000725619 79.5903 -0.607187 0.794432 -0.0141799 42.5268 -0.00803417 0.0117068 0.999899 0
0.806134 0.591714 -0.00475386 81.0838 -0.591717 0.806026 -0.0138924 41.4581 -0.00438857 0.014012 0.999892 0
0.831831 0.554958 -0.00890622 82.46 -0.555029 0.831742 -0.0121644 40.547 0.000656919 0.015062 0.999886 0
0.871558 0.490016 -0.0164569 83.8007 -0.490179 0.871587 -0.00774372 39.7761 0.0105491 0.0148159 0.999835 0
0.922274 0.386306 -0.0133822 85.1623 -0.386451 0.922247 -0.0108019 39.1558 0.0081688 0.0151339 0.999852 0
0.982075 0.188412 -0.00538893 87.0089 -0.18847 0.981983 -0.0137486 38.6532 0.00270142 0.0145178 0.999891 0
0.997014 -0.0757449 -0.0150019 88.8187 0.0753706 0.996864 -0.0241191 38.5918 0.0167817 0.0229164 0.999597 0
0.936927 -0.349523 -0.000676844 90.5313 0.349352 0.936527 -0.0295044 39.0139 0.0109464 0.027407 0.999564 0
0.816072 -0.577391 0.0254257 92.0893 0.577859 0.815934 -0.0181628 39.8886 -0.0102587 0.0295146 0.999512 0
0.731201 -0.681754 0.0236019 93.1488 0.682028 0.731305 -0.00550042 40.7966 -0.0135103 0.0201191 0.999706 0
0.669816 -0.741997 0.028047 94.5055 0.742374 0.669967 -0.00501638 42.2068 -0.0150684 0.0241814 0.999594 0
0.656536 -0.754184 0.0129087 95.5324 0.754199 0.656629 0.00472977 43.3848 -0.0120433 0.00663045 0.999905 0
0.664152 -0.747557 0.00779309 96.6433 0.747595 0.664139 -0.0045673 44.6285 -0.00176138 0.00885947 0.999959 0
0.678608 -0.734498 0.00202872 97.8431 0.734487 0.67861 0.00415261 45.9508 -0.00442679 -0.00132793 0.999989 0
0.692499 -0.721277 0.014278 99.1548 0.721233 0.692635 0.00897637 47.3217 -0.0163639 0.00408163 0.999858 0
0.697292 -0.716666 0.0131707 100.549 0.716769 0.697288 -0.00568229 48.7459 -0.00511144 0.0134025 0.999897 0
0.696114 -0.717893 0.00733976 101.517 0.71793 0.696064 -0.00845742 49.7403 0.000962584 0.0111568 0.999937 0
0.693777 -0.720009 0.0161317 102.523 0.720118 0.69385 -0.00143263 50.7729 -0.0101615 0.0126107 0.999869 0
0.691842 -0.721937 0.0127562 103.549 0.721962 0.691925 0.00333168 51.8452 -0.0112316 0.00690449 0.999913 0
0.689515 -0.724243 0.00641971 104.601 0.724264 0.689521 -0.00156235 52.9495 -0.003295 0.00572682 0.999978 0
0.686793 -0.726769 0.0110137 105.684 0.726844 0.686782 -0.00541138 54.0886 -0.00363121 0.0117218 0.999925 0
0.684509 -0.728788 0.0177446 106.79 0.728966 0.684519 -0.00649184 55.2632 -0.00741531 0.0173789 0.999821 0
0.682445 -0.730527 0.0244792 107.917 0.730871 0.682452 -0.00936716 56.4617 -0.0098629 0.0242837 0.999656 0
0.681009 -0.732046 0.0182889 109.054 0.73223 0.681031 -0.00595071 57.6834 -0.00809909 0.0174441 0.999815 0
0.682673 -0.730693 0.00666118 110.207 0.730703 0.682694 0.00126663 58.9208 -0.00547307 0.00400265 0.999977 0
0.689839 -0.723959 0.00246033 111.38 0.723915 0.689828 0.00921738 60.1686 -0.0083702 -0.00457744 0.999955 0
0.697926 -0.716164 0.00291377 112.574 0.716149 0.69793 0.00483828 61.4056 -0.00549861 -0.00129006 0.999984 0
0.70167 -0.712433 0.00990309 113.786 0.712485 0.701681 -0.00288376 62.6285 -0.00489433 0.00907925 0.999947 0
0.703917 -0.710229 0.00866256 114.995 0.710242 0.703955 0.00207658 63.8551 -0.0075729 0.00469077 0.99996 0
0.707774 -0.706387 0.00850327 116.202 0.706296 0.707822 0.0115514 65.0766 -0.0141785 -0.00216993 0.999897 0
0.71183 -0.702352 0.00087157 117.408 0.702326 0.711791 -0.00958929 66.2725 0.00611468 0.00743807 0.999954 0
0.711905 -0.702228 0.00820046 118.619 0.702275 0.711877 -0.00650174 67.4677 -0.00127201 0.0103876 0.999945 0
0.709834 -0.703958 0.0240574 119.824 0.703928 0.710184 0.0111479 68.6629 -0.0249328 0.00902156 0.999648 0
0.709313 -0.704874 0.00529695 121.002 0.704877 0.709328 0.00150357 69.848 -0.0048171 0.00266719 0.999985 0
0.707963 -0.70622 0.00647218 122.181 0.706242 0.707969 -0.00177162 71.0236 -0.00333095 0.00582517 0.999977 0
0.702349 -0.711808 0.00597896 123.346 0.711826 0.702355 -0.00132455 72.1976 -0.00325653 0.00518628 0.999981 0
0.696526 -0.71753 -0.00130188 124.489 0.717528 0.696516 0.00435855 73.3792 -0.00222061 -0.00396998 0.99999 0
0.694886 -0.719107 -0.00439825 125.619 0.719103 0.694814 0.0111927 74.5644 -0.00499276 -0.0109404 0.999928 0
0.69491 -0.719093 -0.00223422 126.743 0.719067 0.69485 0.0112284 75.7423 -0.00652182 -0.00940928 0.999934 0
0.689738 -0.724057 -0.00159685 127.858 0.724059 0.689737 0.00135633 76.9117 0.000119345 -0.00209173 0.999998 0
0.678427 -0.734663 0.00263205 128.955 0.734655 0.678432 0.00348766 78.0949 -0.00434792 -0.000432474 0.99999 0
0.668515 -0.743633 0.00988682 130.032 0.743498 0.668584 0.0143569 79.2969 -0.0172865 -0.00224699 0.999848 0
0.659576 -0.751637 0.00139953 131.088 0.751542 0.65952 0.0147725 80.5078 -0.0120266 -0.00869178 0.99989 0
0.647171 -0.762343 -0.00151152 132.139 0.76234 0.647158 0.00502301 81.7315 -0.00285106 -0.00440304 0.999986 0
0.632749 -0.774336 -0.00565538 133.171 0.774314 0.632621 0.0151146 82.993 -0.0081261 -0.0139428 0.99987 0
0.616326 -0.787356 -0.0145583 134.188 0.78749 0.616199 0.0125695 84.2775 -0.000925832 -0.0192114 0.999815 0
0.599829 -0.799997 -0.0145237 135.187 0.800124 0.599664 0.0143395 85.5928 -0.00276217 -0.020222 0.999792 0
0.583512 -0.811984 -0.0140305 136.161 0.81203 0.583137 0.0236046 86.9364 -0.0109848 -0.0251667 0.999623 0
0.569304 -0.82202 -0.013272 137.116 0.822011 0.568877 0.0260346 88.2947 -0.0138509 -0.0257314 0.999573 0
0.55717 -0.830085 -0.0228293 138.044 0.830367 0.5567 0.0239958 89.6652 -0.00720946 -0.0323264 0.999451 0
0.548282 -0.835728 -0.0307441 138.954 0.83629 0.547794 0.0232701 91.047 -0.00260601 -0.0384695 0.999256 0
0.543054 -0.83922 -0.028308 139.853 0.839535 0.541977 0.0379685 92.4423 -0.0165216 -0.0443846 0.998878 0
0.53613 -0.843785 -0.0243327 140.739 0.843996 0.535294 0.0336322 93.8314 -0.0153532 -0.0385679 0.999138 0
0.523527 -0.851719 -0.0222219 141.609 0.851991 0.52317 0.020082 95.2253 -0.00547838 -0.0294464 0.999551 0
0.508525 -0.860897 -0.0160606 142.455 0.860955 0.508109 0.0241164 96.6496 -0.0126012 -0.0260912 0.99958 0
0.494911 -0.868943 -0.00138467 143.287 0.868758 0.494771 0.021496 98.0973 -0.0179937 -0.0118415 0.999768 0
0.480233 -0.877136 0.00301336 144.094 0.877078 0.480237 0.0103024 99.5606 -0.0104837 -0.00230461 0.999942 0
0.460717 -0.887441 0.0137425 144.89 0.887545 0.460693 -0.00508085 101.038 -0.0018221 0.0145379 0.999893 0
0.441845 -0.89703 0.0104884 145.647 0.89689 0.441963 0.0160506 102.554 -0.0190334 0.00231511 0.999816 0
0.429249 -0.903157 0.0072535 146.383 0.903012 0.42931 0.0161654 104.078 -0.0177139 -0.000388977 0.999843 0
0.422854 -0.906141 -0.010142 147.101 0.906192 0.422786 0.00820136 105.612 -0.00314369 -0.0126586 0.999915 0
0.417938 -0.908473 -0.00203094 147.828 0.908437 0.417899 0.0101064 107.156 -0.00833264 -0.00606882 0.999947 0
0.4159 -0.90941 0.00108485 148.54 0.909236 0.415843 0.0190977 108.714 -0.0178188 -0.00695636 0.999817 0
0.413117 -0.910674 0.0027184 149.249 0.910651 0.413126 0.00646646 110.267 -0.00701188 -0.000195893 0.999975 0
0.406483 -0.913551 0.0140002 149.959 0.913657 0.406406 -0.00809955 111.82 0.00170958 0.0160837 0.999869 0
0.398638 -0.916997 0.0143208 150.644 0.917041 0.39875 0.00593944 113.386 -0.0111569 0.0107651 0.99988 0
0.392662 -0.919578 0.0139147 151.32 0.919658 0.392717 0.0013657 114.942 -0.0067204 0.0122605 0.999902 0
0.38887 -0.921275 0.00572373 151.979 0.92129 0.388877 0.000234892 116.494 -0.00244223 0.00518187 0.999984 0
0.386065 -0.922469 0.0020588 152.633 0.922452 0.38607 0.00569987 118.037 -0.00605279 -0.000301373 0.999982 0
0.384464 -0.923139 -0.00127639 153.274 0.923129 0.384452 0.00547737 119.565 -0.00456567 -0.00328412 0.999984 0
0.383123 -0.923686 -0.00461274 153.902 0.923681 0.383142 -0.00402604 121.068 0.00548613 -0.00271823 0.999981 0
0.385995 -0.922496 0.00305971 154.519 0.922295 0.385837 -0.0224131 122.546 0.0194955 0.0114733 0.999744 0
0.396488 -0.917867 0.0178319 155.133 0.916911 0.394963 -0.0572633 123.992 0.0455171 0.0390545 0.9982 0
0.419222 -0.907169 0.0360206 156.06 0.905319 0.414729 -0.0916353 126.078 0.0681899 0.0710257 0.995141 0
0.448516 -0.892832 0.0410333 157.014 0.891011 0.44305 -0.0990272 128.046 0.0702349 0.0809764 0.994238 0
0.480559 -0.876613 0.0247561 158.004 0.875472 0.477905 -0.0718043 129.889 0.0511135 0.0561795 0.997111 0
0.515679 -0.856781 0.00102082 159.025 0.856595 0.515541 -0.0215097 131.632 0.0179028 0.0119665 0.999768 0
0.535362 -0.844614 0.0037981 160.079 0.8446 0.53531 -0.00967954 133.307 0.00614232 0.00838994 0.999946 0
0.547462 -0.83677 0.0100837 161.156 0.836819 0.547477 -0.0015058 134.926 -0.00426061 0.00926264 0.999948 0
0.544346 -0.838828 0.00744093 162.246 0.838749 0.544397 0.0115335 136.548 -0.0137254 -3.71241e-05 0.999906 0
0.540138 -0.841447 -0.014741 163.325 0.841573 0.540004 0.0123012 138.199 -0.00239061 -0.01905 0.999816 0
0.529819 -0.847973 -0.0152797 164.419 0.848111 0.529735 0.00940543 139.883 0.000118634 -0.017942 0.999839 0
0.515398 -0.856941 0.00408364 165.506 0.856615 0.515323 0.0255635 141.624 -0.0240109 -0.00967729 0.999665 0
0.509007 -0.860759 -0.00253164 166.211 0.860616 0.508863 0.0199873 142.809 -0.015916 -0.0123524 0.999797 0
0.502909 -0.864227 0.0139452 167.284 0.864283 0.502995 0.00329431 144.616 -0.00986141 0.0103959 0.999897 0
0.497994 -0.866782 0.0262869 167.99 0.867038 0.498233 0.00299539 145.838 -0.0156933 0.0213 0.99965 0
0.490657 -0.870473 0.0391567 169.031 0.871318 0.490542 -0.0131514 147.668 -0.00776002 0.0405708 0.999147 0
0.485497 -0.872986 0.0467811 169.71 0.874091 0.485703 -0.00761959 148.89 -0.0160699 0.0445902 0.998876 0
0.480637 -0.87562 0.0477329 170.706 0.876886 0.480382 -0.0174123 150.703 -0.00768346 0.0502253 0.998708 0
0.478923 -0.876919 0.0405747 171.664 0.877856 0.478323 -0.0240059 152.478 0.00164341 0.0471157 0.998888 0
0.477981 -0.876946 0.0499971 172.575 0.878275 0.477992 -0.0125292 154.166 -0.0129108 0.0498999 0.998671 0
0.469737 -0.880731 0.0605011 173.402 0.882654 0.469826 -0.013631 155.72 -0.0164198 0.0598045 0.998075 0
0.437455 -0.896851 0.0655122 174.112 0.899198 0.436977 -0.0222199 157.143 -0.00869938 0.0686287 0.997604 0
0.342631 -0.93649 0.0747762 174.879 0.939432 0.342245 -0.0183209 158.972 -0.00843439 0.0765245 0.997032 0
0.18018 -0.981787 0.0602437 175.361 0.983573 0.179153 -0.0220781 160.767 0.0108832 0.0632321 0.99794 0
-0.0932255 -0.995641 0.00281875 175.426 0.99544 -0.0932634 -0.0200035 162.904 0.0201792 0.000941063 0.999796 0
-0.317974 -0.947773 -0.0248818 175.063 0.948046 -0.318126 0.00230036 164.477 -0.0100958 -0.0228576 0.999688 0
-0.520805 -0.853301 -0.0252864 174.373 0.853334 -0.521206 0.0128566 165.878 -0.02415 -0.014882 0.999598 0
-0.7014 -0.712765 -0.00213002 173.349 0.712675 -0.701353 0.0140718 167.139 -0.0115238 0.00835198 0.999899 0
-0.8218 -0.569776 -0.000258328 171.918 0.569662 -0.821645 0.0195875 168.285 -0.0113727 0.0159498 0.999808 0
-0.870725 -0.491767 0.00178343 170.626 0.491724 -0.870588 0.0168282 169.067 -0.00672291 0.0155297 0.999857 0
-0.896221 -0.443608 -0.000724947 169.183 0.44358 -0.896179 0.00996478 169.81 -0.00507014 0.00860906 0.99995 0
-0.903353 -0.428897 9.62406e-05 167.591 0.428887 -0.903331 0.00697664 170.574 -0.00290532 0.00634365 0.999976 0
-0.902591 -0.4305 0.000199666 165.849 0.430488 -0.902561 0.00797425 171.406 -0.0032527 0.00728344 0.999968 0
-0.900653 -0.434523 0.00386141 164.601 0.434539 -0.900605 0.00923479 172.011 -0.000535117 0.00999528 0.99995 0
-0.89857 -0.438777 0.00683422 163.279 0.438826 -0.89852 0.00965674 172.66 0.00190353 0.0116763 0.99993 0
-0.896113 -0.443773 0.0068997 161.883 0.443821 -0.896071 0.00898191 173.353 0.00219669 0.011111 0.999936 0
-0.893345 -0.449288 0.0086254 160.419 0.449367 -0.893259 0.0125686 174.094 0.00205778 0.0151041 0.999884 0
-0.890793 -0.454302 0.00989568 158.898 0.454404 -0.890675 0.0146519 174.874 0.00215747 0.0175484 0.999844 0
-0.888872 -0.458121 0.00556171 157.34 0.45814 -0.888678 0.0189786 175.683 -0.00375195 0.0194176 0.999804 0
-0.887416 -0.460953 0.00381585 155.777 0.460927 -0.887195 0.0207549 176.5 -0.00618163 0.0201771 0.999777 0
-0.887 -0.46167 0.00953626 154.22 0.461769 -0.886788 0.0193959 177.318 -0.000497873 0.0216077 0.999766 0
-0.888055 -0.459694 0.00632894 152.665 0.459697 -0.887707 0.0255914 178.138 -0.00614598 0.025636 0.999652 0
-0.890329 -0.455314 0.00188556 151.113 0.455133 -0.889842 0.0321646 178.948 -0.0129672 0.0294953 0.999481 0
-0.892975 -0.450093 0.00347116 149.563 0.449963 -0.892468 0.0321463 179.746 -0.0113709 0.0302677 0.999477 0
-0.895354 -0.44534 0.00356084 148.017 0.445247 -0.894935 0.0291025 180.532 -0.00977381 0.0276425 0.99957 0
-0.89656 -0.442921 0.000182913 146.477 0.44281 -0.896325 0.0228037 181.308 -0.00993631 0.0205259 0.99974 0
-0.896256 -0.443536 0.000166538 144.945 0.443486 -0.896149 0.0153728 182.076 -0.00666916 0.0138518 0.999882 0
-0.893477 -0.449108 -0.00129604 143.426 0.449053 -0.893405 0.0133582 182.845 -0.00715715 0.0113532 0.99991 0
-0.889651 -0.456641 -0.000731336 141.923 0.456573 -0.889543 0.0159335 183.619 -0.00792643 0.0138413 0.999873 0
-0.886386 -0.462945 0.00136847 140.439 0.462831 -0.886094 0.0249876 184.4 -0.0103553 0.0227821 0.999687 0
-0.883642 -0.468135 0.00514106 138.97 0.468098 -0.883283 0.0263692 185.178 -0.00780333 0.0257075 0.999639 0
-0.882044 -0.471093 0.00838099 137.517 0.471108 -0.881509 0.0316022 185.959 -0.00749966 0.0318229 0.999465 0
-0.881818 -0.471582 0.00270838 136.074 0.471397 -0.881278 0.0336784 186.733 -0.0134953 0.030975 0.999429 0
-0.88303 -0.469309 0.00252672 134.644 0.469145 -0.882551 0.0317245 187.499 -0.0126586 0.0291991 0.999493 0
-0.885452 -0.464692 0.0060462 133.224 0.464665 -0.885031 0.0283853 188.252 -0.00783935 0.0279433 0.999579 0
-0.889329 -0.457232 0.00580254 131.811 0.457222 -0.888986 0.0255208 188.991 -0.00651056 0.0253495 0.999657 0
-0.893465 -0.44913 0.00164595 130.403 0.44905 -0.893223 0.0225085 189.713 -0.00863904 0.0208497 0.999745 0
-0.897409 -0.441175 -0.00453834 129.002 0.441058 -0.897336 0.0159957 190.416 -0.0111293 0.012353 0.999862 0
-0.899607 -0.436618 -0.00849841 127.62 0.436577 -0.899645 0.00632939 191.099 -0.0104091 0.00198375 0.999944 0
-0.900105 -0.435432 -0.0145245 126.269 0.435496 -0.900189 -0.00145932 191.762 -0.0124393 -0.00763889 0.999893 0
-0.899044 -0.437409 -0.0198354 124.335 0.437663 -0.899073 -0.0108888 192.716 -0.0130706 -0.0184708 0.999744 0
-0.89562 -0.444159 -0.0242347 122.522 0.444576 -0.895603 -0.015723 193.62 -0.0147212 -0.024856 0.999583 0
-0.89074 -0.453915 -0.023299 120.83 0.454346 -0.89063 -0.0186403 194.484 -0.0122897 -0.0271895 0.999555 0
-0.885993 -0.463155 -0.0224597 119.263 0.463539 -0.88592 -0.0166598 195.308 -0.0121815 -0.0251714 0.999609 0
-0.879932 -0.474533 -0.0232059 117.837 0.474937 -0.879859 -0.0168182 196.074 -0.0124371 -0.0258203 0.999589 0
-0.871119 -0.490479 -0.0241294 116.165 0.49086 -0.871135 -0.0134157 197.008 -0.0144399 -0.0235309 0.999619 0
-0.860153 -0.509311 -0.0271773 114.74 0.509693 -0.860308 -0.00916923 197.834 -0.0187109 -0.021739 0.999589 0
-0.845373 -0.533495 -0.0269868 113.334 0.533727 -0.845655 -0.00168277 198.695 -0.0219238 -0.0158261 0.999634 0
-0.833023 -0.553239 -0.000261804 111.989 0.553237 -0.833018 -0.00303759 199.539 0.00146242 -0.00267522 0.999995 0
-0.808201 -0.588628 0.0181327 110.831 0.588563 -0.808398 -0.00928864 200.301 0.020126 0.00316517 0.999792 0
-0.72733 -0.686093 0.0163311 109.687 0.686093 -0.727485 -0.0064956 201.267 0.0163372 0.00648018 0.999846 0
-0.584761 -0.810993 0.0185642 108.682 0.811159 -0.58482 0.00266774 202.458 0.00869319 0.0166185 0.999824 0
-0.349463 -0.936793 0.017195 107.86 0.936933 -0.34951 0.000284569 204.073 0.00574324 0.01621 0.999852 0
-0.035454 -0.999218 0.0174991 107.495 0.999293 -0.0356653 -0.0119157 206.134 0.0125305 0.0170642 0.999776 0
0.199905 -0.979475 0.0258349 107.718 0.979796 0.199667 -0.0115008 208.067 0.00610635 0.027612 0.9996 0
0.337808 -0.940962 0.021841 108.19 0.941206 0.337614 -0.0121294 209.633 0.00403949 0.0246543 0.999688 0
0.430466 -0.902282 0.0242335 108.909 0.902605 0.430371 -0.00923969 211.267 -0.00209262 0.0258507 0.999664 0
0.478641 -0.877579 0.0275282 109.811 0.877991 0.478604 -0.00834813 212.967 -0.00584898 0.0281653 0.999586 0
0.50175 -0.86459 0.0270347 110.835 0.864999 0.501672 -0.0100886 214.756 -0.00484004 0.028447 0.999584 0
0.509769 -0.859856 0.0279835 111.953 0.86029 0.509717 -0.00948336 216.65 -0.00610934 0.0289082 0.999563 0
0.510973 -0.859058 0.0304214 112.74 0.859539 0.511029 -0.00650783 217.979 -0.0099556 0.0294737 0.999516 0
0.507705 -0.860967 0.0311804 113.556 0.861487 0.507712 -0.00826939 219.358 -0.00871101 0.0310599 0.99948 0
0.503539 -0.863596 0.0255155 114.391 0.863972 0.503339 -0.0142174 220.792 -0.000564805 0.0292037 0.999573 0
0.501933 -0.864627 0.0220052 115.246 0.864907 0.50176 -0.0131638 222.279 0.000340433 0.0256398 0.999671 0
0.502753 -0.863916 0.0298065 116.127 0.864333 0.502914 -0.00236787 223.81 -0.0129445 0.0269532 0.999553 0
0.502145 -0.864081 0.0348435 117.033 0.864703 0.502242 -0.00654996 225.376 -0.0118401 0.0334182 0.999371 0
0.498604 -0.866188 0.0333617 117.957 0.866829 0.498297 -0.0175357 226.988 -0.00143483 0.0376623 0.99929 0
0.494966 -0.868348 0.0313176 118.896 0.868912 0.494619 -0.0185369 228.65 0.000606176 0.0363873 0.999338 0
0.492411 -0.869791 0.0315381 119.855 0.870349 0.492284 -0.0122166 230.36 -0.00489978 0.0334648 0.999428 0
0.492882 -0.869395 0.0349067 120.833 0.870031 0.492938 -0.00759077 232.107 -0.0106075 0.0341113 0.999362 0
0.493031 -0.869333 0.0343492 121.829 0.869999 0.492851 -0.0141304 233.884 -0.00464501 0.0368504 0.99931 0
0.491973 -0.869911 0.0349004 122.839 0.870609 0.491657 -0.0176982 235.691 -0.0017632 0.0390916 0.999234 0
0.489242 -0.871271 0.0391117 123.855 0.872126 0.489055 -0.0148746 237.521 -0.00616803 0.0413876 0.999124 0
0.485177 -0.873428 0.0415598 124.87 0.874398 0.484924 -0.0166604 239.365 -0.00560166 0.0444231 0.998997 0
0.480963 -0.875868 0.0391169 125.881 0.87674 0.480435 -0.0225567 241.226 0.000963521 0.0451443 0.99898 0
0.476649 -0.878274 0.0379556 126.888 0.879094 0.476219 -0.020246 243.099 -0.000293646 0.0430168 0.999074 0
0.472946 -0.88025 0.0384895 127.884 0.881068 0.472803 -0.0133028 244.975 -0.00648818 0.0402033 0.99917 0
0.470854 -0.881446 0.0367322 128.866 0.882173 0.470814 -0.0102694 246.842 -0.00824209 0.0372395 0.999272 0
0.470921 -0.881414 0.0366422 129.841 0.882154 0.470795 -0.0125144 248.7 -0.00622061 0.0382174 0.99925 0
0.47011 -0.881897 0.0354169 130.809 0.882607 0.469797 -0.0172146 250.544 -0.00145727 0.0393519 0.999224 0
0.469227 -0.882393 0.0347739 131.769 0.883072 0.469002 -0.0148755 252.38 -0.00318297 0.0376879 0.999285 0
0.468519 -0.88286 0.0323867 132.722 0.883437 0.468416 -0.0111646 254.205 -0.00531364 0.0338425 0.999413 0
0.467825 -0.883273 0.0311135 133.671 0.883766 0.4679 -0.00527804 256.026 -0.00989608 0.0299663 0.999502 0
0.467345 -0.883664 0.0269556 134.618 0.884001 0.467483 -0.0013149 257.842 -0.0114394 0.0244433 0.999636 0
0.466929 -0.884089 0.019073 135.562 0.88428 0.466937 -0.00433349 259.653 -0.00507471 0.0188893 0.999809 0
0.467364 -0.883974 0.0126785 136.504 0.884056 0.467376 -0.00221374 261.464 -0.00396875 0.0122431 0.999917 0
0.467831 -0.883752 0.0107585 137.449 0.883803 0.467858 -1.46781e-05 263.277 -0.0050205 0.00951529 0.999942 0
0.467743 -0.88378 0.0122184 138.399 0.883832 0.4678 0.0021716 265.098 -0.00763499 0.00978326 0.999923 0
0.467848 -0.883738 0.0111977 139.354 0.88378 0.467898 0.00222092 266.934 -0.00720209 0.00885725 0.999935 0
0.468997 -0.883123 0.01161 140.317 0.883166 0.469053 0.00249313 268.785 -0.00764747 0.00908433 0.999929 0
0.469497 -0.882866 0.0109483 141.29 0.882897 0.469554 0.00334713 270.654 -0.00809587 0.00809473 0.999934 0
0.469636 -0.882792 0.0109729 142.272 0.882828 0.469689 0.00275641 272.539 -0.0075872 0.00839269 0.999936 0
0.46868 -0.883325 0.00864982 143.261 0.883364 0.468684 -0.00179493 274.44 -0.00246852 0.00848219 0.999961 0
0.467538 -0.883902 0.0111761 144.257 0.88393 0.467603 0.0039721 276.359 -0.00873691 0.00802177 0.99993 0
0.466963 -0.884178 0.0131916 145.25 0.884202 0.467066 0.0060201 278.279 -0.0114842 0.00885291 0.999895 0
0.466513 -0.884362 0.0164212 146.239 0.884426 0.466648 0.00544493 280.192 -0.0124782 0.0119832 0.99985 0
0.465406 -0.884913 0.0180458 147.222 0.885054 0.465488 0.000422564 282.095 -0.00877404 0.0157748 0.999837 0
0.463861 -0.885625 0.0223912 148.198 0.885849 0.463974 -0.00017548 283.992 -0.0102335 0.0199166 0.999749 0
0.462065 -0.886334 0.0301262 149.167 0.886708 0.462325 0.00190091 285.883 -0.0156129 0.0258348 0.999544 0
0.459922 -0.887302 0.0341571 150.125 0.887869 0.460083 -0.00345052 287.758 -0.0126534 0.031914 0.999411 0
0.45759 -0.888421 0.0363201 151.069 0.889112 0.457621 -0.00794757 289.617 -0.00956008 0.0359294 0.999309 0
0.454437 -0.889819 0.0413399 151.994 0.890692 0.45455 -0.00717171 291.449 -0.0124095 0.0400803 0.999119 0
0.451226 -0.891178 0.0468656 152.897 0.892266 0.451473 -0.00578209 293.251 -0.0160057 0.0444257 0.998884 0
0.447454 -0.892911 0.0499417 153.779 0.894183 0.447623 -0.00837014 295.025 -0.0148813 0.0484023 0.998717 0
0.442941 -0.895207 0.0490727 154.637 0.896459 0.443013 -0.00998774 296.769 -0.0127988 0.0484157 0.998745 0
0.438895 -0.897277 0.0475803 155.469 0.89845 0.438978 -0.00925406 298.476 -0.0125833 0.0468101 0.998825 0
0.435904 -0.89886 0.0451476 156.275 0.899883 0.436088 -0.00621212 300.147 -0.0141045 0.0433354 0.998961 0
0.434428 -0.899731 0.0419021 157.055 0.900636 0.434504 -0.00774096 301.769 -0.0112419 0.0411014 0.999092 0
0.435452 -0.89929 0.0407437 157.808 0.90014 0.435544 -0.00705942 303.339 -0.0113972 0.0397491 0.999145 0
0.437954 -0.897958 0.0432179 158.533 0.898906 0.438089 -0.00680697 304.841 -0.0128209 0.04183 0.999042 0
0.440221 -0.896693 0.0463404 159.226 0.89777 0.440417 -0.00643876 306.265 -0.0146355 0.0444375 0.998905 0
0.441484 -0.895888 0.0497591 159.882 0.897072 0.44187 -0.00355342 307.608 -0.0188036 0.0462063 0.998755 0
0.443003 -0.895241 0.047871 160.789 0.896378 0.443251 -0.00589121 309.466 -0.0159448 0.0455204 0.998836 0
0.444355 -0.894679 0.0457955 161.607 0.895765 0.444439 -0.00889576 311.142 -0.0123945 0.0449749 0.998911 0
0.440658 -0.896388 0.0480639 162.333 0.897499 0.440999 -0.00382798 312.637 -0.0177648 0.0448241 0.998837 0
0.410749 -0.910788 0.0418397 163.138 0.911732 0.410585 -0.0128588 314.376 -0.00546706 0.0434284 0.999042 0
0.332993 -0.94217 0.0378402 163.771 0.942921 0.332894 -0.00906764 316 -0.00405351 0.0386997 0.999243 0
0.189102 -0.981244 0.0374308 164.19 0.981956 0.189038 -0.00527046 317.593 -0.00190425 0.037752 0.999285 0
-0.0528324 -0.998198 0.0284361 164.282 0.998576 -0.0525984 0.00891695 319.566 -0.00740519 0.0288667 0.999556 0
-0.276692 -0.960243 0.0370857 163.956 0.960837 -0.275837 0.0265697 321.227 -0.0152837 0.042985 0.998959 0
-0.450639 -0.891045 0.0544446 163.425 0.892612 -0.448865 0.0420059 322.487 -0.0129909 0.0675274 0.997633 0
-0.620264 -0.78204 0.0607119 162.614 0.784391 -0.618593 0.045546 323.683 0.00193717 0.0758723 0.997116 0
-0.767592 -0.637812 0.0632285 161.522 0.640883 -0.765081 0.0626053 324.774 0.00844453 0.0885774 0.996033 0
-0.862713 -0.504819 0.0297238 160.139 0.505692 -0.86133 0.0488518 325.685 0.000940631 0.0571762 0.998364 0
-0.904299 -0.426827 0.0078114 158.55 0.426717 -0.903229 0.0457153 326.489 -0.012457 0.0446736 0.998924 0
-0.915674 -0.401689 0.0136407 156.836 0.40192 -0.91521 0.0291567 327.24 0.00077215 0.0321805 0.999482 0
-0.914935 -0.403173 0.0185617 155.028 0.403585 -0.914339 0.0332122 328.036 0.0035814 0.0378783 0.999276 0
-0.913973 -0.405619 0.0113004 153.123 0.405769 -0.913438 0.0313401 328.883 -0.00238991 0.0332293 0.999445 0
-0.909279 -0.416093 0.00881004 151.109 0.416187 -0.909085 0.0187773 329.788 0.000195952 0.0207405 0.999785 0
-0.904656 -0.426131 0.00324645 149.701 0.426127 -0.904528 0.0156653 330.445 -0.00373895 0.0155551 0.999872 0
-0.90018 -0.435518 -0.000896808 148.242 0.435469 -0.900107 0.0132004 331.144 -0.00655622 0.0114922 0.999912 0
-0.896072 -0.443887 0.00430287 146.731 0.443905 -0.895983 0.012794 331.888 -0.00182379 0.0133744 0.999909 0
-0.892197 -0.451645 0.00132619 145.169 0.451609 -0.89208 0.015547 332.672 -0.00583866 0.0144699 0.999878 0
-0.889026 -0.457843 -0.00356856 143.575 0.457684 -0.888877 0.0205587 333.488 -0.0125847 0.0166439 0.999782 0
-0.886295 -0.463109 -0.00341128 141.963 0.462986 -0.886189 0.017703 334.323 -0.0112214 0.0141107 0.999837 0
-0.88441 -0.46671 0.000696504 140.332 0.466665 -0.884304 0.0151799 335.177 -0.00646867 0.0137503 0.999885 0
-0.883861 -0.467749 -8.17023e-05 138.688 0.467686 -0.883744 0.0163348 336.045 -0.00771282 0.0143995 0.999867 0
-0.884699 -0.46616 -0.00158626 137.043 0.46607 -0.884587 0.0168907 336.913 -0.00927694 0.0142039 0.999856 0
-0.885653 -0.464325 -0.00459041 135.401 0.464228 -0.885606 0.0139663 337.771 -0.0105502 0.0102383 0.999892 0
-0.886156 -0.463354 -0.00545059 133.767 0.463257 -0.886126 0.0131935 338.622 -0.0109432 0.00916646 0.999898 0
-0.887216 -0.461341 -0.00355909 132.139 0.461275 -0.88718 0.0116936 339.466 -0.0085523 0.00873305 0.999925 0
-0.890215 -0.455504 -0.00580723 130.513 0.455413 -0.890195 0.0123321 340.303 -0.0107869 0.00833351 0.999907 0
-0.893928 -0.448059 -0.011645 128.886 0.447953 -0.893993 0.0106729 341.121 -0.0151926 0.0043244 0.999875 0
-0.896361 -0.443189 -0.0109655 127.261 0.443176 -0.896427 0.00369835 341.921 -0.0114689 -0.00154461 0.999933 0
-0.897818 -0.4403 -0.00768854 125.64 0.440282 -0.897851 0.00400319 342.717 -0.00866577 0.000209009 0.999962 0
-0.898594 -0.438627 -0.0116116 124.025 0.438584 -0.898669 0.0062046 343.504 -0.0131565 0.000482737 0.999913 0
-0.897981 -0.439938 -0.00917385 122.415 0.439932 -0.898027 0.00279401 344.289 -0.00946756 -0.0015269 0.999954 0
-0.895506 -0.444904 -0.0114019 120.81 0.444949 -0.895555 -0.00159551 345.076 -0.00950114 -0.00650204 0.999934 0
-0.891295 -0.453188 -0.0146207 119.216 0.453269 -0.89137 -0.00266212 345.876 -0.011826 -0.00899986 0.99989 0
-0.886414 -0.462621 -0.0158832 117.637 0.462714 -0.886504 -0.00257213 346.689 -0.0128906 -0.00962935 0.999871 0
-0.88164 -0.471698 -0.0145787 116.075 0.471784 -0.881709 -0.00297579 347.515 -0.0114505 -0.00950159 0.999889 0
-0.876987 -0.480342 -0.0128714 114.529 0.480439 -0.877008 -0.00585164 348.351 -0.00847756 -0.0113157 0.9999 0
-0.872067 -0.489203 -0.0133901 112.998 0.489312 -0.872085 -0.00641706 349.198 -0.00853805 -0.012148 0.99989 0
-0.866877 -0.498264 -0.0160743 111.483 0.498403 -0.866925 -0.00601294 350.053 -0.0109392 -0.013224 0.999853 0
-0.862288 -0.506151 -0.0164483 109.994 0.506242 -0.86239 -0.00159515 350.914 -0.0133774 -0.00970227 0.999863 0
-0.859209 -0.511469 -0.0126267 108.559 0.511476 -0.859293 0.00295077 351.755 -0.0123592 -0.0039229 0.999916 0
-0.857663 -0.514124 -0.00949819 107.191 0.514062 -0.857713 0.00827718 352.564 -0.0124022 0.00221638 0.999921 0
-0.857399 -0.514621 -0.00577604 105.894 0.514519 -0.857378 0.0131813 353.33 -0.0117356 0.00832973 0.999896 0
-0.861012 -0.508576 -0.00281479 104.093 0.508402 -0.860839 0.0219907 354.387 -0.013607 0.0175032 0.999754 0
-0.869154 -0.494541 0.000668301 102.466 0.49437 -0.868816 0.0275168 355.312 -0.0130275 0.0242467 0.999621 0
-0.880008 -0.474938 0.00444214 100.897 0.474867 -0.879615 0.0278992 356.164 -0.00934303 0.0266609 0.999601 0
-0.890348 -0.455251 0.00523558 99.3307 0.455226 -0.89 0.0258888 356.969 -0.00712626 0.0254334 0.999651 0
-0.899073 -0.437647 0.0115066 97.7714 0.437798 -0.898795 0.0223694 357.733 0.000552183 0.0251493 0.999684 0
-0.905809 -0.423541 0.011099 96.176 0.423679 -0.905633 0.0180093 358.48 0.00242401 0.0210154 0.999776 0
-0.911222 -0.411785 0.0104091 94.5194 0.411907 -0.911085 0.0160538 359.235 0.0028729 0.0189162 0.999817 0
-0.914086 -0.405395 0.0100776 92.7902 0.405485 -0.914053 0.00940828 359.999 0.00539741 0.0126863 0.999905 0
-0.914528 -0.404472 0.00637557 90.9749 0.404517 -0.914483 0.00929203 360.802 0.00207199 0.0110769 0.999937 0
-0.913376 -0.406766 -0.0168884 89.0476 0.40664 -0.913528 0.0104903 361.657 -0.0196951 0.00271406 0.999802 0
-0.911179 -0.411917 -0.00874001 87.7119 0.411939 -0.911211 -0.00070742 362.257 -0.00767259 -0.00424493 0.999962 0
-0.907665 -0.419695 0.0003962 86.3256 0.419679 -0.907639 -0.00783202 362.893 0.00364666 -0.00694257 0.999969 0
-0.90339 -0.428228 -0.0225193 84.881 0.42828 -0.903642 0.00269791 363.575 -0.0215047 -0.0072073 0.999743 0
-0.901028 -0.433609 -0.0114934 83.4014 0.433641 -0.901085 -0.000370286 364.292 -0.0101959 -0.00531763 0.999934 0
-0.899254 -0.437427 0.000459386 81.8723 0.437388 -0.899187 -0.0123836 365.041 0.00583001 -0.0109351 0.999923 0
-0.895086 -0.445428 -0.0203834 80.2836 0.445769 -0.894982 -0.0172359 365.824 -0.0105655 -0.0245139 0.999644 0
-0.887839 -0.459928 -0.0144453 78.6633 0.460153 -0.887486 -0.025067 366.651 -0.00129097 -0.0289024 0.999581 0
-0.880127 -0.474734 0.00221875 77.0146 0.474571 -0.87993 -0.0224699 367.536 0.0126196 -0.0187234 0.999745 0
-0.873236 -0.487219 -0.00879175 75.3278 0.487288 -0.873192 -0.00931111 368.469 -0.00314034 -0.0124149 0.999918 0
-0.867846 -0.496748 -0.00915964 73.6234 0.4968 -0.867854 -0.00450517 369.436 -0.00571129 -0.0084603 0.999948 0
-0.865282 -0.501278 -0.00273267 71.909 0.501285 -0.865268 -0.00494363 370.428 0.000113641 -0.00564748 0.999984 0
-0.865117 -0.501566 -0.00206373 70.187 0.501569 -0.865117 -0.00146 371.432 -0.00105308 -0.00229818 0.999997 0
-0.866813 -0.498587 -0.00684431 68.4565 0.498601 -0.866831 -0.000414915 372.432 -0.00572599 -0.00377224 0.999977 0
-0.869551 -0.49379 -0.00730345 66.7218 0.493797 -0.869577 0.00096572 373.423 -0.00682777 -0.00276668 0.999973 0
-0.872735 -0.48815 0.00659901 64.9916 0.488176 -0.87274 0.00309482 374.402 0.00424848 0.00592244 0.999973 0
-0.877308 -0.479916 0.00334749 63.2585 0.47992 -0.877232 0.01187 375.367 -0.00276008 0.0120202 0.999924 0
-0.881769 -0.47168 -0.00114559 61.5231 0.47164 -0.881721 0.0111268 376.307 -0.00625836 0.00927092 0.999937 0
-0.884631 -0.466292 -0.000328473 59.7901 0.466292 -0.88463 0.00134367 377.225 -0.000917122 0.00103549 0.999999 0
-0.886242 -0.463221 0.0014737 58.0625 0.463222 -0.886242 0.00100668 378.135 0.000839742 0.00157481 0.999998 0
-0.888427 -0.459012 -0.00237588 56.3371 0.458978 -0.888405 0.00868427 379.037 -0.00609692 0.00662487 0.999959 0
-0.892132 -0.451712 -0.0075793 54.6127 0.451587 -0.892119 0.0138629 379.924 -0.0130237 0.00894485 0.999875 0
-0.895801 -0.444453 -0.00132757 52.8926 0.444438 -0.895789 0.00606765 380.785 -0.00388601 0.00484539 0.999981 0
-0.898151 -0.439688 -8.04024e-05 51.1729 0.439676 -0.898128 0.00717479 381.634 -0.00322688 0.00640869 0.999974 0
-0.9001 -0.435657 -0.00484798 49.4573 0.435571 -0.900064 0.0127487 382.473 -0.00991757 0.00936349 0.999907 0
-0.902149 -0.431377 -0.00642277 47.7522 0.43124 -0.902098 0.0158429 383.299 -0.0126282 0.0115229 0.999854 0
-0.903135 -0.429264 -0.00890919 46.0557 0.429165 -0.903158 0.0110907 384.109 -0.0128072 0.00619289 0.999899 0
-0.902648 -0.430287 -0.00889235 44.371 0.430262 -0.902692 0.00467815 384.913 -0.01004 0.000396683 0.99995 0
-0.901586 -0.432579 -0.00420181 42.7036 0.432564 -0.901594 0.00402105 385.716 -0.00552775 0.00180778 0.999983 0
-0.900806 -0.43415 -0.00794265 41.0515 0.43409 -0.900832 0.00824905 386.516 -0.0107363 0.00398296 0.999934 0
-0.900567 -0.434571 -0.0113164 39.425 0.434437 -0.900615 0.0125103 387.307 -0.0156283 0.00635014 0.999858 0
-0.900365 -0.435057 -0.00829682 37.8368 0.434963 -0.900381 0.0110224 388.076 -0.0122657 0.00631535 0.999905 0
-0.900086 -0.435593 -0.0101805 36.2955 0.435511 -0.900135 0.00939448 388.823 -0.013256 0.00402212 0.999904 0
-0.899644 -0.436415 -0.0134888 34.813 0.436256 -0.899725 0.0132298 389.543 -0.0179099 0.00601755 0.999821 0
-0.899601 -0.436703 -0.00293003 33.4043 0.436615 -0.899521 0.0151658 390.229 -0.00925856 0.0123638 0.999881 0
-0.902163 -0.431299 -0.00912602 31.4196 0.430888 -0.901926 0.0294163 391.196 -0.0209182 0.022606 0.999526 0
-0.907177 -0.42075 -0.000215139 29.5982 0.420666 -0.907006 0.0195191 392.056 -0.00840781 0.0176168 0.999809 0
-0.911871 -0.410468 -0.00289361 27.9148 0.410427 -0.911845 0.00937708 392.817 -0.00648751 0.00736307 0.999952 0
-0.919423 -0.393233 -0.00548701 26.3248 0.393154 -0.9194 0.0115503 393.509 -0.00958672 0.00846239 0.999918 0
-0.937812 -0.347133 0.00254779 24.8134 0.347126 -0.937673 0.0165137 394.104 -0.00334348 0.0163712 0.99986 0
-0.975651 -0.219238 0.0062765 22.8231 0.219322 -0.975434 0.0206376 394.677 0.00159778 0.0215117 0.999767 0
-0.999849 -0.0159513 0.00686822 20.8566 0.0161414 -0.999461 0.0285744 394.889 0.00640873 0.0286809 0.999568 0
-0.973871 0.227101 -0.000665464 18.9303 -0.227057 -0.973617 0.0226954 394.645 0.00450624 0.0222535 0.999742 0
-0.908333 0.418215 -0.0053304 17.5175 -0.418235 -0.908126 0.0196724 394.123 0.00338663 0.0200985 0.999792 0
