0.477284 -0.878556 0.0184031 0.681433 0.878745 0.477243 -0.00686302 0.552625 -0.00275319 0.0194472 0.999807 0
0.471411 -0.881721 0.0184189 1.06361 0.881891 0.471146 -0.0170478 1.53671 0.00635342 0.02428 0.999685 0
0.470066 -0.882492 0.0156401 1.48022 0.8826 0.469827 -0.0167461 2.32436 0.00743015 0.0216757 0.999737 0
0.469002 -0.883007 0.0183385 1.89411 0.883189 0.468987 -0.0053526 3.11449 -0.00387415 0.0187068 0.999817 0
0.467723 -0.883678 0.0186727 2.31664 0.88386 0.467735 -0.00398715 3.91734 -0.00521051 0.0183689 0.999818 0
0.46641 -0.88438 0.0182543 2.74405 0.884549 0.466437 -0.00299499 4.72994 -0.00586576 0.0175437 0.999829 0
0.465219 -0.885025 0.0173476 3.16331 0.885179 0.465241 -0.00304059 5.53856 -0.00537979 0.0167702 0.999845 0
0.489104 -0.872002 -0.0197325 3.58073 0.871857 0.48943 -0.0180012 6.36103 0.0253547 -0.00839948 0.999643 0
0.463258 -0.886044 0.0178459 4.00558 0.886214 0.463254 -0.00461786 7.17555 -0.00417555 0.0179545 0.99983 0
0.46305 -0.886153 0.0178178 4.4325 0.886309 0.46309 -0.00207548 7.99818 -0.00641205 0.0167531 0.999839 0
0.463441 -0.885941 0.0182217 4.8609 0.886074 0.463541 0.00145741 8.82703 -0.00973767 0.0154704 0.999833 0
0.528183 -0.843244 -0.0998137 5.30334 0.845377 0.533243 -0.0314558 9.67068 0.0797498 -0.0677658 0.994509 0
0.49369 -0.869176 -0.0283523 5.74363 0.869345 0.494108 -0.00986634 10.5045 0.0225847 -0.019777 0.999549 0
0.454209 -0.889986 0.0402443 6.17522 0.890413 0.454986 0.0123405 11.3409 -0.0292934 0.0302289 0.999114 0
0.410466 -0.905758 0.105453 6.6044 0.908674 0.415963 0.0358589 12.1828 -0.0763441 0.0811036 0.993778 0
0.362943 -0.916285 0.169395 7.03862 0.924076 0.377308 0.0610131 13.0318 -0.11982 0.13439 0.983658 0
0.311476 -0.921038 0.233821 7.48644 0.936507 0.339235 0.0887354 13.8913 -0.161049 0.191336 0.968222 0
0.254516 -0.920105 0.297704 7.95591 0.945142 0.301847 0.12488 14.7644 -0.204764 0.249589 0.946455 0
0.470258 -0.882164 0.0253698 8.42621 0.882372 0.470522 0.00533137 15.6375 -0.0166402 0.0198785 0.999664 0
0.469487 -0.882377 0.031505 8.89368 0.882742 0.469838 0.00439732 16.5025 -0.0186823 0.0257463 0.999494 0
0.467663 -0.883305 0.0326102 9.35909 0.883825 0.467803 -0.00368407 17.375 -0.012001 0.0305446 0.999461 0
0.466369 -0.884079 0.0300842 9.82719 0.884555 0.466384 -0.00693651 18.2449 -0.00789836 0.0298461 0.999523 0
0.464949 -0.884878 0.0285211 10.2913 0.885323 0.464886 -0.00920875 19.1305 -0.00511042 0.0295319 0.999551 0
0.463739 -0.885511 0.0285738 10.7555 0.885958 0.463669 -0.00944728 20.0224 -0.00488312 0.0296963 0.999547 0
0.462761 -0.886036 0.0281502 11.2184 0.886454 0.462768 -0.00668902 20.92 -0.00710027 0.0280493 0.999581 0
0.461836 -0.886613 0.0249966 11.6772 0.886916 0.461923 -0.0024904 21.8284 -0.00933849 0.02332 0.999684 0
0.460872 -0.887084 0.0260729 12.1403 0.887396 0.461007 -0.000919149 22.7327 -0.0112044 0.0235606 0.99966 0
0.460347 -0.887228 0.0301376 12.5992 0.887613 0.460588 0.00119801 23.6325 -0.0149439 0.026199 0.999545 0
0.459994 -0.887415 0.029994 13.0576 0.887717 0.460352 0.00593835 24.5268 -0.0190776 0.0238946 0.999532 0
0.460019 -0.887441 0.0288241 13.513 0.887696 0.460378 0.00698103 25.4209 -0.0194652 0.0223756 0.99956 0
0.445655 -0.894624 0.0322441 13.9633 0.895047 0.445963 0.00268626 26.3119 -0.0167829 0.0276628 0.999476 0
0.455287 -0.88985 0.0296842 14.4194 0.890223 0.455523 0.00134644 27.199 -0.01472 0.0258125 0.999558 0
0.46457 -0.885098 0.027865 14.8751 0.885428 0.464775 0.000981685 28.0863 -0.0138198 0.0242164 0.999611 0
0.472967 -0.880606 0.0289102 15.3328 0.880958 0.473193 0.00110809 28.973 -0.0146559 0.0249446 0.999581 0
0.481463 -0.875942 0.0303018 15.7888 0.876319 0.481728 0.00167674 29.8603 -0.0160659 0.0257467 0.999539 0
0.490268 -0.871086 0.0291082 16.2398 0.87142 0.490532 0.00229468 30.748 -0.0162774 0.0242404 0.999574 0
0.501713 -0.864652 0.0256982 16.6807 0.864954 0.501849 -0.00129947 31.6282 -0.011773 0.0228797 0.999669 0
0.430844 -0.902161 0.021895 17.1284 0.902406 0.430869 -0.00382067 32.5143 -0.00598704 0.0214043 0.999753 0
0.434874 -0.900224 0.0219363 17.5786 0.900465 0.434918 -0.00297728 33.388 -0.00686026 0.0210476 0.999755 0
0.45645 -0.889348 0.0267259 18.0301 0.889668 0.456608 -0.000201482 34.2698 -0.012024 0.0238691 0.999643 0
0.456122 -0.889449 0.0288564 18.4746 0.889807 0.456336 0.00093767 35.1357 -0.0140022 0.025249 0.999583 0
0.45605 -0.889441 0.0302041 18.9137 0.889851 0.45625 -0.000289518 35.9957 -0.0135231 0.0270092 0.999544 0
0.455832 -0.889482 0.0322245 19.3493 0.889981 0.455989 -0.00273794 36.8456 -0.0122586 0.0299272 0.999477 0
0.455056 -0.889859 0.0328036 19.7879 0.890385 0.455193 -0.00356495 37.7115 -0.0117597 0.0308301 0.999455 0
0.454177 -0.890204 0.0355057 20.224 0.890808 0.454371 -0.00287462 38.5771 -0.0135738 0.0329344 0.999365 0
0.451614 -0.891221 0.0420796 20.6564 0.892015 0.452006 -0.000232691 39.4397 -0.0188128 0.0376407 0.999114 0
0.452635 -0.890728 0.0415233 21.0868 0.891449 0.453115 0.00243673 40.299 -0.0209853 0.035913 0.999135 0
0.453281 -0.890541 0.0383697 21.5076 0.891164 0.453678 0.0018559 41.1494 -0.0190602 0.0333524 0.999262 0
0.451944 -0.891314 0.0361313 21.93 0.891922 0.452186 -0.0016434 41.9919 -0.0148733 0.032969 0.999346 0
0.450509 -0.892128 0.0338962 22.3452 0.892724 0.450552 -0.00679181 42.8249 -0.00921285 0.0333197 0.999402 0
0.448751 -0.89313 0.0306738 22.7525 0.893626 0.448758 -0.00704916 43.6488 -0.0074693 0.0305742 0.999505 0
0.457786 -0.889009 0.00968031 23.1563 0.889057 0.457721 -0.00826599 44.4894 0.00291766 0.0123904 0.999919 0
0.457676 -0.889078 0.00860963 23.5554 0.889119 0.457644 -0.00542938 45.2842 0.00088699 0.0101399 0.999948 0
0.44582 -0.894808 0.0237388 23.9356 0.895054 0.445958 0.000567789 46.0542 -0.0110946 0.0209944 0.999718 0
0.44378 -0.89585 0.0226276 24.3038 0.896062 0.443926 0.00164416 46.8051 -0.0115179 0.0195461 0.999743 0
0.439831 -0.897663 0.0273965 24.6756 0.89795 0.440082 0.00361413 47.5617 -0.015301 0.0230111 0.999618 0
0.439137 -0.898004 0.0273528 25.0392 0.898298 0.439376 0.00313129 48.308 -0.0148301 0.0231959 0.999621 0
0.465376 -0.884993 -0.0145617 25.3993 0.884941 0.465547 -0.0120484 49.0491 0.0174419 -0.00727916 0.999821 0
0.452577 -0.891708 0.00562899 25.7484 0.891724 0.452554 -0.00490545 49.7688 0.00182681 0.0072396 0.999972 0
0.485218 -0.872793 -0.0528711 26.0905 0.873433 0.486631 -0.0174738 50.4864 0.0409798 -0.0377007 0.998448 0
0.452274 -0.891879 0.0007144 26.4217 0.891878 0.452274 0.00101005 51.1844 -0.00122395 0.000180337 0.999999 0
0.416325 -0.907817 0.0504198 26.7345 0.908401 0.417659 0.0191814 51.866 -0.0384715 0.0378157 0.998544 0
0.532448 -0.834722 -0.140493 27.0661 0.838658 0.542709 -0.0460484 52.5361 0.114684 -0.093307 0.98901 0
0.496143 -0.864595 -0.079481 27.3578 0.865309 0.499908 -0.0364975 53.184 0.0712887 -0.0506676 0.996168 0
0.338081 -0.930324 0.142118 27.6388 0.936964 0.3469 0.0419356 53.8206 -0.0883144 0.118982 0.988961 0
0.265022 -0.93826 0.22233 27.9144 0.953495 0.289336 0.0844485 54.4399 -0.143563 0.18961 0.971307 0
0.306998 -0.935372 0.175586 28.1975 0.944472 0.322144 0.0647733 55.0436 -0.117151 0.145951 0.982331 0
0.347498 -0.928772 0.128946 28.4847 0.933799 0.355272 0.0424428 55.6298 -0.0852308 0.105661 0.990743 0
0.386859 -0.918315 0.0838844 28.7702 0.920887 0.389471 0.0167349 56.1975 -0.0480385 0.0707739 0.996335 0
0.434051 -0.900084 0.0380665 29.0274 0.900876 0.43344 -0.0234815 56.7422 0.00463577 0.0444854 0.998999 0
0.435845 -0.899195 0.0385779 29.2878 0.899987 0.435051 -0.0274618 57.281 0.00791019 0.0466887 0.998878 0
0.435879 -0.899806 0.0189282 29.5394 0.900004 0.435815 -0.0075763 57.8154 -0.001432 0.0203378 0.999792 0
0.44041 -0.897656 0.0159325 29.7846 0.897797 0.440345 -0.00754599 58.3272 -0.000242078 0.0176274 0.999845 0
0.44549 -0.895064 0.0199737 30.039 0.89528 0.445462 -0.00608722 58.8224 -0.00344908 0.0205938 0.999782 0
0.452586 -0.891331 0.0263717 30.2917 0.891688 0.452626 -0.00478446 59.3003 -0.00767199 0.0256807 0.999641 0
0.462343 -0.886239 0.0286341 30.5347 0.886643 0.462442 -0.00346479 59.7705 -0.010171 0.0269901 0.999584 0
0.475693 -0.879234 0.0257746 30.7767 0.879549 0.475804 -0.00204315 60.2189 -0.0104673 0.0236419 0.999666 0
0.493555 -0.869448 0.0215214 31.0111 0.86964 0.493686 0.000889968 60.6203 -0.0113986 0.0182766 0.999768 0
0.514054 -0.857521 0.0201776 31.2524 0.857666 0.5142 0.00251563 61.0061 -0.0125325 0.0160125 0.999793 0
0.553488 -0.831813 0.0416855 31.4981 0.832833 0.553162 -0.0200287 61.3945 -0.00639866 0.0458027 0.99893 0
0.570296 -0.820936 0.028751 31.7418 0.821228 0.570593 0.00269726 61.7398 -0.0186194 0.0220729 0.999583 0
0.595508 -0.802775 0.0303742 32.0091 0.803075 0.595867 0.00359659 62.0831 -0.0209862 0.022251 0.999532 0
0.623309 -0.78135 0.0312738 32.2863 0.781638 0.623717 0.00445485 62.4102 -0.0229868 0.0216681 0.999501 0
0.67623 -0.736071 0.0302001 32.5679 0.736348 0.676597 0.00275715 62.7539 -0.0224627 0.0203733 0.99954 0
0.691877 -0.721353 0.0309414 32.8792 0.721605 0.692293 0.0040704 62.9988 -0.0243567 0.0195113 0.999513 0
0.713349 -0.700183 0.0296171 33.1959 0.700374 0.713758 0.00507664 63.2379 -0.024694 0.0171217 0.999548 0
0.742713 -0.669075 0.0267647 33.5181 0.669204 0.743061 0.00511066 63.4705 -0.0233072 0.0141153 0.999629 0
0.779226 -0.626252 0.0247994 33.8474 0.626359 0.779524 0.00415906 63.6947 -0.0219363 0.0122925 0.999684 0
0.821366 -0.569886 0.0242546 34.1848 0.56999 0.821646 0.00305397 63.9089 -0.0216691 0.0113165 0.999701 0
0.870123 -0.492221 0.0245785 34.5214 0.492285 0.870426 0.00381731 64.049 -0.0232727 0.00877808 0.999691 0
0.900051 -0.435086 0.0246685 34.8798 0.435173 0.900345 0.00203292 64.2181 -0.0230947 0.00890533 0.999694 0
0.926511 -0.375475 0.0243937 35.2457 0.375573 0.926793 0.000620588 64.3637 -0.0228409 0.00858662 0.999702 0
0.948323 -0.316305 0.0251856 35.63 0.316413 0.948621 -0.000328833 64.5293 -0.0237876 0.0082809 0.999683 0
0.966684 -0.254503 0.0273761 36.0088 0.254605 0.967045 -0.000238689 64.64 -0.0264132 0.00720084 0.999625 0
0.980677 -0.193644 0.0278451 36.4062 0.193719 0.981057 -1.48284e-05 64.7579 -0.0273147 0.00540867 0.999612 0
0.990577 -0.133925 0.0286639 36.8031 0.134014 0.990979 -0.0011903 64.8401 -0.0282459 0.00502045 0.999588 0
0.99666 -0.0762836 0.0291464 37.1951 0.0764523 0.997062 -0.00471625 64.8805 -0.028701 0.0069288 0.999564 0
0.999335 -0.0213905 0.0295459 37.5783 0.0215619 0.999752 -0.00549707 64.8913 -0.029421 0.00613048 0.999548 0
0.999078 0.0315122 0.0291415 37.9283 -0.0314657 0.999503 -0.00205252 64.8239 -0.0291917 0.00113367 0.999573 0
0.996227 0.0819491 0.0285679 38.2814 -0.0820356 0.996628 0.0018669 64.7537 -0.0283185 -0.00420343 0.99959 0
0.991346 0.128351 0.0275536 38.6368 -0.128445 0.991715 0.00164401 64.6742 -0.0271144 -0.0051689 0.999619 0
0.98496 0.170649 0.0270524 38.9958 -0.170493 0.985326 -0.00798814 64.5843 -0.0280186 0.00325574 0.999602 0
0.977283 0.206779 0.0464718 39.3569 -0.205864 0.978293 -0.0237285 64.4613 -0.0503696 0.0136226 0.998638 0
0.970511 0.240585 0.0150594 39.7445 -0.240344 0.970553 -0.0161861 64.4189 -0.0185101 0.0120894 0.999756 0
0.962278 0.271633 0.0154037 40.1372 -0.271515 0.962389 -0.00932959 64.363 -0.0173586 0.00479532 0.999838 0
0.953854 0.299798 0.0168303 40.531 -0.299844 0.953988 0.000183772 64.2859 -0.0160008 -0.00522174 0.999858 0
0.945853 0.323836 0.0221779 40.9296 -0.324 0.946048 0.00410708 64.1988 -0.0196514 -0.0110703 0.999746 0
0.937695 0.346869 0.0202467 41.3152 -0.346975 0.937872 0.00190413 64.0446 -0.0183283 -0.0088106 0.999793 0
0.93037 0.366326 0.0147475 41.7158 -0.366359 0.930474 -0.000484241 63.8915 -0.0138995 -0.00495235 0.999891 0
0.923195 0.384278 0.00648422 42.1077 -0.384273 0.923217 -0.00203955 63.6997 -0.0067701 -0.000608804 0.999977 0
0.916117 0.400902 0.00252 42.5068 -0.4009 0.916121 -0.00148781 63.4868 -0.00290509 0.000352738 0.999996 0
0.909658 0.415315 0.00604886 42.9188 -0.415317 0.909676 -0.000909285 63.2706 -0.00588014 -0.00168506 0.999981 0
0.868091 0.495289 -0.0332639 43.3487 -0.490096 0.865782 0.101133 63.0358 0.0788895 -0.0714905 0.994317 0
0.923224 0.382715 0.034465 43.7773 -0.378507 0.921195 -0.0901815 62.8274 -0.0662628 0.0702125 0.995329 0
0.903635 0.427475 0.0266148 44.2314 -0.426006 0.903479 -0.0473759 62.5937 -0.0442979 0.0314725 0.998523 0
0.899137 0.436995 0.0242351 44.6966 -0.435482 0.898803 -0.0500787 62.3457 -0.0436667 0.0344737 0.998451 0
0.893149 0.449282 0.0207564 45.1686 -0.448116 0.892878 -0.0442937 62.101 -0.0384333 0.0302596 0.998803 0
0.888059 0.459379 0.0179795 45.6538 -0.45852 0.887879 -0.0378088 61.8406 -0.0333322 0.0253325 0.999123 0
0.878615 0.477423 0.0101031 46.1575 -0.477471 0.878643 0.00281257 61.5722 -0.00753419 -0.00729508 0.999945 0
0.875838 0.482526 0.00880151 46.6651 -0.482565 0.875856 0.00287749 61.2773 -0.00632039 -0.00676751 0.999957 0
0.872529 0.488466 0.00974565 47.1932 -0.488425 0.872583 -0.00634059 60.9685 -0.011601 0.000772333 0.999932 0
0.870525 0.492035 0.00940761 47.7383 -0.491965 0.87057 -0.00885336 60.6506 -0.0125461 0.00307886 0.999917 0
0.869238 0.494323 0.00832961 48.2902 -0.494244 0.869267 -0.00993454 60.3348 -0.0121515 0.00451863 0.999916 0
0.868341 0.49591 0.00760855 48.8579 -0.495828 0.868358 -0.010444 60.0063 -0.0117862 0.00529638 0.999916 0
0.867692 0.497076 0.00516453 49.4443 -0.496977 0.867659 -0.0134775 59.6773 -0.0111804 0.00912769 0.999896 0
0.867818 0.496871 0.00351099 50.047 -0.496757 0.867735 -0.0163765 59.3454 -0.0111836 0.0124677 0.99986 0
0.868427 0.495559 -0.0159568 50.6732 -0.495814 0.867873 -0.0310667 59.0079 -0.00154698 0.0348908 0.99939 0
0.870527 0.492119 -0.00126249 51.3186 -0.492022 0.870298 -0.022247 58.6555 -0.00984945 0.0199878 0.999752 0
0.872436 0.488723 -0.00216945 51.9623 -0.48863 0.872165 -0.0238374 58.3017 -0.00975775 0.0218566 0.999713 0
0.874475 0.485066 -0.00214236 52.6212 -0.484959 0.87417 -0.0253317 57.941 -0.0104148 0.0231909 0.999677 0
0.877016 0.48046 -0.000888335 53.3001 -0.480337 0.876747 -0.0243025 57.5835 -0.0108975 0.0217404 0.999704 0
0.878992 0.476836 0.00111141 53.99 -0.476677 0.878754 -0.0239 57.2128 -0.012373 0.0204781 0.999714 0
0.880737 0.473591 0.00370697 54.6852 -0.473392 0.880547 -0.0231884 56.8311 -0.014246 0.018668 0.999724 0
0.882464 0.470352 0.00522837 55.3919 -0.470139 0.882312 -0.0222384 56.4494 -0.0150729 0.0171665 0.999739 0
0.884171 0.467139 0.00471478 56.1121 -0.466959 0.884038 -0.0206569 56.0702 -0.0138177 0.0160626 0.999776 0
0.885277 0.465057 0.00262505 56.8348 -0.464961 0.885185 -0.0161152 55.6908 -0.00981814 0.0130459 0.999867 0
0.885368 0.464889 0.00109658 57.565 -0.464852 0.885322 -0.0108062 55.3195 -0.00599453 0.00905774 0.999941 0
0.885374 0.464877 0.00165425 58.3035 -0.464859 0.885362 -0.0063373 54.9458 -0.00441068 0.00484189 0.999979 0
0.885269 0.46506 0.00426115 59.0394 -0.465044 0.885277 -0.00425588 54.5725 -0.00575154 0.00178597 0.999982 0
0.885258 0.465064 0.00589235 59.7649 -0.465052 0.885277 -0.00330844 54.196 -0.006755 0.000188577 0.999977 0
0.88538 0.464815 0.00698464 60.4781 -0.464804 0.885408 -0.00326875 53.8231 -0.00770362 -0.0003524 0.99997 0
0.88528 0.464987 0.00811038 61.2002 -0.464983 0.885316 -0.00245337 53.4509 -0.00832104 -0.00159927 0.999964 0
0.874038 0.48584 -0.00419707 61.9352 -0.485505 0.8737 0.0305593 53.0729 0.0185139 -0.0246723 0.999524 0
0.861918 0.5069 -0.0122014 62.6648 -0.505155 0.86053 0.0656247 52.6992 0.0437649 -0.0503995 0.99777 0
0.866772 0.498647 -0.00752476 63.3977 -0.49765 0.865823 0.0519105 52.3373 0.0324002 -0.0412499 0.998623 0
0.882321 0.470549 0.00970537 64.1309 -0.470613 0.88232 0.00592811 51.9752 -0.00577378 -0.00979797 0.999935 0
0.88016 0.474664 -0.00340219 64.871 -0.474673 0.880103 -0.0101658 51.6066 -0.00183109 0.0105625 0.999943 0
0.876801 0.480628 0.0147249 65.6009 -0.48077 0.876808 0.00825584 51.218 -0.00894293 -0.014318 0.999857 0
0.872453 0.488389 0.0173873 66.3257 -0.488533 0.872531 0.00501392 50.8184 -0.0127222 -0.0128687 0.999836 0
0.868552 0.495293 0.0173683 67.0346 -0.495451 0.868615 0.00608806 50.4136 -0.012071 -0.013893 0.999831 0
0.834826 0.550513 -0.000949311 67.7301 -0.548972 0.832615 0.0733576 50.0057 0.0411747 -0.0607197 0.997305 0
0.849966 0.526675 0.0130934 68.416 -0.526771 0.849205 0.0369192 49.5891 0.00832546 -0.0382773 0.999232 0
0.820975 0.570964 -0.000919257 69.1025 -0.568091 0.817002 0.0988934 49.1859 0.0572156 -0.0806668 0.995098 0
0.824237 0.566179 0.00865756 69.7721 -0.565444 0.82216 0.0657772 48.7538 0.0301238 -0.0591113 0.997797 0
0.875972 0.480856 0.0380884 70.4292 -0.477181 0.875399 -0.077298 48.3438 -0.0705118 0.0495358 0.99628 0
0.896783 0.436675 0.0713848 71.0793 -0.420286 0.891104 -0.171151 47.9319 -0.138349 0.123483 0.982655 0
0.893065 0.443202 0.0775037 71.7247 -0.424025 0.886673 -0.184428 47.5083 -0.150459 0.131842 0.979786 0
0.824839 0.565124 0.0165882 72.3792 -0.564992 0.825006 -0.012255 47.0609 -0.020611 0.000736173 0.999787 0
0.817248 0.57606 0.0161477 73.0063 -0.576221 0.817257 0.00776539 46.6379 -0.00872348 -0.0156509 0.999839 0
0.811474 0.584162 0.0162416 73.6118 -0.584323 0.811485 0.00768844 46.2146 -0.00868854 -0.0157293 0.999839 0
0.805941 0.591787 0.0157309 74.2167 -0.591942 0.805942 0.0078984 45.7834 -0.008004 -0.0156774 0.999845 0
0.800755 0.598796 0.0152847 74.8167 -0.598937 0.800765 0.00700782 45.3265 -0.0080432 -0.0147661 0.999859 0
0.796077 0.604999 0.0154006 75.4062 -0.60513 0.796108 0.0055118 44.8724 -0.0089259 -0.0137072 0.999866 0
0.792269 0.609973 0.0155694 75.9852 -0.610081 0.792333 0.00296153 44.4219 -0.0105297 -0.0118449 0.999874 0
0.789497 0.613558 0.0155264 76.5538 -0.613622 0.7896 -0.00081088 43.9764 -0.0127571 -0.00888713 0.999879 0
0.788689 0.614626 0.0143065 77.1141 -0.614638 0.788799 -0.00404597 43.5392 -0.0137717 -0.0056023 0.999889 0
0.786073 0.617845 0.0189119 77.6648 -0.617895 0.786252 -0.00374986 43.1185 -0.0171863 -0.00873787 0.999814 0
0.78587 0.618163 0.0168373 78.1876 -0.61816 0.786029 -0.00598736 42.6976 -0.0169358 -0.00570284 0.99984 0
0.78609 0.617933 0.0148607 78.7119 -0.617898 0.786223 -0.00736306 42.2863 -0.0162337 -0.00339437 0.999862 0
0.787319 0.616461 0.0102294 79.2073 -0.616418 0.787385 -0.00730264 41.8909 -0.0125562 -0.000556053 0.999921 0
0.791113 0.611634 0.00667006 79.6765 -0.611553 0.791127 -0.0109913 41.5097 -0.0119995 0.00461626 0.999917 0
0.79559 0.605827 0.00302053 80.1507 -0.605741 0.795545 -0.0136358 41.1491 -0.0106639 0.00901882 0.999902 0
0.802634 0.596221 0.0172914 80.6123 -0.596159 0.802815 -0.00911 40.8054 -0.0193134 -0.00299643 0.999809 0
0.811104 0.584891 0.00347565 81.0734 -0.584794 0.811055 -0.0143462 40.4867 -0.0112099 0.00960368 0.999891 0
0.818435 0.57459 -0.00309998 81.5229 -0.574523 0.818227 -0.0206726 40.188 -0.00934181 0.0187002 0.999781 0
0.829783 0.558069 -0.00444925 81.9566 -0.558049 0.829608 -0.0182276 39.9069 -0.0064811 0.0176078 0.999824 0
0.842866 0.538097 -0.00533551 82.3923 -0.538114 0.84275 -0.014322 39.6474 -0.00321013 0.0149426 0.999883 0
0.857024 0.515242 -0.00586309 82.8499 -0.515275 0.856956 -0.0108792 39.4013 -0.000580996 0.0123448 0.999924 0
0.872957 0.487743 -0.00723258 83.3295 -0.487794 0.872901 -0.00998376 39.1825 0.00144383 0.0122434 0.999924 0
0.892843 0.450251 -0.0102931 83.8193 -0.450326 0.89284 -0.00660001 38.9577 0.00621846 0.010528 0.999925 0
0.907176 0.420742 -0.00286488 84.303 -0.420746 0.907107 -0.0113584 38.7864 -0.0021802 0.0115094 0.999931 0
0.925377 0.379049 0.000132945 84.7711 -0.379019 0.925309 -0.0121614 38.6513 -0.00473278 0.0112035 0.999926 0
0.942788 0.333372 0.00386325 85.2378 -0.333296 0.942728 -0.0133261 38.5376 -0.00808456 0.0112761 0.999904 0
0.959013 0.283277 0.00692689 85.7168 -0.283186 0.958993 -0.0117384 38.4573 -0.00996806 0.00929568 0.999907 0
0.973676 0.227852 0.00626443 86.203 -0.22777 0.973644 -0.0117219 38.4017 -0.0087702 0.00998651 0.999912 0
0.985548 0.169341 0.00420606 86.6819 -0.169264 0.985462 -0.0146593 38.3644 -0.00662735 0.0137356 0.999884 0
0.994507 0.104658 0.00144977 87.1617 -0.104622 0.994383 -0.0160176 38.359 -0.00311799 0.0157779 0.999871 0
0.999329 0.0364727 -0.00332949 87.6386 -0.0365273 0.999168 -0.0181641 38.3836 0.00266423 0.0182736 0.999829 0
0.998705 -0.0471927 -0.0189989 88.1163 0.046752 0.998641 -0.0230082 38.4538 0.0200589 0.0220902 0.999555 0
0.994059 -0.10814 -0.012321 88.5885 0.107912 0.994001 -0.0178186 38.5382 0.014174 0.0163831 0.999765 0
0.984075 -0.177152 -0.0145889 89.057 0.176898 0.984079 -0.0171888 38.6626 0.0174017 0.0143343 0.999746 0
0.969366 -0.245153 -0.0151657 89.5134 0.244876 0.969387 -0.0180283 38.8105 0.0191211 0.0137623 0.999722 0
0.948313 -0.317129 -0.0114293 89.9595 0.31688 0.948267 -0.0194055 38.9928 0.0169921 0.0147808 0.999746 0
0.925373 -0.379008 -0.00609356 90.3865 0.378861 0.925293 -0.017253 39.1924 0.0121773 0.0136569 0.999833 0
0.898944 -0.438064 -0.000218669 90.7992 0.438013 0.898846 -0.01483 39.4115 0.00669302 0.0132355 0.99989 0
0.873864 -0.486023 0.0119936 91.1994 0.486167 0.87369 -0.0175356 39.6933 -0.00195594 0.0211546 0.999774 0
0.843367 -0.537041 0.0178584 91.5784 0.537282 0.843291 -0.0136873 39.9207 -0.00770921 0.0211385 0.999747 0
0.806611 -0.590968 0.0116456 91.9448 0.591007 0.806666 6.14477e-05 40.1915 -0.00943043 0.00683307 0.999932 0
0.780325 -0.625277 0.0110399 92.3081 0.625251 0.7804 0.00611506 40.4533 -0.0124391 0.00213096 0.99992 0
0.757092 -0.653259 0.00797786 92.6621 0.653188 0.757131 0.00992136 40.7396 -0.0125215 -0.00230034 0.999919 0
0.740527 -0.672019 0.00312728 93.0031 0.671964 0.740514 0.0101877 41.0349 -0.00916213 -0.00544285 0.999943 0
0.723436 -0.690382 0.00366969 93.3553 0.690337 0.723435 0.00871915 41.3714 -0.00867433 -0.00377442 0.999955 0
0.717404 -0.696387 0.0194089 93.7049 0.696539 0.717517 -0.00152435 41.7109 -0.0128647 0.0146127 0.99981 0
0.702919 -0.711212 0.00908331 94.0554 0.711183 0.702976 0.00662953 42.0538 -0.0111003 0.00179987 0.999937 0
0.69605 -0.717967 0.00615788 94.398 0.717934 0.696077 0.00689917 42.4206 -0.00923973 -0.000381217 0.999957 0
0.690546 -0.723284 0.00256119 94.7365 0.723229 0.69053 0.010437 42.7977 -0.00931746 -0.00535487 0.999942 0
0.687628 -0.726056 -0.00328631 95.0812 0.726028 0.687544 0.0128965 43.1852 -0.00710406 -0.0112539 0.999911 0
0.686695 -0.726908 -0.007449 95.4367 0.726932 0.686583 0.0131941 43.5799 -0.00447654 -0.0144752 0.999885 0
0.687774 -0.725877 -0.00835288 95.8059 0.72592 0.687681 0.011623 43.9811 -0.00269276 -0.0140575 0.999898 0
0.691591 -0.722267 -0.00575145 96.1839 0.722281 0.691599 0.000762384 44.3809 0.00342705 -0.00468142 0.999983 0
0.695193 -0.718774 -0.00834609 96.5797 0.718783 0.69523 -0.00245451 44.8038 0.00756669 -0.00429266 0.999962 0
0.698655 -0.715333 -0.013392 96.9894 0.715403 0.698712 0.000532973 45.2307 0.00897589 -0.00995303 0.99991 0
0.701593 -0.71235 -0.018018 97.4102 0.71255 0.701566 0.00882294 45.6661 0.0063558 -0.0190288 0.999799 0
0.608826 -0.791609 -0.0518191 97.8434 0.793277 0.608044 0.0315483 46.1095 0.00653434 -0.0603143 0.998158 0
0.556038 -0.826593 -0.086984 98.2951 0.831139 0.553659 0.0516714 46.5368 0.00544828 -0.101027 0.994869 0
0.710945 -0.703186 -0.00928475 98.7389 0.703148 0.710562 0.0261644 46.9904 -0.0118011 -0.02513 0.999615 0
0.714387 -0.699663 -0.0110939 99.1956 0.699613 0.713842 0.0311511 47.4417 -0.0138759 -0.0300153 0.999453 0
0.715129 -0.698916 -0.0103762 99.6717 0.698881 0.714669 0.0285284 47.8917 -0.0125234 -0.0276531 0.999539 0
0.714923 -0.699123 -0.0105828 100.163 0.699151 0.714604 0.022996 48.3613 -0.00851449 -0.0238393 0.99968 0
0.714223 -0.699758 -0.0149777 100.656 0.699917 0.714022 0.0169855 48.8409 -0.00119136 -0.0226146 0.999744 0
0.712849 -0.701024 -0.0203111 101.153 0.701304 0.712719 0.0143037 49.3311 0.00444891 -0.0244406 0.999691 0
0.71215 -0.701762 -0.0192886 101.639 0.702007 0.712068 0.0120545 49.842 0.00527541 -0.0221254 0.999741 0
0.710704 -0.703314 -0.0158002 102.159 0.703491 0.710528 0.0158244 50.3339 9.69391e-05 -0.0223618 0.99975 0
0.703685 -0.710426 -0.0110476 102.681 0.71047 0.703391 0.0217554 50.8439 -0.00768477 -0.0231579 0.999702 0
0.702094 -0.711994 -0.0113377 103.203 0.712003 0.701684 0.0263049 51.3727 -0.0107734 -0.026541 0.99959 0
0.69973 -0.714231 -0.0158703 103.697 0.714341 0.69919 0.0291606 51.937 -0.00973102 -0.0317414 0.999449 0
0.705777 -0.708109 -0.0214521 104.248 0.708419 0.705246 0.027744 52.486 -0.00451675 -0.0347782 0.999385 0
0.69911 -0.714285 -0.0322808 104.779 0.714917 0.699046 0.015099 53.0663 0.0117808 -0.033634 0.999365 0
0.696454 -0.716895 -0.0318539 105.344 0.717484 0.696458 0.0127919 53.6345 0.0130145 -0.0317637 0.999411 0
0.693686 -0.719691 -0.0290613 105.913 0.720179 0.693695 0.0113887 54.2123 0.0119633 -0.0288295 0.999513 0
0.69164 -0.721772 -0.0260436 106.482 0.722175 0.691618 0.0113271 54.8004 0.00983658 -0.0266423 0.999597 0
0.690209 -0.72341 -0.0170274 107.052 0.723576 0.689758 0.0259173 55.4079 -0.00700405 -0.030209 0.999519 0
0.689535 -0.724133 -0.0131055 107.619 0.724202 0.689161 0.0242645 56.0037 -0.00853891 -0.0262222 0.99962 0
0.689394 -0.724316 -0.0101121 108.19 0.724314 0.689062 0.0237216 56.6052 -0.010214 -0.0236779 0.999667 0
0.689488 -0.72421 -0.0112121 108.76 0.724224 0.689116 0.0248889 57.2132 -0.0102984 -0.0252806 0.999627 0
0.689982 -0.723633 -0.0167222 109.33 0.723787 0.689518 0.0264238 57.8271 -0.00759085 -0.0303353 0.999511 0
0.690546 -0.722947 -0.0222267 109.904 0.723272 0.689998 0.0279263 58.4439 -0.00485282 -0.0353604 0.999363 0
0.692129 -0.721554 -0.0178108 110.465 0.721746 0.691679 0.0257421 59.0672 -0.00625497 -0.0306717 0.99951 0
0.694345 -0.719346 -0.0206499 111.06 0.719598 0.693698 0.0310137 59.6948 -0.00798482 -0.0363938 0.999306 0
0.696287 -0.717103 -0.0307742 111.651 0.717712 0.695088 0.0417401 60.3219 -0.00854118 -0.0511501 0.998654 0
0.698095 -0.715245 -0.0329902 112.249 0.715984 0.696977 0.0398757 60.9541 -0.00552751 -0.0514575 0.99866 0
0.699575 -0.71394 -0.0297359 112.866 0.714549 0.698731 0.0345696 61.5923 -0.00390323 -0.0454318 0.99896 0
0.699798 -0.713885 -0.0255026 113.481 0.714328 0.699121 0.0310706 62.2108 -0.00435147 -0.0399604 0.999192 0
0.700614 -0.713191 -0.0223267 114.091 0.713531 0.700101 0.0270417 62.8386 -0.00365493 -0.0348766 0.999385 0
0.70127 -0.712562 -0.021794 114.693 0.712871 0.700664 0.0297427 63.4593 -0.0059233 -0.036394 0.99932 0
0.702107 -0.711745 -0.0215693 115.289 0.712001 0.70129 0.0352982 64.0754 -0.00999694 -0.0401404 0.999144 0
0.702706 -0.711207 -0.0197265 115.894 0.711305 0.701647 0.0416845 64.682 -0.0158053 -0.0433235 0.998936 0
0.702977 -0.710896 -0.0212015 116.495 0.711031 0.701812 0.0435221 65.2876 -0.0160602 -0.04567 0.998827 0
0.703464 -0.71032 -0.0241416 117.078 0.710708 0.702762 0.0319351 65.8966 -0.00571832 -0.0396228 0.999198 0
0.703624 -0.710011 -0.0282439 117.685 0.710531 0.703455 0.0171886 66.4807 0.0076642 -0.0321625 0.999453 0
0.702708 -0.71092 -0.028189 118.289 0.711406 0.702651 0.0135585 67.0727 0.0101681 -0.0295815 0.999511 0
0.702204 -0.711731 -0.0186958 118.887 0.711972 0.701865 0.0219513 67.6744 -0.00250147 -0.0287251 0.999584 0
0.701232 -0.71292 -0.00430682 119.48 0.712597 0.700703 0.0349412 68.2808 -0.0218925 -0.0275709 0.99938 0
0.699837 -0.714302 -0.00102794 120.072 0.713679 0.699164 0.0428063 68.9101 -0.0298579 -0.030691 0.999083 0
0.698937 -0.715123 -0.00928328 120.64 0.7149 0.698235 0.0372144 69.5038 -0.020131 -0.0326471 0.999264 0
0.697402 -0.716439 -0.018612 121.207 0.716635 0.696832 0.029313 70.0986 -0.00803149 -0.0337809 0.999397 0
0.696267 -0.717502 -0.0200893 121.776 0.71778 0.6959 0.0227032 70.6949 -0.00230945 -0.0302272 0.99954 0
0.694596 -0.719191 -0.0173235 122.345 0.719391 0.694265 0.021757 71.2925 -0.00362033 -0.0275747 0.999613 0
0.692453 -0.721282 -0.0161762 122.909 0.721452 0.692143 0.0210955 71.894 -0.00401962 -0.026278 0.999647 0
0.689302 -0.724287 -0.016455 123.471 0.72447 0.689043 0.0190382 72.4966 -0.00245098 -0.0250442 0.999683 0
0.68629 -0.727107 -0.0179345 124.027 0.727327 0.686026 0.0190774 73.1037 -0.0015678 -0.0261369 0.999657 0
0.684227 -0.728931 -0.0222037 124.577 0.729268 0.683854 0.0226085 73.7183 -0.00129593 -0.0316618 0.999498 0
0.681969 -0.731219 -0.0153872 125.133 0.731355 0.68162 0.0226756 74.319 -0.0060926 -0.0267175 0.999624 0
0.680637 -0.732487 -0.0140036 125.686 0.73256 0.680212 0.0258459 74.9184 -0.00940632 -0.0278502 0.999568 0
0.680574 -0.732423 -0.0193693 126.243 0.732601 0.679874 0.0326688 75.5194 -0.0107587 -0.0364235 0.999279 0
0.678835 -0.73404 -0.0191646 126.79 0.73423 0.678212 0.0305821 76.1194 -0.00945086 -0.0348314 0.999349 0
0.676056 -0.736606 -0.0189863 127.334 0.736823 0.675585 0.0259964 76.7164 -0.00632222 -0.0315646 0.999482 0
0.671754 -0.740564 -0.0176733 127.876 0.740768 0.671462 0.0200356 77.3123 -0.0029707 -0.0265508 0.999643 0
0.666505 -0.745333 -0.0157823 128.411 0.745489 0.666229 0.0195997 77.912 -0.00409369 -0.0248288 0.999683 0
0.661516 -0.749845 -0.0113778 128.94 0.749859 0.661165 0.0239199 78.5172 -0.0104136 -0.0243551 0.999649 0
0.657369 -0.753559 -0.00402117 129.465 0.753329 0.657014 0.0287795 79.126 -0.0190451 -0.021948 0.999578 0
0.652783 -0.757409 0.014357 129.993 0.756962 0.652907 0.02686 79.7389 -0.0297178 -0.00666606 0.999536 0
0.650728 -0.759302 -0.00358474 130.498 0.758812 0.650123 0.0393002 80.3557 -0.0275102 -0.0282939 0.999221 0
0.645802 -0.763454 -0.00879273 130.998 0.763303 0.645324 0.0304404 80.978 -0.0175657 -0.02637 0.999498 0
0.640161 -0.768145 -0.0121016 131.515 0.768183 0.639842 0.0222888 81.6089 -0.00937789 -0.0235647 0.999678 0
0.634851 -0.772588 -0.00850141 132.022 0.772601 0.634683 0.0162826 82.2588 -0.00718402 -0.0169052 0.999831 0
0.628138 -0.777935 -0.0160926 132.532 0.778093 0.627903 0.0175803 82.9042 -0.00357174 -0.0235643 0.999716 0
0.622881 -0.782075 -0.0194228 133.033 0.782287 0.622452 0.0240997 83.5577 -0.00675806 -0.0302055 0.999521 0
0.614599 -0.788605 -0.019254 133.523 0.788806 0.614163 0.0242498 84.217 -0.00729844 -0.0300916 0.99952 0
0.607608 -0.793908 -0.0228472 134.025 0.794232 0.607254 0.0209212 84.8696 -0.0027355 -0.0308579 0.99952 0
0.60129 -0.798697 -0.023079 134.521 0.799028 0.600955 0.02019 85.5298 -0.00225623 -0.0305808 0.99953 0
0.594968 -0.80344 -0.0223035 135.01 0.803721 0.594486 0.0248535 86.1986 -0.00670916 -0.0327128 0.999442 0
0.589825 -0.807429 -0.0128099 135.472 0.807347 0.589277 0.0307203 86.888 -0.0172559 -0.0284616 0.999446 0
0.583158 -0.812276 -0.01156 135.956 0.812066 0.582507 0.0351399 87.5553 -0.0218096 -0.0298796 0.999316 0
0.577109 -0.816465 -0.0181401 136.432 0.816402 0.576214 0.0382822 88.2348 -0.0208035 -0.0369026 0.999102 0
0.572546 -0.819676 -0.017957 136.909 0.819595 0.571644 0.0385662 88.9117 -0.0213468 -0.0367984 0.999095 0
0.569716 -0.821544 -0.0221206 137.378 0.821662 0.568821 0.0362636 89.5923 -0.0172094 -0.0388356 0.999097 0
0.566432 -0.823569 -0.0298179 137.841 0.824041 0.565554 0.033239 90.2768 -0.010511 -0.0433988 0.999003 0
0.563839 -0.825105 -0.0358847 138.291 0.825872 0.563059 0.0299844 90.9579 -0.00453507 -0.0465425 0.998906 0
0.561073 -0.826966 -0.0363835 138.752 0.827746 0.56021 0.0316409 91.6454 -0.00578353 -0.0478692 0.998837 0
0.558428 -0.828818 -0.0349124 139.21 0.829453 0.557211 0.0390361 92.3348 -0.0129002 -0.050757 0.998628 0
0.55643 -0.830307 -0.0312351 139.667 0.830535 0.554691 0.0502885 93.0413 -0.0244291 -0.0539239 0.998246 0
0.552392 -0.833057 -0.0296611 140.116 0.833114 0.550535 0.0532293 93.7306 -0.0280135 -0.0541145 0.998142 0
0.547618 -0.836308 -0.0265182 140.556 0.836413 0.546266 0.0447969 94.4095 -0.022978 -0.0467118 0.998644 0
0.542215 -0.839931 -0.0227685 141.006 0.840111 0.541461 0.032143 95.1056 -0.0146697 -0.0365565 0.999224 0
0.535591 -0.844131 -0.024173 141.436 0.844415 0.534986 0.0274455 95.809 -0.0102354 -0.0351116 0.999331 0
0.529602 -0.847913 -0.0237877 141.877 0.848139 0.528882 0.030715 96.5241 -0.0134628 -0.036442 0.999245 0
0.480409 -0.872303 -0.0910787 142.33 0.876373 0.48151 0.010925 97.2319 0.0343254 -0.0850674 0.995784 0
0.501428 -0.864295 -0.039549 142.777 0.865199 0.500898 0.0230647 97.9327 -0.000124671 -0.0457831 0.998951 0
0.5113 -0.859382 -0.00593799 143.209 0.859123 0.510945 0.0290244 98.6406 -0.021909 -0.0199416 0.999561 0
0.532661 -0.845101 0.0455737 143.625 0.844371 0.534319 0.0392592 99.3441 -0.0575289 0.0175693 0.998189 0
0.561001 -0.819967 0.113719 144.031 0.821251 0.568542 0.0480322 100.052 -0.104039 0.0664458 0.992351 0
0.568467 -0.809652 0.145978 144.44 0.814085 0.579204 0.0422912 100.765 -0.118792 0.0947976 0.988383 0
0.585305 -0.780784 0.218619 144.858 0.792033 0.608268 0.0518967 101.493 -0.173499 0.142778 0.974429 0
0.567915 -0.795474 0.21141 145.288 0.806118 0.589433 0.0523713 102.232 -0.166272 0.140679 0.975993 0
0.430772 -0.900297 -0.0624475 145.738 0.902004 0.431724 -0.00194999 102.949 0.0287157 -0.0554879 0.998046 0
0.404855 -0.908143 -0.106626 146.116 0.911691 0.409847 -0.0290515 103.775 0.0700834 -0.0854483 0.993875 0
0.475975 -0.879419 0.00836707 146.49 0.87926 0.476048 0.0167418 104.52 -0.0187062 -0.000611828 0.999825 0
0.474912 -0.879968 -0.0107198 146.871 0.879885 0.474572 0.0241607 105.26 -0.0161733 -0.0209064 0.999651 0
0.473223 -0.880765 -0.0176735 147.251 0.880912 0.472945 0.0178017 106.001 -0.00732052 -0.0239929 0.999685 0
0.471643 -0.881687 -0.0134284 147.645 0.881762 0.471453 0.0150818 106.748 -0.0069666 -0.0189539 0.999796 0
0.466396 -0.884549 0.00696437 148.051 0.884233 0.46642 0.024186 107.491 -0.024642 -0.00512211 0.999683 0
0.466516 -0.884462 0.00952147 148.451 0.883951 0.466576 0.0306145 108.24 -0.0315198 -0.00586563 0.999486 0
0.466036 -0.884707 0.0101631 148.851 0.884078 0.466096 0.0340612 108.992 -0.0348712 -0.00688879 0.999368 0
0.465006 -0.885269 0.0082288 149.251 0.88475 0.465023 0.0311683 109.743 -0.0314189 -0.00721303 0.99948 0
0.463777 -0.885915 0.00807006 149.653 0.885709 0.463844 0.0191799 110.495 -0.020735 -0.00174746 0.999783 0
0.465378 -0.885099 0.00481694 150.059 0.885106 0.465348 -0.00623466 111.235 0.00327674 0.00716498 0.999969 0
0.463974 -0.885806 0.00871215 150.461 0.885838 0.463897 -0.00951736 112.006 0.00438899 0.0121334 0.999917 0
0.462936 -0.886336 0.00996702 150.855 0.886388 0.462938 -0.00226592 112.779 -0.00260574 0.00988362 0.999948 0
0.46198 -0.886853 0.00817413 151.252 0.886787 0.462047 0.0109772 113.552 -0.013512 0.00217746 0.999906 0
0.46066 -0.887518 0.0102629 151.635 0.887446 0.460759 0.0118192 114.332 -0.0152184 0.00366312 0.999878 0
0.459802 -0.88789 0.0152848 152.008 0.887908 0.459951 0.00808125 115.088 -0.0142055 0.00985574 0.999851 0
0.460127 -0.887706 0.0161841 152.38 0.887705 0.460307 0.00986939 115.829 -0.0162108 0.00982553 0.99982 0
0.48654 -0.872744 -0.0399708 152.754 0.873352 0.487071 -0.00418846 116.57 0.0231241 -0.0328708 0.999192 0
0.460855 -0.887474 -0.0015883 153.129 0.887453 0.46083 0.00791518 117.305 -0.00629259 -0.00505729 0.999967 0
0.459883 -0.887979 -0.000855176 153.502 0.887908 0.459834 0.0131072 118.053 -0.0112457 -0.00678712 0.999914 0
0.459092 -0.888388 -0.00123669 153.872 0.888262 0.459003 0.0175092 118.796 -0.0149873 -0.00913683 0.999846 0
0.486707 -0.872533 -0.0424615 154.247 0.873376 0.487039 0.00284128 119.535 0.0182013 -0.0384677 0.999094 0
0.547931 -0.82015 -0.164698 154.637 0.828705 0.559041 -0.0268643 120.277 0.114105 -0.121766 0.985978 0
0.580229 -0.774879 -0.250792 155.02 0.793136 0.607576 -0.0422541 121.005 0.185117 -0.174395 0.967118 0
0.486405 -0.871982 -0.0552893 155.404 0.873323 0.487141 0.000180826 121.725 0.026776 -0.0483734 0.99847 0
0.343413 -0.927495 0.147718 155.737 0.931526 0.356418 0.0722832 122.424 -0.119692 0.11278 0.986385 0
0.47474 -0.87912 -0.0420604 156.097 0.879974 0.475004 0.00412252 123.13 0.0163547 -0.0389692 0.999107 0
0.123217 -0.926605 0.355276 156.393 0.959548 0.202568 0.195532 123.795 -0.253149 0.316812 0.914082 0
-0.121385 -0.839347 0.529871 156.689 0.934457 0.0833951 0.346173 124.429 -0.334748 0.537161 0.77421 0
0.338288 -0.92878 0.151423 157.056 0.933174 0.351853 0.073387 125.087 -0.121439 0.116478 0.985741 0
0.197511 -0.931112 0.306627 157.344 0.955207 0.253117 0.153333 125.665 -0.220382 0.262608 0.939398 0
0.236861 -0.933484 0.269266 157.644 0.95072 0.279778 0.133624 126.239 -0.200071 0.224347 0.953751 0
0.261007 -0.92915 0.261833 158.019 0.945326 0.300955 0.125636 126.79 -0.195534 0.214726 0.956901 0
0.296006 -0.930571 0.215448 158.357 0.940586 0.323256 0.10394 127.371 -0.166368 0.17188 0.970968 0
0.471516 -0.881794 -0.0105702 158.553 0.881563 0.471014 0.0315014 128.096 -0.022799 -0.0241717 0.999448 0
0.476427 -0.87919 -0.0065388 158.869 0.879115 0.476249 0.0185492 128.696 -0.0131942 -0.0145857 0.999807 0
0.481306 -0.876504 -0.00923995 159.181 0.876495 0.481126 0.0165912 129.276 -0.0100967 -0.0160842 0.99982 0
0.486619 -0.873529 -0.0121933 159.497 0.873589 0.486452 0.0143753 129.854 -0.00662579 -0.0176472 0.999822 0
0.492351 -0.87026 -0.0154202 159.819 0.870392 0.492213 0.0119638 130.429 -0.00282159 -0.019312 0.99981 0
0.500807 -0.865377 -0.0177815 160.132 0.865552 0.500783 0.0060998 130.996 0.00362602 -0.0184456 0.999823 0
0.505818 -0.862415 -0.019706 160.477 0.862624 0.505815 0.00553844 131.558 0.00519114 -0.0198003 0.99979 0
0.512706 -0.85839 -0.0172733 160.829 0.858563 0.512632 0.00879094 132.138 0.00130882 -0.0193374 0.999812 0
0.516928 -0.855979 -0.00924753 161.176 0.856013 0.516821 0.0117495 132.688 -0.00527802 -0.0139897 0.999888 0
0.522658 -0.852529 -0.00477729 161.529 0.852502 0.522569 0.0127293 133.242 -0.00835565 -0.0107257 0.999908 0
0.526401 -0.850232 -0.00258737 161.875 0.85019 0.526338 0.0120241 133.789 -0.00886142 -0.00852924 0.999924 0
0.526431 -0.850215 -0.0021482 162.213 0.850156 0.52636 0.0134121 134.342 -0.0102724 -0.00888685 0.999908 0
0.525741 -0.850645 -0.000482097 162.56 0.850552 0.525675 0.0150396 134.906 -0.0125399 -0.00831697 0.999887 0
0.524967 -0.85112 0.00219585 162.905 0.850922 0.524897 0.0203449 135.479 -0.0184685 -0.0088119 0.999791 0
0.52541 -0.850849 0.000773289 163.251 0.850679 0.525323 0.0195457 136.048 -0.0170367 -0.00961168 0.999809 0
0.525632 -0.850706 -0.00323342 163.586 0.850558 0.525461 0.0210366 136.606 -0.016197 -0.0138077 0.999774 0
0.524883 -0.851092 -0.0118263 163.917 0.851112 0.524626 0.0193846 137.17 -0.0102937 -0.0202401 0.999742 0
0.522852 -0.852248 -0.0172969 164.251 0.852423 0.522719 0.0118142 137.734 -0.00102723 -0.0209213 0.999781 0
0.520539 -0.853643 -0.0182537 164.592 0.853814 0.520564 0.00373475 138.31 0.00631409 -0.0175294 0.999826 0
0.516507 -0.856187 -0.012837 164.927 0.856265 0.516535 0.00129638 138.881 0.00552079 -0.0116614 0.999917 0
0.512888 -0.858333 -0.0145242 165.267 0.858453 0.512771 0.0111486 139.484 -0.00212163 -0.0181863 0.999832 0
0.509961 -0.860142 -0.00975174 165.62 0.860078 0.509668 0.0224566 140.092 -0.0143458 -0.0198393 0.9997 0
0.506563 -0.862202 0.000976812 165.978 0.8618 0.50636 0.0300004 140.709 -0.026361 -0.0143553 0.999549 0
0.503536 -0.863945 0.00705732 166.338 0.863471 0.503505 0.0300083 141.316 -0.0294789 -0.00901646 0.999525 0
0.501719 -0.865019 0.00453543 166.684 0.864628 0.501638 0.0278884 141.917 -0.0263991 -0.0100706 0.999601 0
0.499452 -0.866341 -0.000898504 167.028 0.866113 0.499296 0.023485 142.519 -0.0198974 -0.0125078 0.999724 0
0.496988 -0.867757 -0.000835783 167.378 0.867677 0.496928 0.0141385 143.12 -0.0118535 -0.00775187 0.9999 0
0.495917 -0.868355 0.00513191 167.731 0.868301 0.495943 0.00970132 143.724 -0.0109693 -0.000355008 0.99994 0
0.49513 -0.868699 0.0144462 168.084 0.868683 0.495278 0.00946572 144.33 -0.0153778 0.00786241 0.999851 0
0.494174 -0.869077 0.0222838 168.431 0.869156 0.494454 0.00916076 144.934 -0.0189797 0.0148411 0.99971 0
0.493185 -0.869582 0.0244017 168.781 0.869683 0.493515 0.0097386 145.537 -0.0205111 0.0164188 0.999655 0
0.492789 -0.869775 0.0254863 169.123 0.869999 0.493037 0.00411117 146.143 -0.0161415 0.0201471 0.999667 0
0.491851 -0.870185 0.0293351 169.474 0.870587 0.492011 -0.0019615 146.737 -0.0127263 0.0265035 0.999568 0
0.491118 -0.870458 0.0332708 169.824 0.870989 0.491292 -0.00327622 147.343 -0.0134939 0.0305875 0.999441 0
0.490408 -0.870816 0.0343446 170.167 0.871327 0.490704 0.000186638 147.948 -0.0170155 0.0298338 0.99941 0
0.489773 -0.871104 0.0360641 170.506 0.871596 0.49021 0.00387394 148.551 -0.0210536 0.029536 0.999342 0
