0.478682 -0.87775 0.0204598 0.683951 0.877971 0.478687 -0.00496789 0.553054 -0.0054333 0.0203412 0.999778 0
0.472932 -0.880636 0.028545 0.675203 0.881083 0.472872 -0.00925491 0.792588 -0.00534789 0.0295274 0.99955 0
0.471669 -0.881395 0.0258984 1.08215 0.88177 0.471566 -0.0103332 1.56547 -0.00310518 0.0277103 0.999611 0
0.470348 -0.882173 0.0233064 1.49105 0.882479 0.470244 -0.010105 2.34738 -0.00204533 0.0253203 0.999677 0
0.469285 -0.882737 0.023405 1.90315 0.883042 0.469205 -0.00911457 3.13712 -0.00293596 0.0249449 0.999685 0
0.468032 -0.883369 0.0245929 2.31957 0.8837 0.467984 -0.00800671 3.93305 -0.0044362 0.0254801 0.999665 0
0.466975 -0.884058 0.0194028 2.72967 0.884258 0.466971 -0.00501517 4.73407 -0.00462685 0.0194991 0.999799 0
0.465675 -0.884762 0.0185377 3.15377 0.884945 0.465671 -0.00480132 5.54013 -0.00438446 0.0186407 0.999817 0
0.464617 -0.885312 0.0187863 3.57993 0.885505 0.464591 -0.00600601 6.35108 -0.00341074 0.0194258 0.999806 0
0.463745 -0.885755 0.0194552 4.00798 0.885962 0.463718 -0.00613256 7.16782 -0.00358977 0.0200805 0.999792 0
0.4476 -0.894071 0.0170812 4.41727 0.894218 0.447625 -0.0025237 7.99969 -0.0053896 0.0164039 0.999851 0
0.450345 -0.892676 0.0178418 4.85122 0.892809 0.450433 0.00108049 8.82824 -0.0090011 0.0154428 0.99984 0
0.453653 -0.890969 0.0192954 5.28815 0.891091 0.453806 0.00419076 9.66131 -0.0124902 0.0152928 0.999805 0
0.457413 -0.889007 0.0209506 5.7284 0.88913 0.457616 0.00595216 10.4989 -0.0148788 0.0159052 0.999763 0
0.461083 -0.887119 0.0205598 6.17188 0.887241 0.461273 0.0054819 11.3415 -0.0143468 0.0157139 0.999774 0
0.446436 -0.894646 0.0174023 6.59371 0.894754 0.44655 0.00306696 12.1986 -0.0105149 0.0142016 0.999844 0
0.452191 -0.891789 0.0153673 7.04903 0.891899 0.452235 -0.00072229 13.0493 -0.0063055 0.0140327 0.999882 0
0.446843 -0.89442 0.0185676 7.51965 0.894443 0.447066 0.0101549 13.8999 -0.0173837 0.01207 0.999776 0
0.450217 -0.8924 0.0304475 7.96711 0.89257 0.450733 0.0126113 14.7606 -0.024978 0.0214987 0.999457 0
0.452816 -0.890631 0.0416407 8.41974 0.890944 0.453784 0.0173161 15.6278 -0.0343181 0.0292585 0.998983 0
0.457341 -0.88756 0.0554706 8.87842 0.888334 0.458852 0.0178034 16.4988 -0.0412544 0.0411342 0.998302 0
0.461508 -0.886098 0.0429071 9.34205 0.887108 0.460566 -0.0303115 17.3734 0.00709737 0.0520522 0.998619 0
0.465095 -0.883883 0.0493663 9.8057 0.885242 0.463994 -0.0324968 18.2519 0.00581774 0.0588152 0.998252 0
0.466527 -0.884454 0.00969971 10.2709 0.884501 0.466453 -0.00895457 19.1345 0.00339545 0.0127569 0.999913 0
0.468451 -0.883328 0.0168903 10.7365 0.883488 0.468392 -0.00752781 20.0237 -0.00126177 0.0184488 0.999829 0
0.470601 -0.882029 0.0236694 11.201 0.882306 0.470665 -0.00314562 20.9194 -0.00836582 0.022364 0.999715 0
0.449913 -0.889889 0.0753372 11.6207 0.891878 0.452071 0.013609 21.8357 -0.0461682 0.0610687 0.997065 0
0.45664 -0.886115 0.0792526 12.099 0.88802 0.459383 0.0196858 22.728 -0.0538511 0.0613886 0.99666 0
0.506177 -0.86011 0.0632078 12.5803 0.862254 0.506191 -0.0169805 23.6236 -0.0173901 0.0630964 0.997856 0
0.548991 -0.834695 0.0435061 13.0614 0.835568 0.546777 -0.0534886 24.5198 0.0208586 0.0657171 0.99762 0
0.555421 -0.831485 0.0118162 13.5399 0.831475 0.555089 -0.0229108 25.4131 0.0124909 0.02255 0.999668 0
0.487707 -0.87275 -0.0212 14.016 0.872948 0.487813 0.00016344 26.3023 0.010199 -0.0185862 0.999775 0
0.414966 -0.909657 -0.0180569 14.4838 0.909806 0.415033 6.5747e-05 27.191 0.00743442 -0.0164556 0.999837 0
0.426117 -0.904558 -0.0141324 14.9448 0.904641 0.426173 -0.00107497 28.0788 0.00699523 -0.0123267 0.9999 0
0.433638 -0.901054 -0.00775877 15.4024 0.90108 0.433654 -0.000327469 28.965 0.00365968 -0.00684926 0.99997 0
0.441287 -0.897365 -0.00103346 15.8532 0.897366 0.441286 0.000816349 29.8508 -0.000276513 -0.00128763 0.999999 0
0.481725 -0.875868 0.0282073 16.1969 0.876219 0.481914 -0.000134466 30.7598 -0.0134757 0.0247805 0.999602 0
0.500592 -0.865315 0.0252587 16.6692 0.865614 0.500708 -0.00196799 31.6273 -0.0109443 0.0228495 0.999679 0
0.502584 -0.864228 0.0227838 17.1266 0.864497 0.502615 -0.00474048 32.5068 -0.00735465 0.0220791 0.999729 0
0.465216 -0.884887 0.023429 17.5815 0.885159 0.465279 -0.00299435 33.3842 -0.00825137 0.0221314 0.999721 0
0.427128 -0.903782 0.0272058 18.0333 0.904113 0.427294 0.000282262 34.2592 -0.01188 0.0244766 0.99963 0
0.455856 -0.889545 0.0300924 18.4686 0.890017 0.455884 -0.00634213 35.1313 -0.00807703 0.0296739 0.999527 0
0.456062 -0.889474 0.0290509 18.9104 0.889841 0.45627 0.000572273 35.9951 -0.013764 0.0255897 0.999578 0
0.45578 -0.889529 0.031678 19.3513 0.890006 0.455943 -0.00229665 36.8597 -0.0124004 0.0292404 0.999496 0
0.455086 -0.889828 0.0332245 19.7897 0.890369 0.455225 -0.00367502 37.7211 -0.0118545 0.0312545 0.999441 0
0.454109 -0.890324 0.0332923 20.2259 0.890864 0.454257 -0.00342018 38.591 -0.0120782 0.0312121 0.99944 0
0.453151 -0.890608 0.0383462 20.6611 0.891285 0.453441 -0.00126385 39.453 -0.0162622 0.0347502 0.999264 0
0.452453 -0.890872 0.0404117 21.0902 0.891561 0.452896 0.00205994 40.3014 -0.0201375 0.0350975 0.999181 0
0.451749 -0.891263 0.0396545 21.5139 0.891922 0.452183 0.00225928 41.1454 -0.0199447 0.0343481 0.999211 0
0.450686 -0.891945 0.0362762 21.9327 0.892559 0.450928 -0.00167725 41.9818 -0.0148619 0.0331345 0.99934 0
0.449805 -0.892522 0.0328718 22.3451 0.893089 0.449818 -0.00741534 42.8105 -0.00816798 0.0326929 0.999432 0
0.448945 -0.893102 0.0285972 22.7502 0.893543 0.448903 -0.00823896 43.6318 -0.00547912 0.0292516 0.999557 0
0.448218 -0.893535 0.0263673 23.1477 0.893898 0.448234 -0.00565937 44.4438 -0.00676189 0.0261064 0.999636 0
0.447201 -0.894065 0.0256849 23.5388 0.894387 0.447285 -0.00270351 45.2427 -0.00907135 0.0241812 0.999666 0
0.440841 -0.897375 0.0194471 23.9309 0.897379 0.441101 0.0119059 46.0471 -0.0192622 0.0122028 0.99974 0
0.441456 -0.897013 0.0220135 24.3046 0.897145 0.441686 0.00672361 46.8105 -0.0157542 0.0167811 0.999735 0
0.443151 -0.896006 0.028104 24.6715 0.896398 0.443238 -0.00341697 47.5643 -0.00939513 0.0267066 0.999599 0
0.440953 -0.896969 0.0317431 25.0427 0.897447 0.441118 -0.00198453 48.2979 -0.0122224 0.0293628 0.999494 0
0.440704 -0.897063 0.0325097 25.3915 0.897566 0.440874 -0.00214166 49.0395 -0.0124115 0.0301234 0.999469 0
0.441043 -0.897003 0.0294518 25.7344 0.897426 0.441156 -0.00289005 49.7697 -0.0104004 0.0277054 0.999562 0
0.4387 -0.898196 0.0280443 26.0683 0.898584 0.438791 -0.00311914 50.4576 -0.00950399 0.0265685 0.999602 0
0.43875 -0.898068 0.031183 26.4001 0.898511 0.43895 -0.000471558 51.1721 -0.0132643 0.0282252 0.999514 0
0.437294 -0.898448 0.0395535 26.7241 0.899097 0.437739 0.00294563 51.8693 -0.0199606 0.0342743 0.999213 0
0.434325 -0.900141 0.0332712 27.0403 0.900573 0.434685 0.00409408 52.5475 -0.0181477 0.028185 0.999438 0
0.426222 -0.904346 0.0221877 27.3367 0.904591 0.426272 -0.00268139 53.163 -0.00703307 0.0212136 0.99975 0
0.422957 -0.90604 0.0141157 27.6501 0.906145 0.422952 -0.00347465 53.7969 -0.0028221 0.0142605 0.999894 0
0.42498 -0.905104 0.0133527 27.9399 0.905196 0.424985 -0.002599 54.4394 -0.00332233 0.0131913 0.999907 0
0.42262 -0.906215 0.0128978 28.2323 0.906286 0.422664 0.000771919 55.0358 -0.00615095 0.0113629 0.999916 0
0.42429 -0.905422 0.0137826 28.5054 0.905504 0.424338 0.000597134 55.6369 -0.00638911 0.0122268 0.999905 0
0.4238 -0.905613 0.0160477 28.7764 0.905756 0.423734 -0.00752267 56.1986 1.26691e-05 0.0177234 0.999843 0
0.426973 -0.904087 0.0179021 29.0399 0.904241 0.426736 -0.0156604 56.7584 0.00651887 0.0228743 0.999717 0
0.431398 -0.901985 0.0178394 29.2943 0.902098 0.431048 -0.0203946 57.3112 0.0107059 0.0248911 0.999633 0
0.436895 -0.899377 0.0156218 29.5437 0.899473 0.436646 -0.0170133 57.8305 0.00848017 0.0214844 0.999733 0
0.448364 -0.893809 0.00868728 29.7788 0.893807 0.448224 -0.0143356 58.3658 0.00891943 0.0141923 0.99986 0
0.453888 -0.890942 0.0144216 30.0344 0.89105 0.453753 -0.0117423 58.8358 0.00391786 0.0181801 0.999827 0
0.461411 -0.886909 0.0222009 30.2878 0.887185 0.461318 -0.00942989 59.2897 -0.00187821 0.0240473 0.999709 0
0.498713 -0.866637 -0.0150168 30.4893 0.866714 0.498799 -0.00246501 59.7871 0.00962665 -0.011786 0.999884 0
0.506439 -0.86221 -0.0106449 30.763 0.862251 0.506479 -0.00131851 60.1961 0.00652827 -0.00851087 0.999942 0
0.51774 -0.855509 -0.00704161 31.0275 0.855534 0.517745 0.00132822 60.5934 0.00250945 -0.00671201 0.999974 0
0.588479 -0.803593 -0.0890498 31.2041 0.807795 0.589018 0.0229058 61.0209 0.034045 -0.0854136 0.995764 0
0.650046 -0.745356 -0.147933 31.4176 0.75736 0.65137 0.0460777 61.3979 0.0620146 -0.141991 0.987923 0
0.693051 -0.698854 -0.176873 31.6649 0.71661 0.694572 0.0635609 61.7354 0.0784312 -0.1708 0.982179 0
0.727259 -0.654768 -0.205847 31.9473 0.679502 0.729145 0.0813862 62.0611 0.0968032 -0.199062 0.975194 0
0.734589 -0.659245 -0.160546 32.3439 0.674488 0.735229 0.0671148 62.3606 0.0737927 -0.157588 0.984744 0
0.74916 -0.635103 -0.188156 32.6029 0.657023 0.748565 0.0892835 62.675 0.0841431 -0.190511 0.978072 0
0.753826 -0.642461 -0.137801 32.9921 0.655089 0.751124 0.08168 62.9508 0.0510295 -0.151845 0.987086 0
0.78569 -0.613479 -0.0795941 33.3515 0.618011 0.784104 0.0569544 63.2193 0.0274697 -0.0939385 0.995199 0
0.842101 -0.52408 -0.127304 33.6278 0.535884 0.839693 0.0879992 63.4739 0.0607779 -0.142325 0.987952 0
0.860049 -0.497709 -0.112259 33.9883 0.504988 0.861787 0.0480607 63.707 0.0728232 -0.0980241 0.992516 0
0.895246 -0.417138 -0.156623 34.3042 0.431709 0.899039 0.0731873 63.9047 0.110281 -0.133136 0.984943 0
0.906538 -0.409211 -0.103614 34.6549 0.417507 0.905398 0.0770856 64.0976 0.0622673 -0.11314 0.991626 0
0.907721 -0.419006 -0.0218291 34.983 0.41953 0.907157 0.0325807 64.2779 0.0061509 -0.0387321 0.999231 0
0.903037 -0.423258 0.0733247 35.2987 0.424942 0.905182 -0.0083593 64.4411 -0.0628341 0.0387075 0.997273 0
0.943538 -0.327865 -0.0473452 35.5639 0.327021 0.944691 -0.0248103 64.5548 0.052861 0.00792655 0.99857 0
0.957581 -0.268168 -0.105474 35.9081 0.266691 0.963371 -0.0281312 64.6565 0.109154 -0.00119097 0.994024 0
0.968557 -0.246602 -0.0329288 36.3518 0.245495 0.968791 -0.0343016 64.7559 0.04036 0.0251392 0.998869 0
0.975869 -0.211259 -0.0552228 36.7224 0.208662 0.976747 -0.049248 64.821 0.0643427 0.0365367 0.997259 0
0.981779 -0.0969921 -0.163412 37.1524 0.0976101 0.995216 -0.00426233 64.8483 0.163044 -0.011766 0.986549 0
0.991681 -0.0567188 -0.115548 37.6543 0.0547085 0.998292 -0.0204981 64.8355 0.116513 0.0140061 0.99309 0
0.999091 -0.0298761 -0.0304056 38.1058 0.0293011 0.999386 -0.0191847 64.8094 0.0309601 0.0182764 0.999354 0
0.998865 0.047272 0.00583987 38.5141 -0.047078 0.998447 -0.0297966 64.7681 -0.00723934 0.0294878 0.999539 0
0.994205 0.0802037 0.0715824 38.8823 -0.0766409 0.995743 -0.0512073 64.7068 -0.0753847 0.0454244 0.996119 0
0.982846 0.113911 0.145046 39.2183 -0.109585 0.99327 -0.0374998 64.6261 -0.148342 0.0209616 0.988714 0
0.966619 0.136727 0.216687 39.531 -0.127353 0.990235 -0.0567176 64.5354 -0.222325 0.0272287 0.974592 0
0.974491 0.219152 0.0483731 39.86 -0.219977 0.975426 0.0123907 64.4224 -0.044469 -0.0227156 0.998752 0
0.953784 0.288515 -0.0839948 40.2536 -0.283058 0.95646 0.0711517 64.3095 0.100866 -0.0440879 0.993923 0
0.959977 0.2761 0.0470405 40.6005 -0.277422 0.960442 0.024238 64.2291 -0.0384876 -0.0363179 0.998599 0
0.941324 0.252968 0.223421 40.9273 -0.248798 0.967409 -0.0471046 64.1457 -0.228055 -0.0112461 0.973583 0
0.896098 0.240218 0.373233 41.2498 -0.217082 0.970648 -0.103528 64.0482 -0.387148 0.0117492 0.921943 0
0.838156 0.236885 0.491305 41.5794 -0.183346 0.970712 -0.155248 63.929 -0.513692 0.040043 0.85704 0
0.922207 0.303088 0.240151 42.0928 -0.299292 0.952686 -0.0530412 63.6945 -0.244864 -0.0229603 0.969285 0
0.886357 0.296038 0.355995 42.4322 -0.277475 0.95515 -0.103425 63.554 -0.370646 -0.0071084 0.928747 0
0.847536 0.311011 0.430065 42.83 -0.244017 0.947935 -0.204632 63.3935 -0.471316 0.0684904 0.879301 0
0.903617 0.426679 0.0376857 43.4483 -0.426279 0.904403 -0.0184836 62.9706 -0.0419696 0.000637449 0.999119 0
0.897521 0.440704 0.0153327 43.7702 -0.440683 0.897649 -0.00488844 62.8173 -0.0159177 -0.00236938 0.99987 0
0.892123 0.451567 0.0142768 44.2215 -0.45149 0.892237 -0.00842799 62.5819 -0.0165441 0.00107297 0.999863 0
0.887222 0.461166 0.0127789 44.6859 -0.461054 0.887306 -0.0108173 62.3436 -0.0163274 0.00370562 0.99986 0
0.883162 0.468888 0.0129726 45.163 -0.46883 0.883257 -0.00743191 62.0826 -0.0149429 0.000481641 0.999888 0
0.880085 0.474673 0.0116911 45.6519 -0.474597 0.88016 -0.00873893 61.8235 -0.0144382 0.00214243 0.999893 0
0.877588 0.479307 0.0102037 46.1542 -0.479221 0.87764 -0.00979135 61.5531 -0.0136482 0.00370297 0.9999 0
0.874904 0.484216 0.00882322 46.6711 -0.48414 0.874939 -0.00948855 61.2727 -0.0123143 0.00402989 0.999916 0
0.872408 0.488717 0.00776235 47.202 -0.48864 0.872428 -0.00997055 60.9809 -0.0116449 0.00490539 0.99992 0
0.870671 0.491822 0.00656253 47.7459 -0.491735 0.87067 -0.0113766 60.6765 -0.011309 0.00667823 0.999914 0
0.869266 0.49431 0.00590402 48.3045 -0.494218 0.869251 -0.0122878 60.3627 -0.0112061 0.0077635 0.999907 0
0.867981 0.496562 0.00591534 48.8775 -0.496462 0.867961 -0.0129659 60.0399 -0.0115727 0.00831744 0.999898 0
0.867152 0.498024 0.00443734 49.4632 -0.497909 0.867091 -0.0154994 59.7064 -0.0115667 0.011231 0.99987 0
0.867211 0.497932 0.00284254 50.0619 -0.497803 0.867092 -0.0185661 59.3628 -0.0117094 0.0146857 0.999824 0
0.868349 0.495872 -0.00898175 50.6872 -0.495908 0.867885 -0.0291651 59.0087 -0.00666703 0.0297796 0.999534 0
0.87141 0.490554 -0.00124216 51.328 -0.490481 0.87123 -0.0196913 58.654 -0.00857743 0.0177684 0.999805 0
0.873503 0.486818 -0.00115117 51.9741 -0.486731 0.873297 -0.021075 58.2995 -0.00925437 0.0189694 0.999777 0
0.875274 0.483626 -0.00116387 52.6268 -0.483523 0.875031 -0.0229518 57.9369 -0.0100817 0.0206519 0.999736 0
0.877523 0.479535 0.000171975 53.303 -0.479408 0.8773 -0.0226474 57.5704 -0.0110111 0.0197912 0.999744 0
0.879198 0.476452 0.00211142 53.9857 -0.476283 0.878988 -0.0231034 57.2007 -0.0128636 0.0193068 0.999731 0
0.88499 0.464823 -0.027051 54.7449 -0.465288 0.885044 -0.0143007 56.7886 0.0172941 0.0252425 0.999532 0
0.88366 0.466368 -0.0405632 55.4671 -0.468032 0.881915 -0.0563158 56.4081 0.00950942 0.0687489 0.997589 0
0.888064 0.459643 -0.00846505 56.1347 -0.458994 0.885476 -0.0725054 56.0682 -0.025831 0.0682748 0.997332 0
0.880039 0.472393 0.04875 56.812 -0.471689 0.881388 -0.0257741 55.7216 -0.0551432 -0.000312685 0.998478 0
0.878849 0.472626 0.0651823 57.5018 -0.470929 0.88125 -0.0402928 55.3694 -0.0764854 0.00471498 0.99706 0
0.867708 0.486567 0.101667 58.2043 -0.485058 0.873532 -0.0407528 55.0088 -0.108638 -0.0139526 0.993983 0
0.866367 0.485612 0.116573 58.9217 -0.481786 0.874168 -0.0609288 54.6391 -0.131492 -0.00337672 0.991311 0
0.863167 0.484878 0.140837 59.6538 -0.478967 0.874579 -0.0755146 54.2593 -0.159788 -0.00227445 0.987149 0
0.860144 0.482536 0.165259 60.4506 -0.472433 0.875851 -0.0984459 53.8768 -0.192246 0.00660409 0.981325 0
0.879772 0.47497 0.0200959 61.1888 -0.475237 0.879784 0.0114074 53.4769 -0.0122618 -0.0195862 0.999733 0
0.883689 0.467146 0.0294726 61.9364 -0.467547 0.883931 0.00816587 53.0741 -0.0222371 -0.0209959 0.999532 0
0.874354 0.485058 0.014978 62.7427 -0.485273 0.87416 0.0188243 52.7247 -0.00396226 -0.0237276 0.999711 0
0.878792 0.460872 -0.12378 63.4507 -0.450185 0.886702 0.105325 52.3219 0.158297 -0.0368344 0.986704 0
0.881856 0.459462 -0.105949 64.1552 -0.45454 0.888117 0.068126 51.9272 0.125397 -0.0119191 0.992035 0
0.882651 0.469471 -0.0228833 64.9556 -0.468879 0.882852 0.0269311 51.5873 0.0328459 -0.0130413 0.999375 0
0.882441 0.470105 0.0173121 65.6559 -0.470349 0.882359 0.0146703 51.2044 -0.00837894 -0.0210884 0.999743 0
0.881574 0.471402 0.0246524 66.3307 -0.471695 0.88173 0.00747114 50.8147 -0.0182149 -0.0182148 0.999668 0
0.879615 0.474703 0.0305657 67.0052 -0.474936 0.88002 0.000415843 50.4218 -0.026701 -0.0148825 0.999533 0
0.87723 0.478393 0.0400841 67.6797 -0.478628 0.878008 -0.00415177 50.0241 -0.0371803 -0.0155433 0.999188 0
0.874576 0.482507 0.0480035 68.3544 -0.482066 0.87588 -0.0211366 49.6201 -0.0522439 -0.00465535 0.998623 0
0.872236 0.486534 0.0498926 69.0301 -0.485448 0.873651 -0.0327846 49.2084 -0.0595396 0.00437566 0.998216 0
0.870078 0.490818 0.0454074 69.7668 -0.490448 0.871247 -0.0197374 48.8064 -0.0492485 -0.00509688 0.998774 0
0.845149 0.533799 0.0279614 70.4196 -0.533722 0.845591 -0.0107666 48.3719 -0.0293911 -0.00582427 0.999551 0
0.810638 0.584173 0.0400897 71.0705 -0.584099 0.811548 -0.0147744 47.9323 -0.0411655 -0.0114396 0.999087 0
0.804609 0.59373 0.00945237 71.719 -0.5938 0.804565 0.00872201 47.4879 -0.00242653 -0.0126306 0.999917 0
0.816839 0.576858 -0.00286281 72.4475 -0.576735 0.81675 0.0172133 47.094 0.0122679 -0.0124094 0.999848 0
0.811709 0.584054 -0.00303608 73.0402 -0.583937 0.811631 0.0165017 46.6344 0.0121021 -0.0116217 0.999859 0
0.844124 0.535954 0.0144599 73.672 -0.536103 0.844097 0.00967008 46.2393 -0.00702289 -0.0159148 0.999849 0
0.846529 0.532163 0.0138298 74.2504 -0.532302 0.846499 0.0096665 45.7781 -0.00656276 -0.0155446 0.999858 0
0.81417 0.580486 0.0127554 74.822 -0.580586 0.814175 0.00620702 45.3196 -0.00678203 -0.0124592 0.999899 0
0.817624 0.575619 0.01239 75.387 -0.575704 0.817645 0.00463314 44.8641 -0.00746372 -0.0109211 0.999913 0
0.787391 0.616336 0.0120562 75.9454 -0.616374 0.787453 -0.000681023 44.4124 -0.00991345 -0.00689492 0.999927 0
0.827316 0.561594 0.0126355 76.5928 -0.561579 0.827408 -0.00505961 44.0051 -0.0132961 -0.00290992 0.999907 0
0.799916 0.600011 0.0109555 77.1199 -0.599945 0.799991 -0.00891081 43.552 -0.0141109 0.00055517 0.9999 0
0.803069 0.595798 0.0101957 77.6409 -0.5957 0.803128 -0.0112449 43.1107 -0.0148882 0.00295684 0.999885 0
0.767148 0.641379 0.0107636 78.1552 -0.641281 0.767222 -0.0113927 42.6824 -0.0155651 0.00183738 0.999877 0
0.771395 0.636292 0.00903434 78.6615 -0.636186 0.771439 -0.0121788 42.2679 -0.0147187 0.00364717 0.999885 0
0.749119 0.662403 0.00654644 79.1595 -0.662306 0.749132 -0.0123516 41.8689 -0.0130859 0.00491708 0.999902 0
0.781051 0.624467 0.000937395 79.7038 -0.624367 0.780951 -0.0167642 41.5252 -0.0112008 0.0125084 0.999859 0
0.78648 0.617616 -5.40952e-05 80.1673 -0.617536 0.786376 -0.0161614 41.1549 -0.00993902 0.012744 0.999869 0
0.794089 0.6078 -0.000881459 80.6234 -0.607738 0.793986 -0.0155089 40.806 -0.00872644 0.0128511 0.999879 0
0.816028 0.578009 0.00193194 81.0553 -0.577994 0.816024 -0.00524052 40.4587 -0.00460557 0.00315976 0.999984 0
0.824602 0.56571 0.00196454 81.5198 -0.5657 0.824601 -0.00403215 40.1776 -0.00390099 0.00221358 0.99999 0
0.835125 0.550059 0.000680753 81.9761 -0.550057 0.835124 -0.00237775 39.9141 -0.00187641 0.00161126 0.999997 0
0.847452 0.53087 -0.00121102 82.4306 -0.53087 0.847453 0.000409766 39.6667 0.00124381 0.000295636 0.999999 0
0.861162 0.508322 -0.00288194 82.8881 -0.508314 0.861167 0.00295304 39.4356 0.00398292 -0.00107812 0.999991 0
0.875518 0.483165 -0.00451599 83.2979 -0.483186 0.875479 -0.00823379 39.1228 -2.46168e-05 0.0093909 0.999956 0
0.893476 0.449091 -0.00418298 83.7856 -0.44911 0.893434 -0.00875771 38.9135 -0.000195794 0.00970343 0.999953 0
0.912058 0.410047 -0.00327134 84.2734 -0.410057 0.911988 -0.0114478 38.7378 -0.0017107 0.0117825 0.999929 0
0.930373 0.366612 -0.000833316 84.7515 -0.36659 0.930287 -0.0133276 38.605 -0.00411082 0.0127051 0.999911 0
0.946419 0.32292 0.00367678 85.2457 -0.322852 0.946366 -0.0125674 38.5239 -0.00753782 0.0107069 0.999914 0
0.961399 0.275062 0.00722663 85.7384 -0.274979 0.96139 -0.010734 38.4632 -0.00990012 0.00833246 0.999916 0
0.968456 0.247452 -0.0293491 86.1835 -0.247323 0.9689 0.00798586 38.4225 0.0304125 -0.000475236 0.999537 0
0.981967 0.186908 -0.0283933 86.6923 -0.186824 0.982377 0.0055806 38.3917 0.028936 -0.000175396 0.999581 0
0.992311 0.120822 -0.0268561 87.1905 -0.120847 0.992671 0.000701103 38.3865 0.026744 0.00254977 0.999639 0
0.998347 0.0514471 -0.025605 87.6784 -0.0516109 0.998651 -0.00577421 38.4108 0.0252734 0.00708616 0.999655 0
0.999523 -0.019883 -0.0236339 88.1569 0.0196501 0.999756 -0.0100462 38.4655 0.0238279 0.00957699 0.99967 0
0.995554 -0.0920796 -0.0198546 88.6251 0.0918622 0.995704 -0.0116006 38.5513 0.0208375 0.00972515 0.999736 0
0.98629 -0.164223 -0.0162205 89.0819 0.164001 0.986358 -0.0141652 38.6645 0.0183254 0.0113108 0.999768 0
0.972012 -0.234749 -0.00922288 89.5275 0.234541 0.971913 -0.0193761 38.8024 0.0135124 0.0166707 0.99977 0
0.952381 -0.304877 -0.00451211 89.9615 0.3047 0.952169 -0.0230691 38.9652 0.0113295 0.0205957 0.999724 0
0.927904 -0.3728 0.00385505 90.3826 0.37279 0.927651 -0.0221758 39.1539 0.00469101 0.0220141 0.999747 0
0.898371 -0.439179 0.00725489 90.7906 0.439226 0.898098 -0.0223641 39.3673 0.00330622 0.0232778 0.999724 0
0.910475 -0.347756 -0.22383 91.1789 0.361958 0.931872 0.0245242 39.7081 0.200053 -0.103346 0.97432 0
0.888601 -0.264534 -0.374712 91.5999 0.307372 0.949796 0.0583864 39.9821 0.340455 -0.167058 0.925301 0
0.875753 -0.384251 -0.292246 92.0487 0.409303 0.911986 0.02743 40.1746 0.255985 -0.143639 0.95595 0
0.844265 -0.501375 -0.189312 92.4434 0.511074 0.859532 0.0028215 40.4088 0.161305 -0.0991347 0.981913 0
0.794379 -0.600597 -0.0908065 92.7936 0.60233 0.798184 -0.0100129 40.6766 0.0784941 -0.0467415 0.995818 0
0.730088 -0.683306 0.00803547 93.1116 0.683343 0.729963 -0.0139867 40.9663 0.00369157 0.0157025 0.99987 0
0.655545 -0.746871 0.111554 93.409 0.752376 0.658629 -0.0117058 41.2746 -0.0647303 0.0916046 0.993689 0
0.574142 -0.790016 0.215023 93.6945 0.808912 0.58793 0.000202732 41.6018 -0.126578 0.173818 0.976609 0
0.739858 -0.668195 -0.078269 94.0918 0.669565 0.742671 -0.0110672 42.045 0.0655232 -0.0442181 0.996871 0
0.645427 -0.758678 0.088496 94.3805 0.761931 0.647641 -0.00474354 42.3813 -0.0537148 0.0704894 0.996065 0
0.735858 -0.671422 -0.0877743 94.801 0.674401 0.738341 0.00597867 42.8521 0.0607932 -0.0635945 0.996122 0
0.677508 -0.735108 0.0244906 95.0758 0.735011 0.677901 0.0144585 43.2014 -0.0272307 0.00820508 0.999596 0
0.676673 -0.736087 0.0170225 95.4339 0.735918 0.676885 0.0158529 43.5909 -0.0231914 0.00179992 0.999729 0
0.677707 -0.735219 0.0128784 95.8054 0.735058 0.677829 0.0154123 43.9873 -0.0200607 -0.000978656 0.999798 0
0.693613 -0.720266 -0.0108681 96.1934 0.720346 0.69356 0.00868193 44.3829 0.00128441 -0.0138507 0.999903 0
0.695935 -0.717967 -0.0140632 96.5893 0.718069 0.695962 0.00365381 44.7978 0.00716416 -0.0126412 0.999894 0
0.700537 -0.713366 -0.0188973 97.0031 0.713565 0.700557 0.00662676 45.222 0.00851137 -0.0181268 0.999799 0
0.703299 -0.71057 -0.0214723 97.4162 0.710866 0.70322 0.0122916 45.6578 0.00636572 -0.0239086 0.999694 0
0.706469 -0.707442 -0.0206751 97.8422 0.70774 0.706262 0.0172632 46.0988 0.00238932 -0.0268285 0.999637 0
0.708865 -0.705155 -0.0163334 98.2835 0.705339 0.708579 0.0203155 46.5415 -0.00275202 -0.0259215 0.99966 0
0.712614 -0.701405 -0.0145895 98.7465 0.701489 0.7121 0.028753 46.9829 -0.00977832 -0.0307241 0.99948 0
0.714191 -0.699864 -0.0110499 99.2067 0.699823 0.71367 0.0303767 47.442 -0.0133736 -0.0294277 0.999477 0
0.715046 -0.699022 -0.00880038 99.6773 0.698962 0.714643 0.0271483 47.9049 -0.0126882 -0.0255634 0.999593 0
0.71428 -0.699799 -0.00926981 100.157 0.699806 0.713997 0.0219036 48.3735 -0.00870951 -0.0221324 0.999717 0
0.713271 -0.700759 -0.0134567 100.642 0.700886 0.71309 0.0161665 48.8521 -0.00173301 -0.0209627 0.999779 0
0.711353 -0.702577 -0.0190487 101.135 0.702824 0.71123 0.0137592 49.3413 0.00388113 -0.0231755 0.999724 0
0.709569 -0.704347 -0.0201569 101.638 0.70462 0.709453 0.0136895 49.8401 0.00465821 -0.0239166 0.999703 0
0.708261 -0.705766 -0.0161309 102.15 0.70595 0.708059 0.0169411 50.3496 -0.000534825 -0.0233864 0.999726 0
0.706968 -0.707163 -0.0108251 102.67 0.707199 0.706661 0.0223439 50.8692 -0.0081511 -0.0234518 0.999692 0
0.705525 -0.708606 -0.0105395 103.195 0.708595 0.705122 0.0263646 51.3992 -0.0112504 -0.0260691 0.999597 0
0.704326 -0.709716 -0.0151015 103.722 0.709812 0.703814 0.0285107 51.9407 -0.00960584 -0.0308001 0.999479 0
0.702291 -0.711596 -0.0204636 104.257 0.711874 0.701794 0.0268588 52.4903 -0.00475142 -0.0334302 0.99943 0
0.699382 -0.714346 -0.0239727 104.801 0.714748 0.698976 0.0238262 53.0476 -0.000263774 -0.033798 0.999429 0
0.696832 -0.716835 -0.0239219 105.351 0.717234 0.696481 0.0221111 53.616 0.000811082 -0.0325653 0.999469 0
0.694441 -0.718545 -0.0380117 105.92 0.719527 0.693872 0.0287011 54.3054 0.00575223 -0.0472817 0.998865 0
0.69243 -0.720207 -0.0429197 106.483 0.721478 0.691466 0.0366752 54.827 0.00326379 -0.0563606 0.998405 0
0.691215 -0.721062 -0.0478654 107.049 0.722649 0.689756 0.0448924 55.3685 0.000645223 -0.0656202 0.997844 0
0.693225 -0.718815 -0.0523767 107.618 0.720113 0.687823 0.0913125 56.043 -0.0296109 -0.101017 0.994444 0
0.689653 -0.717921 -0.0947048 108.202 0.723758 0.687615 0.057958 56.6061 0.0235112 -0.108514 0.993817 0
0.689469 -0.723286 -0.0386 108.78 0.723976 0.689798 0.00616129 57.1883 0.0221698 -0.0321935 0.999236 0
0.688767 -0.719216 -0.091259 109.354 0.724422 0.687709 0.0476258 57.7854 0.0285064 -0.0989131 0.994688 0
0.688942 -0.723729 -0.0396807 109.926 0.724188 0.689592 -0.00386864 58.3954 0.0301633 -0.026071 0.999205 0
0.689838 -0.72182 -0.0556684 110.497 0.723135 0.690687 0.00528204 59.0179 0.0346368 -0.0438995 0.998435 0
0.69456 -0.719396 0.00741748 111.07 0.718591 0.694209 0.0412398 59.6514 -0.0348171 -0.0233134 0.999122 0
0.696304 -0.71774 -0.00331188 111.651 0.717038 0.695403 0.0476632 60.2919 -0.0319067 -0.0355628 0.998858 0
0.697987 -0.714245 0.0516498 112.239 0.715437 0.698641 -0.00706246 60.9373 -0.0310404 0.0418817 0.99864 0
0.699436 -0.713287 0.0448426 112.839 0.71421 0.699895 -0.00710096 61.5798 -0.0263201 0.0369937 0.998969 0
0.699719 -0.713327 0.0394633 113.448 0.714047 0.700068 -0.00646563 62.2148 -0.0230149 0.0327028 0.9992 0
0.700504 -0.712858 0.0335636 114.059 0.713398 0.700729 -0.00647872 62.8436 -0.0189006 0.0284826 0.999416 0
0.701066 -0.712671 0.0246222 114.671 0.712913 0.701251 -0.00156756 63.4696 -0.0161492 0.0186524 0.999696 0
0.701666 -0.712345 0.0151341 115.281 0.71233 0.701807 0.00733347 64.0935 -0.0158452 0.00563482 0.999859 0
0.702191 -0.711949 0.00750001 115.892 0.711757 0.702192 0.0181213 64.7123 -0.0181679 -0.00738644 0.999808 0
0.702701 -0.711158 -0.0215593 116.504 0.711452 0.702055 0.0309046 65.3415 -0.00684219 -0.0370551 0.99929 0
0.703017 -0.710612 -0.0282383 117.097 0.711159 0.702699 0.0215996 65.9209 0.00449412 -0.0352668 0.999368 0
0.703163 -0.710131 -0.0357267 117.692 0.710751 0.703405 0.00740015 66.4958 0.0198752 -0.0305963 0.999334 0
0.702112 -0.710997 -0.039014 118.286 0.711652 0.702519 0.00436343 67.0769 0.0243057 -0.030828 0.999229 0
0.701737 -0.711633 -0.0338216 118.877 0.71228 0.701785 0.012437 67.666 0.0148849 -0.0328179 0.99935 0
0.70062 -0.713203 -0.0217656 119.465 0.713524 0.70011 0.0270186 68.2581 -0.00403144 -0.03446 0.999398 0
0.700916 -0.712852 -0.0236347 120.046 0.713201 0.700126 0.0341759 68.8524 -0.00781507 -0.0408108 0.999136 0
0.699635 -0.714481 -0.00533593 120.616 0.713469 0.698203 0.0589417 69.4479 -0.0383871 -0.0450447 0.998247 0
0.698581 -0.715301 -0.0181484 121.183 0.71508 0.697015 0.0532036 70.0467 -0.0254069 -0.0501446 0.998419 0
0.695813 -0.718159 -0.00954847 121.759 0.71822 0.695716 0.0118023 70.7063 -0.00183289 -0.0150701 0.999885 0
0.695257 -0.718557 -0.017122 122.341 0.718753 0.694939 0.0213156 71.3104 -0.00341771 -0.0271263 0.999626 0
0.692921 -0.720828 -0.0163226 122.913 0.721003 0.692614 0.0209838 71.9062 -0.00382046 -0.0263088 0.999647 0
0.689574 -0.724017 -0.0169408 123.481 0.724211 0.689309 0.0192687 72.5013 -0.0022734 -0.0255559 0.999671 0
0.691262 -0.721837 -0.0332784 124.032 0.722556 0.691013 0.0203383 73.1089 0.00831485 -0.0381046 0.999239 0
0.69093 -0.721957 -0.0373216 124.587 0.722887 0.690478 0.0259718 73.707 0.00701924 -0.044924 0.998966 0
0.690377 -0.722436 -0.0382754 125.146 0.723435 0.689729 0.0302587 74.313 0.00453967 -0.0485797 0.998809 0
0.736491 -0.660813 -0.144594 125.719 0.671333 0.740265 0.0363371 74.9087 0.0830256 -0.123832 0.988824 0
0.669881 -0.742448 0.00549858 126.256 0.741788 0.669566 0.037849 75.5114 -0.0317826 -0.0212755 0.999268 0
0.668164 -0.743976 0.00751655 126.788 0.743348 0.667959 0.0355703 76.112 -0.0314842 -0.0181794 0.999339 0
0.681513 -0.731557 -0.019059 127.339 0.731748 0.680901 0.0303038 76.6999 -0.00919168 -0.0345989 0.999359 0
0.67576 -0.736987 -0.0140955 127.872 0.737076 0.675383 0.0240289 77.3024 -0.00818911 -0.0266272 0.999612 0
0.669023 -0.743193 -0.00848136 128.4 0.74315 0.668719 0.0233023 77.9095 -0.0116465 -0.0218927 0.999692 0
0.67176 -0.739749 -0.0388566 128.943 0.74073 0.671334 0.0250807 78.5227 0.00753233 -0.0456304 0.99893 0
0.664504 -0.74665 -0.0307846 129.481 0.74728 0.663791 0.0308917 79.127 -0.00263072 -0.0435324 0.999049 0
0.655793 -0.754658 -0.0206482 129.994 0.754774 0.654829 0.038935 79.7481 -0.0158616 -0.0411181 0.999028 0
0.644269 -0.764664 -0.014396 130.498 0.764486 0.643352 0.0407455 80.3715 -0.0218949 -0.0372566 0.999066 0
0.629272 -0.777185 -0.000807155 131.017 0.775434 0.627784 0.0677401 80.9923 -0.0521399 -0.0432529 0.997703 0
0.611111 -0.79148 0.0100922 131.511 0.789417 0.610354 0.0654906 81.6151 -0.0579943 -0.0320551 0.997802 0
0.591282 -0.805891 0.030416 132.005 0.806099 0.591729 0.00779196 82.2502 -0.0242775 0.019911 0.999507 0
0.612752 -0.788944 0.0458557 132.502 0.789377 0.61379 0.0120903 82.894 -0.0376843 0.0287891 0.998875 0
0.614673 -0.787667 0.0419387 133.008 0.786162 0.616094 0.048751 83.5758 -0.0642378 0.00300473 0.99793 0
0.577234 -0.815193 0.0475471 133.513 0.815017 0.578752 0.0281636 84.2298 -0.0504767 0.0224947 0.998472 0
0.56018 -0.827915 0.0274676 134.003 0.828371 0.559842 -0.0194675 84.8783 0.000739915 0.0336586 0.999433 0
0.542084 -0.840318 -0.00331963 134.496 0.84031 0.542048 0.00788434 85.5319 -0.00482595 -0.00706349 0.999963 0
0.513563 -0.858018 -0.00756521 134.993 0.85736 0.512775 0.0446737 86.2051 -0.0344516 -0.0294289 0.998973 0
0.532238 -0.846591 -0.00267691 135.469 0.845417 0.531328 0.0544216 86.874 -0.0446505 -0.0312283 0.998514 0
0.599841 -0.800087 0.00720728 135.946 0.798626 0.599247 0.0556827 87.5484 -0.0488699 -0.0276448 0.998423 0
0.630536 -0.775978 0.0167997 136.424 0.77424 0.630351 0.0566618 88.2288 -0.054558 -0.0227203 0.998252 0
0.591772 -0.805849 0.020345 136.879 0.805563 0.592111 0.0217534 88.9231 -0.0295765 0.0035161 0.999556 0
0.590163 -0.807279 -0.00292335 137.361 0.807143 0.590123 -0.0165589 89.6043 0.0150928 0.00741288 0.999859 0
0.582153 -0.811904 -0.0437038 137.839 0.812805 0.582511 0.00535772 90.2846 0.021108 -0.0386417 0.99903 0
0.55346 -0.832323 -0.0303442 138.267 0.832693 0.552206 0.0411179 90.9752 -0.0174671 -0.0480245 0.998693 0
0.545481 -0.837536 -0.0313611 138.739 0.837861 0.543992 0.0454094 91.6531 -0.0209719 -0.0510462 0.998476 0
0.576636 -0.816447 -0.0300799 139.209 0.816718 0.575074 0.047563 92.3375 -0.0215345 -0.0519933 0.998415 0
0.57327 -0.819259 -0.0132477 139.675 0.818464 0.571805 0.0561745 93.0267 -0.0384464 -0.0430459 0.998333 0
0.563027 -0.825307 -0.0432249 140.085 0.826234 0.560957 0.0516121 93.7373 -0.0183485 -0.064773 0.997731 0
0.558915 -0.828242 -0.0403699 140.558 0.82914 0.5575 0.041479 94.4175 -0.0118484 -0.0566555 0.998324 0
0.553218 -0.832231 -0.0366278 141.027 0.833031 0.552518 0.0279899 95.0984 -0.00305655 -0.0459966 0.998937 0
0.54704 -0.836225 -0.0384081 141.485 0.837105 0.546539 0.023461 95.7882 0.00137285 -0.0449857 0.998987 0
0.544232 -0.838424 -0.0292712 141.864 0.838924 0.543719 0.0240217 96.5259 -0.00422508 -0.0376297 0.999283 0
0.537474 -0.842938 -0.0240206 142.327 0.843243 0.536966 0.0246565 97.2202 -0.00788566 -0.0335075 0.999407 0
0.531205 -0.847062 -0.0175242 142.783 0.847183 0.530806 0.0229437 97.9218 -0.0101328 -0.027034 0.999583 0
0.530165 -0.847846 -0.00903983 143.168 0.847865 0.530027 0.0140325 98.6625 -0.00710604 -0.0151041 0.999861 0
0.527321 -0.849624 -0.0084459 143.618 0.849655 0.527239 0.0102426 99.3661 -0.00424936 -0.0125772 0.999912 0
0.484341 -0.874843 -0.00799255 144.059 0.874876 0.484345 0.00157246 100.074 0.0024955 -0.0077541 0.999967 0
0.505288 -0.862209 -0.0357608 144.442 0.86189 0.506288 -0.0286024 100.802 0.0427665 -0.0163694 0.998951 0
0.512823 -0.858067 -0.0270839 144.873 0.858284 0.51314 -0.00593418 101.53 0.0189897 -0.0202025 0.999616 0
0.531588 -0.844342 -0.0670886 145.296 0.845777 0.533411 -0.011566 102.283 0.0455515 -0.0505937 0.99768 0
0.521104 -0.851724 -0.0549272 145.718 0.853096 0.521746 0.00307003 103.028 0.0260432 -0.048458 0.998486 0
0.509842 -0.859163 -0.0435863 146.128 0.86016 0.509925 0.0100215 103.77 0.0136156 -0.0426006 0.998999 0
0.461531 -0.886446 -0.0346624 146.526 0.887026 0.46171 0.00315397 104.508 0.0132081 -0.0322021 0.999394 0
0.469281 -0.882661 -0.0261641 146.905 0.883049 0.46909 0.0133829 105.256 0.000460786 -0.0293845 0.999568 0
0.49837 -0.866598 -0.0251966 147.28 0.866783 0.49865 -0.00596559 106.006 0.017734 -0.0188669 0.999665 0
0.486891 -0.873362 0.0132604 147.667 0.873087 0.487071 0.0219459 106.742 -0.0256255 0.000892185 0.999671 0
0.474842 -0.880064 0.00355179 148.058 0.878788 0.474363 0.0520655 107.482 -0.0475058 -0.0216016 0.998637 0
0.463259 -0.885949 0.0220331 148.442 0.883872 0.463697 0.0612798 108.232 -0.0645075 -0.00891392 0.997877 0
0.454767 -0.889831 0.0372501 148.828 0.887355 0.456281 0.0663943 108.984 -0.0760762 0.00286015 0.997098 0
0.445783 -0.893772 0.0495001 149.217 0.891494 0.448274 0.0654958 109.74 -0.0807279 0.0149322 0.996624 0
0.434726 -0.898258 0.0643856 149.611 0.897443 0.438057 0.051989 110.496 -0.0749042 0.0351814 0.99657 0
0.419992 -0.904437 0.0748418 149.986 0.906918 0.421302 0.00190384 111.259 -0.0332529 0.0670758 0.997194 0
0.420359 -0.904313 0.0742741 150.406 0.907348 0.419335 -0.0296449 112.018 -0.00433745 0.0798539 0.996797 0
0.408136 -0.910309 0.0690175 150.776 0.912518 0.409034 -0.00122447 112.789 -0.0271158 0.0634795 0.997615 0
0.420677 -0.904665 0.0679075 151.161 0.905558 0.423249 0.0287275 113.551 -0.0547306 0.0494092 0.997278 0
0.453962 -0.88784 0.0752271 151.595 0.888628 0.45731 0.034747 114.31 -0.0652519 0.0510751 0.996561 0
0.450077 -0.892838 0.0164719 152.024 0.892816 0.450277 0.0114404 115.067 -0.0176313 0.00955729 0.999799 0
0.444457 -0.894402 -0.05003 152.443 0.895219 0.445486 -0.0111443 115.824 0.0322552 -0.0398346 0.998686 0
0.437412 -0.897834 -0.0506354 152.848 0.898827 0.438257 -0.00641863 116.577 0.0279542 -0.0427048 0.998697 0
0.472347 -0.880279 -0.0446945 153.242 0.881132 0.472869 -0.00127487 117.325 0.0222569 -0.0387795 0.999 0
0.50986 -0.859403 -0.0383318 153.623 0.860097 0.510118 0.00344562 118.069 0.0165926 -0.0347259 0.999259 0
0.505737 -0.862033 -0.0336081 153.991 0.862634 0.505755 0.00859168 118.808 0.00959115 -0.0333366 0.999398 0
0.499746 -0.865748 -0.0270851 154.348 0.866155 0.499688 0.00935371 119.54 0.00543614 -0.0281344 0.999589 0
0.454874 -0.890547 -0.00387299 154.665 0.890553 0.454857 0.00455766 120.314 -0.00229715 -0.00552226 0.999982 0
0.455523 -0.890206 0.00562524 155.03 0.890186 0.455436 -0.0121271 121.058 0.00823365 0.0105317 0.999911 0
0.453474 -0.891265 0.00281978 155.392 0.891214 0.453479 0.00973232 121.781 -0.00995278 -0.00190033 0.999949 0
0.452171 -0.891931 0.000928908 155.743 0.891853 0.452145 0.0127234 122.485 -0.0117684 -0.00492472 0.999919 0
0.452347 -0.891842 0.000406961 156.052 0.89176 0.452311 0.0134041 123.133 -0.0121384 -0.00570041 0.99991 0
0.51138 -0.856623 -0.0684615 156.413 0.857518 0.513871 -0.0244966 123.833 0.0561648 -0.0461799 0.997353 0
0.495454 -0.866971 -0.0537309 156.726 0.867736 0.496807 -0.0147631 124.465 0.0394931 -0.0393098 0.998446 0
0.479641 -0.876763 -0.0350956 157.032 0.876781 0.480462 -0.0202554 125.087 0.0346213 -0.0210559 0.999179 0
0.454416 -0.890466 -0.0240116 157.333 0.890488 0.454798 -0.0137385 125.699 0.023154 -0.015139 0.999617 0
0.454146 -0.890496 -0.0277215 157.639 0.890576 0.454621 -0.0139412 126.317 0.0250173 -0.0183568 0.999518 0
0.444571 -0.895724 -0.00588403 157.932 0.895743 0.444554 0.00396402 126.906 -0.000934899 -0.00703287 0.999975 0
0.42286 -0.905604 0.0327174 158.228 0.905684 0.423559 0.0183124 127.515 -0.0304415 0.021888 0.999297 0
0.419002 -0.90646 0.052609 158.512 0.905776 0.42132 0.0453725 128.114 -0.0632936 0.0286408 0.997584 0
0.388251 -0.917059 0.0909067 158.819 0.91598 0.394853 0.0712092 128.666 -0.101198 0.0556217 0.99331 0
0.379037 -0.920133 0.0984162 159.137 0.918011 0.387281 0.085253 129.225 -0.116559 0.0580331 0.991487 0
0.367276 -0.922898 0.115619 159.47 0.919551 0.378968 0.103965 129.792 -0.139765 0.0681342 0.987838 0
0.47494 -0.878944 0.0434657 159.817 0.877197 0.476792 0.0565313 130.369 -0.070412 0.011279 0.997454 0
0.464465 -0.884316 0.0475065 160.172 0.882999 0.46654 0.0515124 130.952 -0.0677169 0.0180225 0.997542 0
0.646061 -0.753797 -0.119978 160.529 0.757197 0.652755 -0.0237472 131.536 0.0962166 -0.0755045 0.992493 0
0.598575 -0.798618 -0.0625808 160.885 0.799248 0.600653 -0.0204886 132.113 0.0539519 -0.0377536 0.99783 0
0.620957 -0.782649 -0.0432779 161.239 0.78325 0.621689 -0.00460173 132.68 0.0305069 -0.03104 0.999052 0
0.525788 -0.845965 -0.0888261 161.553 0.846687 0.530523 -0.0408202 133.321 0.0816568 -0.0537452 0.99521 0
0.548464 -0.826316 -0.128021 161.913 0.829825 0.556714 -0.0382123 133.824 0.102847 -0.0852771 0.991035 0
0.477621 -0.878044 -0.0302753 162.223 0.87855 0.477537 0.0104249 134.416 0.00530404 -0.0315775 0.999487 0
0.498936 -0.864154 -0.0655757 162.58 0.8662 0.499661 0.00600563 134.886 0.0275759 -0.0597981 0.997829 0
0.442976 -0.896469 0.0107471 162.887 0.895542 0.443018 0.041714 135.476 -0.0421565 -0.00885385 0.999072 0
0.41119 -0.910059 0.0521114 163.252 0.908055 0.413945 0.0639247 135.957 -0.0797464 0.0210348 0.996593 0
0.520701 -0.852671 0.0426842 163.604 0.853156 0.521542 0.0108871 136.478 -0.0315447 0.0307473 0.999029 0
0.526502 -0.849688 -0.0287382 163.885 0.850173 0.526248 0.0163926 137.124 0.00119479 -0.0330632 0.999453 0
0.60761 -0.793132 -0.0418453 164.314 0.793192 0.608669 -0.0192033 137.656 0.0407006 -0.0215232 0.99894 0
0.592549 -0.803129 -0.0622013 164.751 0.803138 0.594974 -0.031229 138.2 0.062089 -0.0314515 0.997575 0
0.57858 -0.813946 -0.0523095 165.156 0.813925 0.580324 -0.0273781 138.771 0.0526408 -0.0267356 0.998256 0
0.602022 -0.787227 -0.133579 165.36 0.791261 0.610616 -0.0324653 139.439 0.107123 -0.086151 0.990506 0
0.585495 -0.804104 -0.103019 165.771 0.807261 0.589954 -0.0168582 140.039 0.074332 -0.0732926 0.994537 0
0.617197 -0.764216 -0.187198 166.04 0.775069 0.631475 -0.0225064 140.689 0.135411 -0.1312 0.982064 0
0.595549 -0.790762 -0.141482 166.468 0.797292 0.603375 -0.0162552 141.287 0.0982208 -0.103122 0.989807 0
0.619658 -0.750197 -0.230713 166.757 0.766055 0.642062 -0.0302599 141.916 0.170833 -0.157988 0.972551 0
0.593052 -0.783553 -0.185296 167.166 0.794004 0.607318 -0.0268778 142.523 0.133594 -0.131186 0.982315 0
0.556206 -0.821816 -0.123507 167.544 0.826146 0.562899 -0.025037 143.125 0.090098 -0.0881095 0.992028 0
0.517556 -0.853875 -0.0550806 167.893 0.854641 0.518998 -0.0151557 143.726 0.0415278 -0.0392302 0.998367 0
0.565124 -0.812114 -0.145279 168.166 0.817598 0.574843 -0.0329969 144.329 0.11031 -0.100133 0.98884 0
0.61387 -0.737771 -0.280816 168.493 0.759285 0.649154 -0.045671 144.932 0.215987 -0.185183 0.958674 0
0.586245 -0.791716 -0.171761 168.882 0.799769 0.599394 -0.0331244 145.541 0.129178 -0.11795 0.984582 0
0.535791 -0.843569 -0.0363334 169.226 0.843762 0.536528 -0.0142581 146.141 0.0315216 -0.0230174 0.999238 0
0.441733 -0.890562 0.108491 169.54 0.893857 0.44723 0.0317046 146.733 -0.0767554 0.0829706 0.993592 0
0.49599 -0.867835 0.0292707 169.804 0.868024 0.496427 0.00977095 147.324 -0.0230103 0.0205614 0.999524 0
0.397919 -0.901576 0.169771 170.161 0.909775 0.411628 0.0535838 147.934 -0.118192 0.133132 0.984026 0
0.486203 -0.87185 0.0590365 170.47 0.873322 0.48714 0.00172128 148.55 -0.0302598 0.050721 0.998254 0
