0.478682 -0.87775 0.0204598 0.683951 0.877971 0.478688 -0.00496789 0.553054 -0.0054333 0.0203412 0.999778 0
0.477308 -0.878566 0.0172601 1.09214 0.878732 0.477271 -0.00649758 1.30498 -0.00252919 0.0182683 0.99983 0
0.476481 -0.879055 0.0151279 1.49244 0.879184 0.476439 -0.00647646 2.09989 -0.00151436 0.0163861 0.999865 0
0.474753 -0.879995 0.0148054 1.90184 0.880119 0.474705 -0.00683776 2.86019 -0.001011 0.0162767 0.999867 0
0.47382 -0.880489 0.015302 2.32577 0.880621 0.473779 -0.00640232 3.61728 -0.0016126 0.0165088 0.999862 0
0.47276 -0.881035 0.0165895 2.75426 0.881188 0.472729 -0.00598515 4.39424 -0.00256922 0.017448 0.999845 0
0.471799 -0.881523 0.0179727 3.17553 0.881698 0.471786 -0.00519529 5.23014 -0.00389951 0.0182976 0.999825 0
0.470144 -0.882413 0.0176652 3.5959 0.882583 0.470123 -0.00559995 6.06177 -0.00336337 0.0182238 0.999828 0
0.469164 -0.882952 0.0167555 4.03032 0.883108 0.469125 -0.00644651 6.86093 -0.00216844 0.0178214 0.999839 0
0.467968 -0.883591 0.016499 4.45452 0.883743 0.467934 -0.00609122 7.6658 -0.00233829 0.0174313 0.999845 0
0.467699 -0.883747 0.0157617 4.87927 0.883875 0.467714 -0.00299433 8.48055 -0.00472572 0.0153318 0.999871 0
0.468343 -0.883382 0.0170428 5.30986 0.883499 0.468431 0.00132035 9.31458 -0.00914974 0.0144389 0.999854 0
0.469329 -0.882839 0.0180447 5.74899 0.882933 0.469475 0.00468514 10.1495 -0.0126078 0.0137334 0.999826 0
0.470839 -0.882028 0.018332 6.19199 0.882108 0.471008 0.00605488 10.9908 -0.0139751 0.0133199 0.999814 0
0.47282 -0.88095 0.0192001 6.63295 0.88109 0.472943 0.00216851 11.8264 -0.0109909 0.0158917 0.999813 0
0.474028 -0.880322 0.0181662 7.08592 0.880486 0.474066 -0.00242497 12.6824 -0.0064772 0.0171446 0.999832 0
0.47508 -0.879829 0.0141392 7.52984 0.879938 0.475067 -0.00445662 13.5167 -0.00279603 0.0145589 0.99989 0
0.475956 -0.879393 0.0115929 7.98213 0.879466 0.475947 -0.00365754 14.364 -0.00230122 0.0119364 0.999926 0
0.475711 -0.8795 0.0133953 8.45597 0.879582 0.475748 -0.000458782 15.233 -0.00596929 0.0120005 0.99991 0
0.474701 -0.879909 0.0204569 8.91832 0.880069 0.47484 0.00225892 16.1177 -0.0117014 0.0169312 0.999788 0
0.473512 -0.88021 0.0318702 9.38503 0.880708 0.473645 -0.00371508 16.9856 -0.0118251 0.0298275 0.999485 0
0.472336 -0.880646 0.0369011 9.86152 0.881367 0.472349 -0.00892175 17.8476 -0.00957332 0.0367375 0.999279 0
0.471168 -0.881376 0.034323 10.3403 0.882027 0.471044 -0.0121016 18.7022 -0.00550166 0.0359757 0.999338 0
0.469756 -0.882414 0.0260029 10.7954 0.882791 0.469651 -0.0103726 19.5793 -0.00305938 0.0278277 0.999608 0
0.468936 -0.882952 0.0222288 11.2658 0.883227 0.468874 -0.00824341 20.4561 -0.00314399 0.0234987 0.999719 0
0.467978 -0.883431 0.023347 11.7415 0.88372 0.467984 -0.00555254 21.3654 -0.00602072 0.0232306 0.999712 0
0.466545 -0.884167 0.0241955 12.208 0.884453 0.466622 -0.00270773 22.2732 -0.00889605 0.022663 0.999704 0
0.466091 -0.884367 0.0255842 12.6711 0.884675 0.466206 -0.00166688 23.1774 -0.0104534 0.0234106 0.999671 0
0.465582 -0.884617 0.0262127 13.1405 0.88491 0.465762 0.000891482 24.0744 -0.0129975 0.0227808 0.999656 0
0.464975 -0.884885 0.0278656 13.5903 0.885182 0.465234 0.00328066 24.9766 -0.015867 0.0231407 0.999606 0
0.464757 -0.884952 0.029335 14.0615 0.885283 0.465042 0.00335808 25.8728 -0.0166138 0.0244091 0.999564 0
0.464933 -0.88482 0.0305107 14.5292 0.885211 0.465187 0.00141064 26.7465 -0.0154414 0.0263526 0.999534 0
0.465306 -0.884694 0.0284187 14.9788 0.885051 0.465495 3.019e-05 27.6297 -0.0132555 0.0251379 0.999596 0
0.464694 -0.88509 0.0259844 15.4372 0.885393 0.464843 -0.000347054 28.5226 -0.0117715 0.0231676 0.999662 0
0.463566 -0.885616 0.0281371 15.8924 0.885975 0.463734 -0.000626001 29.4264 -0.0124937 0.0252189 0.999604 0
0.462988 -0.885814 0.0312381 16.3499 0.886258 0.463192 -0.000791759 30.2972 -0.0137679 0.0280516 0.999512 0
0.46265 -0.885917 0.0332657 16.8112 0.886444 0.462829 -0.00255228 31.16 -0.0131352 0.030669 0.999443 0
0.462017 -0.886541 0.0241886 17.2587 0.886841 0.462054 -0.00436382 32.0444 -0.00730772 0.0234676 0.999698 0
0.461884 -0.886762 0.0177939 17.7146 0.886931 0.461878 -0.0047174 32.9362 -0.00403538 0.0179608 0.999831 0
0.461613 -0.886891 0.0183701 18.1767 0.887066 0.461628 -0.00371271 33.8155 -0.00518736 0.0180093 0.999824 0
0.461499 -0.886777 0.0254005 18.632 0.887087 0.461596 -0.00225841 34.6933 -0.00972207 0.0235747 0.999675 0
0.461385 -0.886721 0.0291433 19.0792 0.887107 0.461564 -0.000635426 35.5606 -0.012888 0.0261463 0.999575 0
0.461164 -0.886788 0.0305705 19.5142 0.887232 0.461318 -0.00221833 36.3841 -0.0121355 0.0281461 0.99953 0
0.460723 -0.887005 0.0309209 19.9616 0.887474 0.460845 -0.00349451 37.2489 -0.0111501 0.0290515 0.999516 0
0.459887 -0.887422 0.0313979 20.41 0.887915 0.459988 -0.00433224 38.1148 -0.0105981 0.029871 0.999498 0
0.459258 -0.887652 0.0340022 20.8412 0.88822 0.459401 -0.00394509 38.9773 -0.0121188 0.0320133 0.999414 0
0.458383 -0.887929 0.038314 21.291 0.888619 0.45864 -0.00231612 39.8419 -0.0155158 0.0351082 0.999263 0
0.457699 -0.888153 0.0411708 21.7286 0.888892 0.458117 0.000804182 40.7093 -0.0195753 0.0362283 0.999152 0
0.456946 -0.888548 0.0410214 22.1409 0.88929 0.457343 0.000338846 41.5462 -0.019062 0.0363251 0.999158 0
0.455571 -0.889423 0.0371676 22.5676 0.890101 0.455744 -0.00417956 42.3527 -0.0132215 0.0349871 0.9993 0
0.45498 -0.889913 0.0323797 22.9697 0.890473 0.454958 -0.0084654 43.1736 -0.00719794 0.0326848 0.99944 0
0.453997 -0.890599 0.026832 23.3967 0.890988 0.45396 -0.00778906 44.051 -0.00524373 0.0274432 0.99961 0
0.453392 -0.89101 0.0231901 23.8272 0.891293 0.453397 -0.0053295 44.9049 -0.00576568 0.0230855 0.999717 0
0.452145 -0.891601 0.0247428 24.2107 0.891902 0.452221 -0.00277247 45.664 -0.00871727 0.0233217 0.99969 0
0.451032 -0.892192 0.0237262 24.5862 0.892455 0.451136 -0.00107117 46.4135 -0.00974807 0.0216577 0.999718 0
0.449997 -0.892737 0.0228555 24.9644 0.892977 0.450102 -0.000641814 47.1727 -0.00971435 0.0206983 0.999739 0
0.448569 -0.893469 0.0223353 25.3554 0.893698 0.448669 -0.00058385 47.9456 -0.00949951 0.0202229 0.99975 0
0.447273 -0.894133 0.0217605 25.7174 0.894349 0.447371 -0.000432858 48.6923 -0.00934797 0.0196551 0.999763 0
0.446172 -0.894654 0.0229084 26.0789 0.894894 0.446278 -0.000531511 49.4196 -0.00974799 0.0207377 0.999738 0
0.445129 -0.895181 0.0226075 26.4222 0.895394 0.445273 0.00151073 50.1454 -0.0114189 0.0195702 0.999743 0
0.443647 -0.895925 0.0222461 26.775 0.896084 0.443855 0.00519537 50.865 -0.0145287 0.0176294 0.999739 0
0.442165 -0.896692 0.0208238 27.1066 0.896765 0.442413 0.00912594 51.5574 -0.0173959 0.0146389 0.999742 0
0.440656 -0.897399 0.0223213 27.4315 0.89754 0.440886 0.00646131 52.2208 -0.0156395 0.0171871 0.99973 0
0.439835 -0.897768 0.0236058 27.72 0.898029 0.439936 -0.00099995 52.874 -0.00948732 0.0216385 0.999721 0
0.438677 -0.898375 0.0220402 28.0379 0.898641 0.438618 -0.0076864 53.5339 -0.00276198 0.0231781 0.999728 0
0.438462 -0.898638 0.0141752 28.3501 0.89875 0.438415 -0.00643496 54.1883 -0.000431921 0.0155614 0.999879 0
0.437836 -0.898979 0.011672 28.6648 0.899052 0.437833 -0.00297084 54.8116 -0.00243967 0.0117945 0.999928 0
0.436483 -0.899608 0.0137177 28.9313 0.899702 0.4365 -0.001922 55.422 -0.00425871 0.0131807 0.999904 0
0.43572 -0.899907 0.0177365 29.2183 0.900075 0.43571 -0.00465233 55.9974 -0.00354128 0.0179913 0.999832 0
0.435732 -0.899809 0.0219447 29.4957 0.900077 0.435596 -0.0109196 56.5419 0.000266533 0.0245099 0.9997 0
0.436865 -0.899242 0.0226408 29.763 0.899513 0.436582 -0.0164907 57.088 0.0049446 0.0275699 0.999608 0
0.439289 -0.89812 0.0201317 30.0252 0.898318 0.43899 -0.0176919 57.6326 0.0070519 0.0258565 0.999641 0
0.443176 -0.896294 0.015894 30.2662 0.896427 0.443029 -0.0120016 58.1585 0.00371544 0.0195666 0.999802 0
0.447055 -0.894379 0.0150791 30.5184 0.894506 0.446976 -0.0084209 58.6667 0.000791475 0.0172529 0.999851 0
0.452002 -0.891799 0.0197002 30.7817 0.892011 0.451972 -0.00621365 59.1369 -0.00336262 0.0203814 0.999787 0
0.458809 -0.888177 0.0252248 31.0181 0.888509 0.458829 -0.00535688 59.6279 -0.00681602 0.0248702 0.999668 0
0.467904 -0.883337 0.0279445 31.2528 0.883731 0.467975 -0.00435257 60.1242 -0.00923253 0.026732 0.9996 0
0.481001 -0.876426 0.0226984 31.5251 0.876673 0.481084 -0.00200177 60.5562 -0.00916543 0.0208619 0.99974 0
0.496375 -0.867919 0.0181189 31.7803 0.868062 0.496455 -7.25845e-05 60.9822 -0.00893225 0.0157644 0.999836 0
0.51709 -0.855733 0.0184106 32.0485 0.855871 0.517189 0.000710282 61.3716 -0.0101296 0.0153898 0.99983 0
0.542922 -0.839439 0.0240282 32.2735 0.83969 0.543066 -0.000615227 61.726 -0.0125324 0.0205102 0.999711 0
0.568839 -0.821993 0.0273727 32.4992 0.822308 0.569043 -0.000378914 62.067 -0.0152648 0.0227243 0.999625 0
0.595788 -0.802638 0.0284486 32.7403 0.802943 0.596055 0.00117204 62.417 -0.0178977 0.0221443 0.999595 0
0.62496 -0.78015 0.0281302 33.0144 0.7804 0.625273 0.00312425 62.7721 -0.0200264 0.0200003 0.9996 0
0.661053 -0.749857 0.0269094 33.3261 0.750058 0.661362 0.00366028 63.0547 -0.0205415 0.0177639 0.999631 0
0.696214 -0.717358 0.0261622 33.6494 0.717517 0.696528 0.00438502 63.3321 -0.0213683 0.0157189 0.999648 0
0.731879 -0.680956 0.0255304 33.9576 0.681093 0.732185 0.00422584 63.6119 -0.0215706 0.0142958 0.999665 0
0.767882 -0.640128 0.024352 34.2656 0.640252 0.768158 0.00337382 63.8511 -0.0208659 0.0130007 0.999698 0
0.803637 -0.59465 0.0236357 34.5921 0.594763 0.803896 0.00267524 64.0668 -0.0205914 0.0119077 0.999717 0
0.839187 -0.543336 0.0234817 34.9468 0.543436 0.839447 0.00242107 64.246 -0.0210271 0.0107291 0.999721 0
0.872459 -0.48812 0.0235568 35.3027 0.488224 0.872717 0.00152588 64.4121 -0.0213032 0.0101697 0.999721 0
0.902548 -0.429966 0.0231412 35.6598 0.430091 0.902786 -0.000451294 64.5588 -0.0206975 0.0103601 0.999732 0
0.928702 -0.370111 0.023026 36.0193 0.370259 0.928926 -0.00237917 64.6988 -0.0205089 0.0107351 0.999732 0
0.950284 -0.31045 0.0241073 36.3836 0.310603 0.950536 -0.00280542 64.8159 -0.0220439 0.0101538 0.999705 0
0.967817 -0.250239 0.0266542 36.7681 0.250342 0.968157 -0.000530932 64.951 -0.0256726 0.00718649 0.999645 0
0.981498 -0.189334 0.0285429 37.1602 0.189381 0.981903 0.00109978 65.0519 -0.0282345 0.00432603 0.999592 0
0.991214 -0.129013 0.029148 37.5656 0.129084 0.991634 -0.000557049 65.129 -0.0288322 0.00431469 0.999575 0
0.997106 -0.0704046 0.0286901 37.9764 0.0705584 0.997498 -0.0043805 65.2012 -0.0283099 0.00639215 0.999579 0
0.999489 -0.0144035 0.0285386 38.3782 0.0145959 0.999872 -0.00654632 65.2553 -0.0284406 0.00695952 0.999571 0
0.998821 0.039417 0.0283456 38.7721 -0.0393219 0.999219 -0.00390369 65.2885 -0.0284774 0.00278448 0.999591 0
0.995753 0.0878371 0.0275875 39.0262 -0.087907 0.996128 0.00132751 65.031 -0.0273641 -0.00374701 0.999619 0
0.990844 0.132781 0.0244313 39.3486 -0.132702 0.991144 -0.004819 64.8895 -0.0248548 0.00153279 0.99969 0
0.984244 0.175177 0.0240051 39.7316 -0.17489 0.984494 -0.0135878 64.7849 -0.0260132 0.00917547 0.99962 0
0.976888 0.212152 0.0261164 40.1196 -0.211668 0.977135 -0.020095 64.7142 -0.0297824 0.0141025 0.999457 0
0.96893 0.245774 0.0277327 40.506 -0.245286 0.969248 -0.019848 64.7011 -0.031758 0.0124288 0.999418 0
0.960441 0.277082 0.027899 40.89 -0.276773 0.960827 -0.0144668 64.6687 -0.0308146 0.00617288 0.999506 0
0.952266 0.304289 0.0244401 41.2934 -0.304273 0.952575 -0.00447947 64.5819 -0.0246441 -0.00317081 0.999691 0
0.943969 0.329408 0.0203274 41.6886 -0.329498 0.944156 0.00114552 64.4814 -0.0188149 -0.00777918 0.999793 0
0.935827 0.35206 0.0167752 42.0961 -0.352128 0.935951 0.00116857 64.3521 -0.0152893 -0.00700059 0.999859 0
0.927992 0.372402 0.0121444 42.4949 -0.37244 0.928056 0.000969275 64.2206 -0.0109097 -0.00542254 0.999926 0
0.921152 0.389165 0.00550301 42.8751 -0.389164 0.921168 -0.00131879 63.9887 -0.00558242 -0.00092677 0.999984 0
0.914022 0.405664 0.000760912 43.2601 -0.405658 0.914016 -0.0040132 63.7452 -0.00232349 0.00335948 0.999992 0
0.907536 0.419951 0.00448827 43.6719 -0.419931 0.907543 -0.00481734 63.5214 -0.00609635 0.00248714 0.999978 0
0.901237 0.433181 0.0112503 44.0949 -0.433144 0.901307 -0.00568391 63.3195 -0.0126021 0.000249545 0.999921 0
0.895113 0.445587 0.0150062 44.5223 -0.445535 0.895239 -0.00682375 63.1075 -0.0164747 -0.000577749 0.999864 0
0.889635 0.456493 0.0128327 44.9669 -0.456375 0.889718 -0.0111334 62.8479 -0.0164999 0.00404815 0.999856 0
0.884612 0.466211 0.0104159 45.4486 -0.466047 0.884634 -0.0149222 62.5783 -0.0161711 0.00834604 0.999834 0
0.880033 0.474846 0.00797507 45.9312 -0.47468 0.880003 -0.0165404 62.3562 -0.0148722 0.0107705 0.999831 0
0.876411 0.481512 0.0070934 46.4142 -0.481374 0.876384 -0.0151996 62.1171 -0.0135353 0.00990652 0.999859 0
0.87375 0.486318 0.00746203 46.9022 -0.486218 0.873755 -0.0120038 61.8608 -0.0123576 0.00686012 0.9999 0
0.871373 0.490571 0.00700968 47.4085 -0.490475 0.871374 -0.0119361 61.5406 -0.0119635 0.0069627 0.999904 0
0.869416 0.494024 0.0075522 47.9526 -0.493926 0.869424 -0.0117916 61.2221 -0.0123914 0.00652157 0.999902 0
0.867754 0.496929 0.00808499 48.4887 -0.496829 0.86777 -0.011723 60.9016 -0.0128414 0.00615583 0.999899 0
0.866097 0.499798 0.00885589 49.0279 -0.4997 0.866126 -0.0111769 60.5696 -0.0132565 0.00525496 0.999898 0
0.865248 0.50128 0.00797461 49.5992 -0.501188 0.865267 -0.0111726 60.2393 -0.0125008 0.00567031 0.999906 0
0.864529 0.502535 0.0070193 50.1741 -0.502441 0.864531 -0.0118023 59.9186 -0.0119994 0.00667661 0.999906 0
0.864434 0.502715 0.00564329 50.7578 -0.50261 0.864407 -0.0135797 59.5902 -0.0117048 0.00890238 0.999892 0
0.865924 0.500176 -0.000416713 51.407 -0.500043 0.865674 -0.0237826 59.2286 -0.0115348 0.0208023 0.999717 0
0.867615 0.497228 -0.00285352 52.0552 -0.497112 0.867255 -0.027351 58.8761 -0.011125 0.0251487 0.999622 0
0.869629 0.493698 -0.00271566 52.6972 -0.493589 0.86929 -0.0265388 58.522 -0.0107414 0.0244193 0.999644 0
0.871827 0.489807 -0.00245188 53.3569 -0.489697 0.871499 -0.0261914 58.1658 -0.0106919 0.0240351 0.999654 0
0.874056 0.485825 -0.00121062 54.0167 -0.485696 0.873762 -0.0252866 57.8039 -0.011227 0.0226899 0.99968 0
0.87622 0.481911 0.00102436 54.7193 -0.481757 0.875989 -0.0235207 57.4306 -0.0122322 0.0201158 0.999723 0
0.878316 0.478071 0.00310822 55.4234 -0.477895 0.878138 -0.0221566 57.0511 -0.0133219 0.0179751 0.99975 0
0.880119 0.474735 0.00405884 56.1257 -0.47456 0.879974 -0.0209698 56.6627 -0.0135268 0.0165298 0.999772 0
0.881876 0.471479 0.00137963 56.8261 -0.471314 0.881639 -0.024006 56.2625 -0.0125346 0.0205201 0.999711 0
0.882817 0.469717 0.000584561 57.5339 -0.46961 0.88264 -0.0203283 55.8873 -0.0100645 0.0176717 0.999793 0
0.883187 0.469021 0.000655437 58.261 -0.468965 0.883103 -0.0141861 55.509 -0.0072324 0.0122216 0.999899 0
0.882796 0.469752 0.00212251 59.0137 -0.469717 0.88277 -0.00910444 55.1469 -0.00615052 0.00704038 0.999956 0
0.88232 0.470625 0.00496274 59.7666 -0.470608 0.882333 -0.00421449 54.7506 -0.00636222 0.00138302 0.999979 0
0.882348 0.470561 0.00586133 60.4622 -0.470538 0.882366 -0.00494733 54.3733 -0.00749986 0.00160728 0.999971 0
0.882626 0.47002 0.00728704 61.1771 -0.470003 0.882656 -0.00392157 53.988 -0.00827516 3.63468e-05 0.999966 0
0.882949 0.469402 0.00792403 61.895 -0.469392 0.882984 -0.00322965 53.6118 -0.0085128 -0.000867856 0.999963 0
0.882941 0.469421 0.00775086 62.627 -0.469416 0.882974 -0.00257175 53.2387 -0.00805103 -0.00136768 0.999967 0
0.882637 0.470011 0.00640149 63.3585 -0.470003 0.882661 -0.00270756 52.8685 -0.00692292 -0.000618935 0.999976 0
0.881719 0.471715 0.00757775 64.0828 -0.47173 0.881743 0.000313453 52.5046 -0.00653376 -0.00385103 0.999971 0
0.880045 0.47479 0.00978571 64.8141 -0.474838 0.880067 0.00325023 52.141 -0.0070689 -0.00750698 0.999947 0
0.877564 0.479273 0.013369 65.5536 -0.47939 0.877571 0.00739622 51.7719 -0.00818748 -0.0128996 0.999883 0
0.87425 0.485195 0.0165226 66.2942 -0.485369 0.874266 0.00873386 51.3631 -0.0102076 -0.0156552 0.999825 0
0.870626 0.491639 0.0173296 67.0266 -0.491803 0.870682 0.00664153 50.9534 -0.0118233 -0.014305 0.999828 0
0.866213 0.499416 0.0160722 67.728 -0.499528 0.86629 0.00364221 50.546 -0.0121042 -0.0111834 0.999864 0
0.861089 0.508225 0.0152991 68.411 -0.508316 0.861167 0.0025476 50.1405 -0.0118804 -0.00997052 0.99988 0
0.855776 0.517118 0.0153895 69.0873 -0.517223 0.855843 0.00361293 49.7573 -0.0113027 -0.0110517 0.999875 0
0.849839 0.526773 0.0168603 69.7585 -0.526925 0.84989 0.00611119 49.3466 -0.0111102 -0.0140776 0.999839 0
0.843466 0.536875 0.0181635 70.4319 -0.537049 0.843528 0.00627514 48.9031 -0.0119525 -0.0150476 0.999815 0
0.837308 0.546447 0.0176284 71.1092 -0.546585 0.837395 0.00385724 48.4581 -0.0126541 -0.0128651 0.999837 0
0.831393 0.555406 0.0176272 71.787 -0.555529 0.831493 0.00261433 48.0133 -0.0132048 -0.0119659 0.999841 0
0.826008 0.563348 0.0186994 72.4284 -0.563515 0.826092 0.00486473 47.5781 -0.0127069 -0.0145557 0.999813 0
0.820328 0.57157 0.0192421 73.0719 -0.571773 0.820382 0.00706846 47.1436 -0.0117457 -0.0168006 0.99979 0
0.813913 0.580745 0.016774 73.6715 -0.580894 0.81396 0.00560489 46.7504 -0.0103984 -0.0143058 0.999844 0
0.808152 0.588793 0.0145634 74.2614 -0.588912 0.808179 0.0054761 46.3507 -0.00854554 -0.0130021 0.999879 0
0.802811 0.596048 0.0148846 74.8586 -0.596179 0.802826 0.00647359 45.9049 -0.00809118 -0.014071 0.999868 0
0.797672 0.602905 0.0149932 75.4585 -0.603041 0.79768 0.00691018 45.4309 -0.00779355 -0.0145535 0.999864 0
0.792724 0.609411 0.0143486 76.061 -0.609521 0.792755 0.00478551 44.9503 -0.00845855 -0.0125393 0.999886 0
0.788863 0.614405 0.0142314 76.6609 -0.614482 0.78893 0.00131206 44.5083 -0.0104214 -0.00977995 0.999898 0
0.786381 0.617557 0.0151044 77.2062 -0.617597 0.786491 -0.00237505 44.0736 -0.0133462 -0.00746075 0.999883 0
0.784127 0.620392 0.0160904 77.7595 -0.620401 0.784269 -0.0050719 43.6331 -0.0157657 -0.00600546 0.999858 0
0.782716 0.622141 0.017212 78.3171 -0.622129 0.782887 -0.00665977 43.2023 -0.0176183 -0.00549536 0.99983 0
0.782054 0.623012 0.0157509 78.8548 -0.622955 0.782207 -0.00888748 42.7765 -0.0178574 -0.00286159 0.999837 0
0.782235 0.622839 0.0133872 79.3874 -0.622767 0.782349 -0.00950294 42.3708 -0.0163923 -0.000903566 0.999865 0
0.784686 0.619771 0.0123146 79.8332 -0.619726 0.784781 -0.00762027 41.9668 -0.0143871 -0.0016522 0.999895 0
0.78819 0.615366 0.00898373 80.3098 -0.615304 0.78824 -0.00888908 41.5896 -0.0125514 0.00147856 0.99992 0
0.792296 0.610116 0.00508692 80.7936 -0.610036 0.792289 -0.0116042 41.2233 -0.0111102 0.00609077 0.99992 0
0.798233 0.602348 0.000278805 81.268 -0.602261 0.798126 -0.0166521 40.8891 -0.0102529 0.0131244 0.999861 0
0.80552 0.592546 -0.00520898 81.7316 -0.592499 0.805258 -0.0224812 40.559 -0.00912657 0.0211954 0.999734 0
0.814641 0.579902 -0.00852769 82.1822 -0.579917 0.814296 -0.0248925 40.2431 -0.00749115 0.0252238 0.999654 0
0.827661 0.561169 -0.00823099 82.5806 -0.561209 0.827417 -0.0206593 39.978 -0.00478292 0.0217182 0.999753 0
0.841071 0.540864 -0.00804283 82.995 -0.540918 0.840902 -0.0170739 39.7319 -0.00247141 0.0187109 0.999822 0
0.855227 0.518201 -0.00743046 83.4305 -0.518254 0.85513 -0.0128603 39.4848 -0.000310216 0.0148494 0.99989 0
0.870607 0.49194 -0.00619187 83.9297 -0.491979 0.870543 -0.0105697 39.2436 0.000190646 0.0122483 0.999925 0
0.886947 0.461815 -0.00723905 84.4489 -0.461871 0.886863 -0.0122081 38.9972 0.000782193 0.0141714 0.999899 0
0.904836 0.425734 -0.00480769 84.9517 -0.425759 0.904734 -0.0136167 38.8194 -0.00144741 0.0143678 0.999896 0
0.923607 0.38334 -0.000180399 85.4003 -0.383303 0.923512 -0.0143291 38.6713 -0.0053263 0.0133036 0.999897 0
0.941259 0.337656 0.00447235 85.8597 -0.337572 0.941203 -0.0134813 38.5737 -0.00876145 0.0111797 0.999899 0
0.957505 0.288336 0.00675939 86.3505 -0.288237 0.957474 -0.0127726 38.5016 -0.0101547 0.0102815 0.999896 0
0.972081 0.234562 0.00616484 86.8265 -0.234468 0.972035 -0.0131323 38.4294 -0.00907278 0.0113202 0.999895 0
0.98439 0.175961 0.00379601 87.296 -0.175885 0.984293 -0.0152539 38.3921 -0.00642046 0.0143481 0.999877 0
0.993682 0.11223 -8.32764e-05 87.7685 -0.112212 0.993518 -0.0182071 38.3884 -0.00196064 0.0181014 0.999834 0
0.999048 0.0433179 -0.00526267 88.2442 -0.0434166 0.998849 -0.0203859 38.4216 0.00437354 0.020595 0.999778 0
0.999549 -0.0282783 -0.0100864 88.722 0.0280643 0.99939 -0.0207709 38.4815 0.0106677 0.0204784 0.999733 0
0.994838 -0.100538 -0.0138017 89.2044 0.100261 0.99477 -0.0195172 38.561 0.0156918 0.0180326 0.999714 0
0.984873 -0.172491 -0.0164708 89.6883 0.172174 0.984882 -0.0190654 38.6729 0.0195104 0.0159411 0.999683 0
0.970147 -0.24199 -0.0159691 90.1373 0.241652 0.970146 -0.0205259 38.7989 0.0204594 0.0160542 0.999662 0
0.951087 -0.308657 -0.0128317 90.5658 0.308373 0.951051 -0.0201992 38.9613 0.0184383 0.0152543 0.999714 0
0.927979 -0.372576 -0.00656313 90.9944 0.372416 0.927895 -0.0178245 39.1848 0.0127309 0.0140965 0.99982 0
0.900935 -0.433954 0.000147013 91.4397 0.433915 0.900849 -0.0137188 39.4521 0.00582091 0.0124236 0.999906 0
0.87162 -0.490162 0.00442729 91.8563 0.490179 0.871549 -0.011295 39.6867 0.00167778 0.0120151 0.999927 0
0.840026 -0.54249 0.00782315 92.241 0.542539 0.840003 -0.00683919 39.9524 -0.00286128 0.00998946 0.999946 0
0.809246 -0.587398 0.00920545 92.5738 0.587437 0.809267 -0.00208605 40.2159 -0.00622433 0.00709575 0.999956 0
0.779794 -0.625971 0.00901006 92.9085 0.625961 0.779843 0.00425496 40.4744 -0.00968991 0.00232195 0.99995 0
0.75632 -0.654182 0.0051688 93.2808 0.654137 0.756332 0.00814769 40.6952 -0.0092394 -0.00278116 0.999954 0
0.741127 -0.671359 0.0026294 93.6289 0.671328 0.741122 0.00751232 41.0425 -0.00699218 -0.0038024 0.999968 0
0.726733 -0.686913 0.00315318 93.9835 0.68689 0.726737 0.00605862 41.3834 -0.00645327 -0.00223712 0.999977 0
0.715014 -0.699071 0.00743251 94.3448 0.699058 0.71505 0.00460239 41.6967 -0.00853201 0.00190498 0.999962 0
0.706343 -0.707831 0.00741348 94.7114 0.707823 0.706378 0.00418432 42.0069 -0.00819851 0.00229186 0.999964 0
0.700123 -0.714019 0.00232131 95.0669 0.713991 0.700118 0.00720626 42.4161 -0.0067706 -0.00338787 0.999971 0
0.695617 -0.71841 -0.0019238 95.3783 0.718377 0.695554 0.0118111 42.8065 -0.00714711 -0.00959803 0.999928 0
0.69218 -0.721701 -0.00589125 95.7063 0.721703 0.692071 0.0135301 43.1944 -0.00568752 -0.013617 0.999891 0
0.690729 -0.723073 -0.00766917 96.0788 0.723111 0.690656 0.0102905 43.5744 -0.00214404 -0.0126536 0.999918 0
0.691896 -0.721965 -0.00683031 96.4484 0.721996 0.691879 0.00498909 43.9479 0.0011238 -0.0083834 0.999964 0
0.695664 -0.718333 -0.00699094 96.8319 0.718349 0.695683 -0.000325285 44.3627 0.00509714 -0.00479565 0.999976 0
0.699248 -0.714817 -0.00943814 97.2335 0.71482 0.699299 -0.00368845 44.775 0.00923665 -0.00416744 0.999949 0
0.702803 -0.711235 -0.0145698 97.637 0.711294 0.702893 -0.00154662 45.1966 0.011341 -0.00927641 0.999893 0
0.706042 -0.707911 -0.0191522 98.0817 0.708111 0.706074 0.00619388 45.6421 0.00913816 -0.017935 0.999797 0
0.70912 -0.704929 -0.014959 98.5234 0.705073 0.709084 0.00849397 46.0662 0.00461952 -0.0165704 0.999852 0
0.712311 -0.701735 -0.0134355 98.9698 0.701863 0.712145 0.0154432 46.5236 -0.00126898 -0.0204302 0.999791 0
0.716168 -0.697818 -0.0124273 99.402 0.69786 0.715735 0.0267351 46.9709 -0.00976158 -0.0278194 0.999565 0
0.718782 -0.69514 -0.0115233 99.8496 0.695096 0.718205 0.0319833 47.3675 -0.0139568 -0.0309988 0.999422 0
0.71952 -0.694372 -0.0117335 100.353 0.694378 0.719045 0.0285234 47.8551 -0.0113689 -0.0286706 0.999524 0
0.719109 -0.694736 -0.0149829 100.845 0.694884 0.718792 0.0217796 48.3166 -0.00436149 -0.0260733 0.999651 0
0.718277 -0.695546 -0.0171793 101.336 0.695754 0.718134 0.014501 48.8005 0.00225092 -0.0223683 0.999747 0
0.716419 -0.697385 -0.0199488 101.832 0.697634 0.71638 0.0103256 49.2982 0.00709001 -0.0213145 0.999748 0
0.714273 -0.6996 -0.0193372 102.334 0.699842 0.71421 0.0111705 49.7942 0.00599598 -0.0215117 0.999751 0
0.712604 -0.701362 -0.0169663 102.831 0.701566 0.712438 0.0154049 50.2823 0.00128305 -0.0228806 0.999738 0
0.710796 -0.703253 -0.0143128 103.377 0.703371 0.710439 0.0233846 50.8103 -0.00627694 -0.0266889 0.999624 0
0.709145 -0.704964 -0.0117763 103.887 0.704985 0.708722 0.0266304 51.3218 -0.0104273 -0.027187 0.999576 0
0.708233 -0.705841 -0.0139599 104.397 0.705916 0.707767 0.0273409 51.8485 -0.00941794 -0.0292183 0.999529 0
0.705896 -0.708072 -0.0185858 104.915 0.708311 0.705557 0.0220178 52.4064 -0.00247689 -0.0287068 0.999585 0
0.703359 -0.710357 -0.0260629 105.475 0.71083 0.703023 0.0219015 52.992 0.00276493 -0.0339309 0.99942 0
0.700191 -0.713353 -0.0293444 106.046 0.713947 0.699791 0.0239084 53.563 0.00347983 -0.0376908 0.999283 0
0.697581 -0.716015 -0.0265278 106.621 0.716505 0.697171 0.0239473 54.1403 0.00134777 -0.0357125 0.999361 0
0.695311 -0.71832 -0.0236471 107.188 0.718705 0.694832 0.0259085 54.722 -0.00217982 -0.0350098 0.999385 0
0.693853 -0.719811 -0.0209894 107.763 0.720098 0.69333 0.0274245 55.3162 -0.00518781 -0.034143 0.999404 0
0.693263 -0.720534 -0.0147368 108.354 0.720656 0.69291 0.0230241 55.9175 -0.00637839 -0.026582 0.999626 0
0.693445 -0.72038 -0.0136745 108.931 0.720471 0.693088 0.0234514 56.5215 -0.00741624 -0.0261143 0.999632 0
0.693667 -0.720187 -0.0125024 109.49 0.720258 0.693349 0.0222811 57.1316 -0.00737801 -0.0244606 0.999674 0
0.694201 -0.719589 -0.0166327 110.05 0.71976 0.693819 0.0236685 57.7361 -0.00549153 -0.0284023 0.999582 0
0.695086 -0.71859 -0.0220173 110.629 0.71892 0.694621 0.0255974 58.3669 -0.00310038 -0.0336211 0.99943 0
0.69614 -0.717327 -0.0288457 111.198 0.7179 0.695392 0.0324078 58.9636 -0.00318791 -0.0432686 0.999058 0
0.697899 -0.715435 -0.0330061 111.803 0.716181 0.696838 0.0387493 59.5856 -0.00472275 -0.0506814 0.998704 0
0.700396 -0.712941 -0.0340697 112.373 0.71374 0.699282 0.0397364 60.1902 -0.00450535 -0.0521481 0.998629 0
0.702202 -0.711179 -0.0337142 112.984 0.711973 0.701232 0.0369877 60.8324 -0.0026634 -0.0499764 0.998747 0
0.703902 -0.709696 -0.0292072 113.629 0.710293 0.703175 0.0320765 61.4776 -0.00222679 -0.0433244 0.999059 0
0.703487 -0.710279 -0.0246988 114.237 0.710704 0.702935 0.0279786 62.0886 -0.00251099 -0.0372361 0.999303 0
0.703697 -0.710136 -0.0227395 114.857 0.710494 0.703201 0.0265819 62.7154 -0.00288631 -0.0348619 0.999388 0
0.705343 -0.708491 -0.0230614 115.453 0.708847 0.704705 0.0304586 63.3252 -0.00532821 -0.0378308 0.99927 0
0.7064 -0.707438 -0.0230396 116.064 0.707743 0.705495 0.0371165 63.9485 -0.0100033 -0.0425252 0.999045 0
0.707133 -0.706705 -0.0230674 116.656 0.706927 0.705922 0.0439077 64.5665 -0.014746 -0.0473556 0.998769 0
0.707295 -0.706557 -0.0225958 117.257 0.706813 0.706278 0.0398286 65.173 -0.0121822 -0.0441416 0.998951 0
0.70796 -0.705795 -0.0254305 117.856 0.706253 0.707497 0.025595 65.7367 -7.2788e-05 -0.0360806 0.999349 0
0.707184 -0.706388 -0.0301151 118.426 0.706925 0.707171 0.0129037 66.3117 0.0121816 -0.0304144 0.999463 0
0.706793 -0.706871 -0.0278598 119.063 0.707378 0.706635 0.0168673 66.9392 0.00776368 -0.0316291 0.99947 0
0.70573 -0.708216 -0.0193721 119.66 0.708453 0.705194 0.0282191 67.5449 -0.00632407 -0.0336393 0.999414 0
0.703963 -0.710236 -0.000730981 120.316 0.709642 0.703332 0.0416281 68.2036 -0.0290517 -0.0298234 0.999133 0
0.703524 -0.710671 -0.000871185 120.861 0.710157 0.702967 0.0389067 68.7456 -0.0270374 -0.0279905 0.999243 0
0.702942 -0.711139 -0.0123953 121.389 0.711074 0.70228 0.0342961 69.3219 -0.0156843 -0.0329221 0.999335 0
0.702185 -0.711712 -0.0200356 121.979 0.711991 0.701821 0.0227265 69.9118 -0.00211328 -0.0302234 0.999541 0
0.700905 -0.712729 -0.0273983 122.563 0.713231 0.70068 0.0187042 70.5145 0.00586648 -0.0326512 0.99945 0
0.69881 -0.714838 -0.0259378 123.181 0.715304 0.698462 0.0221437 71.1577 0.00228746 -0.0340276 0.999418 0
0.695505 -0.718299 -0.0178548 123.713 0.718518 0.695206 0.020544 71.7325 -0.00234395 -0.0271174 0.99963 0
0.693072 -0.720701 -0.0155085 124.3 0.720866 0.692852 0.0175808 72.3358 -0.00192537 -0.0233643 0.999725 0
0.69064 -0.722956 -0.0187383 124.831 0.723198 0.690369 0.0193543 72.9132 -0.00105597 -0.0269183 0.999637 0
0.688299 -0.725118 -0.0211919 125.392 0.725427 0.687966 0.0214243 73.5488 -0.000955854 -0.0301195 0.999546 0
0.686807 -0.726512 -0.0218276 125.944 0.726833 0.686358 0.0250396 74.1363 -0.00321004 -0.0330624 0.999448 0
0.685715 -0.727551 -0.021558 126.514 0.727837 0.6851 0.0298722 74.7369 -0.00696418 -0.0361746 0.999321 0
0.685511 -0.72779 -0.0199233 127.082 0.728016 0.684899 0.0301126 75.3068 -0.00827017 -0.035147 0.999348 0
0.683371 -0.729792 -0.0202054 127.626 0.730057 0.682919 0.0252603 75.9168 -0.00463611 -0.0320133 0.999477 0
0.680337 -0.732612 -0.020506 128.167 0.732899 0.680061 0.0194012 76.5113 -0.000268208 -0.0282282 0.999602 0
0.675562 -0.737013 -0.0206643 128.692 0.737301 0.675357 0.0167329 77.1046 0.00162341 -0.0265399 0.999647 0
0.669542 -0.742535 -0.0188561 129.227 0.742774 0.6693 0.0180307 77.7314 -0.000768048 -0.0260781 0.99966 0
0.664734 -0.746925 -0.015216 129.767 0.747033 0.664326 0.024765 78.3287 -0.00838928 -0.027829 0.999578 0
0.661493 -0.74992 -0.0068982 130.34 0.749667 0.66096 0.0336272 78.9305 -0.0206583 -0.0274155 0.999411 0
0.658552 -0.752525 -0.00394646 130.861 0.752063 0.657943 0.0388853 79.5264 -0.0266656 -0.028576 0.999236 0
0.655071 -0.755542 -0.00613849 131.348 0.755207 0.654487 0.0361871 80.1301 -0.0233233 -0.028341 0.999326 0
0.650222 -0.759693 -0.0088765 131.844 0.759586 0.649802 0.0280437 80.7425 -0.0155366 -0.0249771 0.999567 0
0.644614 -0.764417 -0.0117959 132.355 0.764493 0.644425 0.0163551 81.3749 -0.00490057 -0.0195606 0.999797 0
0.638904 -0.769105 -0.0166992 132.9 0.769284 0.638689 0.0167016 82.0423 -0.00217969 -0.0235172 0.999721 0
0.633263 -0.773749 -0.017032 133.409 0.773915 0.632925 0.0215018 82.703 -0.00585702 -0.0267976 0.999624 0
0.626998 -0.778847 -0.0164625 133.904 0.778982 0.626617 0.0232067 83.3439 -0.00775882 -0.0273745 0.999595 0
0.61952 -0.784724 -0.0200728 134.402 0.784963 0.619126 0.0227291 83.9775 -0.00540844 -0.0298375 0.99954 0
0.61213 -0.790421 -0.0230369 134.895 0.790755 0.611808 0.0199241 84.6204 -0.00165425 -0.0304127 0.999536 0
0.605377 -0.795587 -0.023651 135.41 0.795939 0.605088 0.0187168 85.3068 -0.000579925 -0.0301555 0.999545 0
0.599486 -0.800004 -0.0247019 135.88 0.800363 0.598952 0.0259869 85.977 -0.00599443 -0.0353492 0.999357 0
0.592869 -0.804927 -0.0244815 136.365 0.805221 0.592112 0.0319834 86.6527 -0.0112485 -0.038675 0.999189 0
0.586251 -0.809848 -0.0213435 136.851 0.809937 0.585334 0.0372284 87.3156 -0.0176563 -0.0391121 0.999079 0
0.580868 -0.813794 -0.0182204 137.33 0.813699 0.579902 0.0400962 87.9798 -0.022064 -0.0381165 0.99903 0
0.576926 -0.816603 -0.0177625 137.811 0.816483 0.575967 0.0402197 88.6575 -0.0226129 -0.0377066 0.999033 0
0.573621 -0.818773 -0.0238583 138.295 0.81897 0.572714 0.0358634 89.3514 -0.0157 -0.0401113 0.999072 0
0.570776 -0.820473 -0.0322454 138.743 0.821069 0.569937 0.0319 90.0168 -0.00779522 -0.0446835 0.998971 0
0.568454 -0.821894 -0.0367373 139.205 0.82271 0.567736 0.0287111 90.6873 -0.00274047 -0.0465451 0.998913 0
0.565786 -0.823631 -0.0389758 139.668 0.824548 0.564991 0.0301109 91.3752 -0.00277926 -0.0491737 0.998786 0
0.563647 -0.825205 -0.0365925 140.138 0.825943 0.562454 0.0382626 92.0903 -0.0109929 -0.0517899 0.998598 0
0.561164 -0.827074 -0.0322915 140.606 0.827395 0.55946 0.0492188 92.7973 -0.0226418 -0.0543376 0.998266 0
0.556965 -0.830096 -0.0270228 141.049 0.830137 0.555394 0.0490992 93.4633 -0.0257488 -0.0497791 0.998428 0
0.552623 -0.833104 -0.0233624 141.484 0.833128 0.551449 0.0424479 94.1049 -0.0224803 -0.0429215 0.998826 0
0.546617 -0.837035 -0.0241187 141.926 0.837297 0.545921 0.0300803 94.8079 -0.0120113 -0.0366369 0.999257 0
0.541193 -0.840394 -0.0291127 142.385 0.840852 0.540476 0.0292181 95.5218 -0.00882008 -0.0402921 0.999149 0
0.53475 -0.8444 -0.0321125 142.82 0.844928 0.533781 0.0342623 96.2433 -0.0117901 -0.0454545 0.998897 0
0.528297 -0.848804 -0.0208602 143.277 0.848838 0.527436 0.0358621 96.9779 -0.0194374 -0.0366527 0.999139 0
0.522657 -0.852507 -0.00786493 143.717 0.852201 0.522163 0.033168 97.6541 -0.0241691 -0.024038 0.999419 0
0.517634 -0.855601 0.0010827 144.15 0.855223 0.517442 0.0291251 98.3783 -0.0254797 -0.0141502 0.999575 0
0.512305 -0.858788 0.0052144 144.559 0.85855 0.512292 0.0212086 99.0629 -0.020885 -0.00638846 0.999762 0
0.507493 -0.861621 0.00770455 144.987 0.861568 0.507549 0.00975426 99.7557 -0.0123149 0.00168777 0.999923 0
0.502002 -0.864844 0.0062374 145.431 0.864859 0.502014 0.000429866 100.453 -0.00350304 0.00517868 0.999981 0
0.496122 -0.868243 -0.0041607 145.858 0.868243 0.496086 0.00731083 101.185 -0.00428351 -0.00723956 0.999965 0
0.491369 -0.870931 -0.00591912 146.285 0.870762 0.491109 0.0241978 101.973 -0.0181677 -0.0170442 0.99969 0
0.486288 -0.873798 -0.000918521 146.703 0.873326 0.485991 0.0333913 102.729 -0.0287309 -0.01704 0.999442 0
0.482466 -0.875909 0.00312135 147.095 0.875338 0.482274 0.0345742 103.489 -0.0317892 -0.0139486 0.999397 0
0.48076 -0.87685 -0.00211832 147.488 0.876566 0.48054 0.0267143 104.223 -0.0224065 -0.0147 0.999641 0
0.479702 -0.877344 -0.0123627 147.864 0.877363 0.479441 0.0192596 104.947 -0.0109701 -0.0200855 0.999738 0
0.478155 -0.878084 -0.0183277 148.239 0.878268 0.477957 0.0142673 105.689 -0.00376809 -0.0229186 0.99973 0
0.476879 -0.878827 -0.0157881 148.642 0.878958 0.476705 0.0136428 106.416 -0.00446338 -0.020383 0.999782 0
0.476355 -0.879163 -0.0126137 149.068 0.879183 0.476086 0.0194815 107.179 -0.0111222 -0.0203699 0.999731 0
0.475967 -0.879406 -0.0100225 149.474 0.879247 0.475567 0.0275829 107.952 -0.0194902 -0.0219408 0.999569 0
0.474709 -0.880133 -0.00423318 149.87 0.879807 0.47439 0.0298945 108.728 -0.0243029 -0.0179156 0.999544 0
0.472551 -0.881302 0.00169064 150.261 0.881108 0.472486 0.0201648 109.446 -0.0185701 -0.00803926 0.999795 0
0.471259 -0.881977 0.00568394 150.663 0.88198 0.471279 0.00272517 110.159 -0.00508226 0.00372886 0.99998 0
0.470519 -0.882341 0.00927899 151.077 0.882382 0.470445 -0.00912536 110.898 0.00368642 0.0124813 0.999915 0
0.470007 -0.882654 0.00391675 151.477 0.88266 0.469991 -0.00444572 111.644 0.0020832 0.00554667 0.999983 0
0.467953 -0.883743 0.00414944 151.893 0.883722 0.467971 0.00622229 112.435 -0.00744073 0.0007552 0.999972 0
0.465804 -0.88485 0.00815701 152.288 0.884772 0.465873 0.0118713 113.229 -0.0143044 0.00168739 0.999896 0
0.465181 -0.885082 0.0153528 152.668 0.885147 0.465291 0.00442533 114.009 -0.0110603 0.0115309 0.999872 0
0.465399 -0.885039 0.010457 153.065 0.885076 0.465442 0.00205397 114.756 -0.00668499 0.00829933 0.999943 0
0.465668 -0.884951 0.00393722 153.434 0.88495 0.465679 0.00254376 115.507 -0.00408458 0.00229969 0.999989 0
0.465612 -0.884989 -0.000447617 153.818 0.884982 0.465606 0.0043405 116.243 -0.00363288 -0.00241712 0.999991 0
0.46538 -0.88511 -0.00132406 154.2 0.885092 0.46536 0.00719235 116.965 -0.00574986 -0.0045191 0.999973 0
0.46412 -0.885768 -0.00278783 154.575 0.885689 0.464031 0.0151721 117.69 -0.0121453 -0.00951085 0.999881 0
0.463167 -0.88627 -0.00117213 154.936 0.886155 0.463084 0.0168152 118.431 -0.01436 -0.00882692 0.999858 0
0.462372 -0.886686 0.00104229 155.299 0.886616 0.46235 0.0120756 119.174 -0.0111891 -0.00465931 0.999927 0
0.462055 -0.88685 0.00145846 155.664 0.886837 0.462056 0.00494924 119.908 -0.00506313 -0.000993405 0.999987 0
0.461803 -0.886973 -0.00423355 156.047 0.886981 0.461788 0.00404674 120.64 -0.00163435 -0.00562388 0.999983 0
0.460732 -0.887471 -0.0109719 156.437 0.887511 0.460584 0.0136407 121.37 -0.00705225 -0.0160224 0.999847 0
0.45854 -0.888668 -0.00328444 156.807 0.888452 0.458339 0.0240529 122.078 -0.0198697 -0.0139473 0.999705 0
0.457161 -0.889367 0.00556099 157.147 0.889051 0.457152 0.0245074 122.743 -0.0243383 -0.0062598 0.999684 0
0.456537 -0.889678 0.0069345 157.483 0.889465 0.456581 0.0196651 123.436 -0.0206617 -0.00280984 0.999783 0
0.456965 -0.88948 0.00273155 157.821 0.889393 0.45696 0.0129765 124.109 -0.0127906 -0.00350041 0.999912 0
0.458148 -0.888873 -0.00238896 158.149 0.888857 0.458119 0.00781294 124.772 -0.00585029 -0.00570293 0.999967 0
0.45929 -0.888221 -0.0107648 158.448 0.888283 0.45922 0.00839488 125.358 -0.00251308 -0.0134179 0.999907 0
0.461661 -0.886966 -0.012676 158.747 0.887057 0.461618 0.00624454 125.94 0.000312788 -0.0141272 0.9999 0
0.465302 -0.885057 -0.0129804 159.051 0.885151 0.465277 0.0050206 126.524 0.00159597 -0.0138257 0.999903 0
0.47014 -0.882517 -0.0114588 159.358 0.88259 0.470072 0.00819415 127.129 -0.00184503 -0.0139658 0.999901 0
0.475599 -0.879625 -0.00804173 159.678 0.879616 0.475461 0.0145585 127.724 -0.00898247 -0.0139976 0.999862 0
0.480649 -0.876881 -0.00752823 160.017 0.876761 0.480387 0.0227905 128.334 -0.0163681 -0.0175547 0.999712 0
0.485954 -0.873933 -0.00942475 160.327 0.873836 0.485644 0.0236915 128.916 -0.0161277 -0.0197487 0.999675 0
0.491847 -0.870612 -0.0109988 160.626 0.870618 0.491619 0.0182821 129.481 -0.0105094 -0.0185678 0.999772 0
0.498642 -0.866691 -0.0142375 160.929 0.866807 0.498592 0.00714023 130.047 0.000910349 -0.0159016 0.999873 0
0.505259 -0.862738 -0.0199095 161.252 0.862927 0.505325 0.00194675 130.609 0.00838126 -0.0181641 0.9998 0
0.511584 -0.859007 -0.0197436 161.62 0.859212 0.511599 0.00462913 131.194 0.00612436 -0.0193321 0.999794 0
0.517149 -0.85574 -0.0162913 161.976 0.855892 0.517106 0.00709739 131.762 0.0023508 -0.017614 0.999842 0
0.522271 -0.852729 -0.00928123 162.323 0.852772 0.522189 0.00996707 132.308 -0.00365266 -0.0131203 0.999907 0
0.527346 -0.849645 -0.00293925 162.682 0.849616 0.52729 0.0108732 132.841 -0.00768849 -0.00823116 0.999937 0
0.531206 -0.847241 -0.0019546 163.021 0.847191 0.531147 0.0122602 133.376 -0.00934916 -0.00816861 0.999923 0
0.531984 -0.846748 -0.00326663 163.359 0.846702 0.531904 0.0131963 133.911 -0.00943643 -0.0097861 0.999908 0
0.53125 -0.847211 -0.00259423 163.708 0.847146 0.531165 0.0144497 134.501 -0.010864 -0.00987408 0.999892 0
0.530677 -0.847574 -0.000405536 164.058 0.847479 0.53061 0.0152542 135.087 -0.0127139 -0.00843873 0.999884 0
0.530817 -0.847486 -0.000654057 164.42 0.847368 0.53073 0.0170976 135.67 -0.0141429 -0.00962994 0.999854 0
0.530833 -0.847428 -0.00903255 164.772 0.847405 0.530621 0.0185878 136.236 -0.0109589 -0.0175213 0.999787 0
0.530293 -0.847648 -0.0167996 165.11 0.847803 0.530074 0.0158846 136.789 -0.00455947 -0.0226663 0.999733 0
0.528448 -0.848745 -0.0193464 165.432 0.848956 0.528414 0.00723116 137.326 0.0040855 -0.0202455 0.999787 0
0.525027 -0.850918 -0.0168923 165.769 0.851028 0.525119 -0.00121839 137.879 0.00990723 -0.0137362 0.999857 0
0.521366 -0.853181 -0.0161453 166.109 0.853301 0.521417 0.00119558 138.457 0.0073984 -0.0144002 0.999869 0
0.517693 -0.855431 -0.0152342 166.429 0.855564 0.517566 0.0116698 139.069 -0.00209805 -0.0190752 0.999816 0
0.514328 -0.857571 -0.00616531 166.798 0.857433 0.51408 0.0230246 139.682 -0.0165757 -0.0171285 0.999716 0
0.51093 -0.859614 0.00371685 167.173 0.859147 0.510786 0.0310445 140.301 -0.0285848 -0.0126682 0.999511 0
0.508613 -0.860988 0.00353878 167.536 0.86055 0.508478 0.0300754 140.891 -0.0276939 -0.0122515 0.999541 0
0.506879 -0.862017 -0.000500355 167.882 0.861745 0.506705 0.0254053 141.497 -0.0216463 -0.0133086 0.999677 0
0.504135 -0.863617 -0.00378332 168.232 0.863497 0.503981 0.0194061 142.104 -0.0148527 -0.0130502 0.999805 0
0.501796 -0.864984 -0.001721 168.582 0.864937 0.501746 0.0116677 142.708 -0.00922883 -0.00734334 0.999931 0
0.500717 -0.865593 0.00564773 168.93 0.865568 0.500746 0.00681847 143.299 -0.0087301 0.00147437 0.999961 0
0.499923 -0.865946 0.0146219 169.287 0.865979 0.500044 0.00603884 143.905 -0.0125409 0.00964326 0.999875 0
0.499067 -0.866319 0.0205709 169.651 0.866385 0.499305 0.00841328 144.515 -0.0175598 0.0136236 0.999753 0
0.49807 -0.866851 0.0222558 169.996 0.866946 0.498335 0.00817496 145.126 -0.0181773 0.0152229 0.999719 0
0.497376 -0.867195 0.0243006 170.344 0.867401 0.497597 0.00368896 145.704 -0.015291 0.0192436 0.999698 0
0.496776 -0.867386 0.0292315 170.698 0.867788 0.496929 -0.00229362 146.288 -0.0125365 0.0265061 0.99957 0
