0.478682 -0.87775 0.0204598 0.683951 0.877971 0.478687 -0.00496789 0.553054 -0.0054333 0.0203412 0.999778 0
0.472809 -0.880859 0.0232108 0.674785 0.881162 0.472711 -0.00988926 0.807304 -0.00226094 0.0251282 0.999682 0
0.471249 -0.881837 0.0169485 1.08156 0.881995 0.471224 -0.00571044 1.56709 -0.00295086 0.0176396 0.99984 0
0.471574 -0.881698 0.015053 1.48828 0.881822 0.471559 -0.00475355 2.34326 -0.00290718 0.0155157 0.999875 0
0.469684 -0.882489 0.0247053 1.90466 0.882829 0.469601 -0.00941899 3.12559 -0.00328945 0.0262345 0.99965 0
0.467489 -0.8837 0.0229719 2.32428 0.883985 0.467471 -0.00646521 3.91088 -0.00502539 0.0233292 0.999715 0
0.466917 -0.883917 0.026051 2.74365 0.884273 0.466935 -0.00575083 4.72316 -0.00708086 0.0257213 0.999644 0
0.465486 -0.884675 0.025942 3.16429 0.885005 0.465572 -0.00299359 5.53722 -0.00942951 0.0243522 0.999659 0
0.464126 -0.885585 0.0180499 3.58455 0.885754 0.464142 -0.00354971 6.36177 -0.00523413 0.0176353 0.999831 0
0.463292 -0.88602 0.0181079 4.00838 0.886188 0.463315 -0.00320706 7.17251 -0.00554813 0.0175328 0.999831 0
0.462881 -0.886247 0.0175149 4.43102 0.886382 0.462954 0.000100709 7.99323 -0.00819785 0.0154783 0.999847 0
0.463355 -0.885997 0.0176556 4.85665 0.886096 0.463485 0.00392356 8.82301 -0.0116594 0.0138265 0.999836 0
0.464526 -0.885351 0.0192227 5.29113 0.885451 0.464699 0.0055343 9.65976 -0.0138326 0.01445 0.9998 0
0.466093 -0.884493 0.0207195 5.72678 0.884605 0.466299 0.00625061 10.5039 -0.0151901 0.0154152 0.999766 0
0.467786 -0.883613 0.0201124 6.16335 0.883735 0.467962 0.00490297 11.3471 -0.0137441 0.0154805 0.999786 0
0.469028 -0.883008 0.0176131 6.60738 0.883137 0.469115 0.000943701 12.1908 -0.00909588 0.0151122 0.999844 0
0.471021 -0.881946 0.0176266 7.05463 0.882118 0.470983 -0.0065043 13.0431 -0.00256541 0.0186124 0.999824 0
0.471663 -0.881605 0.0174992 7.50414 0.881777 0.471607 -0.0074705 13.8976 -0.00166671 0.0189539 0.999819 0
0.472294 -0.881174 0.0216825 7.9617 0.881429 0.472272 -0.00644782 14.7654 -0.00455838 0.0221568 0.999744 0
0.472412 -0.880929 0.0281343 8.4271 0.881338 0.472454 -0.00555387 15.6406 -0.0083996 0.0274195 0.999589 0
0.471088 -0.881831 0.021213 8.89497 0.88198 0.471268 0.00420244 16.5066 -0.0137029 0.0167298 0.999766 0
0.46771 -0.883451 0.0276015 9.35929 0.883776 0.467909 0.000859099 17.377 -0.013674 0.0239918 0.999619 0
0.462993 -0.886278 0.0122434 9.82522 0.886271 0.463099 0.00791594 18.2435 -0.0126856 0.00718593 0.999894 0
0.462964 -0.886345 -0.00751882 10.2909 0.886286 0.462779 0.0182381 19.1178 -0.0126857 -0.0151074 0.999805 0
0.460641 -0.887051 -0.0308212 10.7588 0.887409 0.459576 0.0359922 20.0087 -0.0177622 -0.0439305 0.998877 0
0.462662 -0.886535 0.000537296 11.2181 0.886437 0.46262 0.0145412 20.9091 -0.0131398 -0.00625139 0.999894 0
0.460789 -0.887503 -0.00346905 11.68 0.887366 0.460641 0.0198 21.819 -0.0159745 -0.0122019 0.999798 0
0.459815 -0.887997 -0.00562128 12.1398 0.8878 0.459556 0.0249062 22.7266 -0.0195334 -0.0164428 0.999674 0
0.459776 -0.888031 0.0026636 12.6033 0.887801 0.459721 0.0216034 23.6248 -0.020409 -0.00756797 0.999763 0
0.460095 -0.887518 0.0249691 13.058 0.887675 0.460401 0.00799707 24.528 -0.0185934 0.0184851 0.999656 0
0.45999 -0.887565 0.0252657 13.5114 0.887713 0.460314 0.0086929 25.4226 -0.0193457 0.01843 0.999643 0
0.459741 -0.887624 0.0276075 13.9696 0.887862 0.460064 0.00643118 26.3127 -0.0184097 0.021555 0.999598 0
0.460072 -0.887412 0.0288673 14.4235 0.887762 0.4603 0.00146221 27.2014 -0.0145852 0.0249545 0.999582 0
0.459933 -0.887505 0.0282126 14.8726 0.887846 0.46014 0.000963132 28.092 -0.0138365 0.0246054 0.999601 0
0.45881 -0.888025 0.0300773 15.3267 0.888421 0.459029 0.000441924 28.9806 -0.0141988 0.0265186 0.999547 0
0.457905 -0.888456 0.0311398 15.7831 0.888876 0.458148 0.000744559 29.864 -0.0149281 0.0273385 0.999515 0
0.457537 -0.888657 0.0307895 16.2309 0.889069 0.457773 0.00067878 30.7437 -0.0146978 0.0270634 0.999526 0
0.457116 -0.889028 0.0259528 16.6808 0.88935 0.457222 -0.00204391 31.6247 -0.0100491 0.0240154 0.999661 0
0.456976 -0.88917 0.0234518 17.1327 0.889452 0.457009 -0.00423548 32.5108 -0.00695165 0.0227948 0.999716 0
0.456697 -0.889376 0.0209228 17.5836 0.889611 0.456685 -0.00562902 33.4017 -0.00454884 0.0211839 0.999765 0
0.456524 -0.889346 0.0255109 18.0307 0.88964 0.456662 -0.000464808 34.2689 -0.0112365 0.0229077 0.999674 0
0.456164 -0.889465 0.0276757 18.4739 0.889794 0.456362 0.000937956 35.1294 -0.0134644 0.0241978 0.999617 0
0.455933 -0.889375 0.0337309 18.9122 0.889932 0.456078 -0.00370916 35.988 -0.0120851 0.0317094 0.999424 0
0.456088 -0.889049 0.0396887 19.3524 0.88988 0.456103 -0.00920477 36.8455 -0.00991862 0.0395163 0.99917 0
0.455091 -0.889702 0.0363725 19.7902 0.890371 0.455199 -0.00572481 37.7086 -0.0114633 0.0349903 0.999322 0
0.45424 -0.890032 0.0388539 20.2277 0.890716 0.45456 -0.000662884 38.5724 -0.0170715 0.0349089 0.999245 0
0.453379 -0.890391 0.0406357 20.6613 0.891078 0.453843 0.0025177 39.4413 -0.020684 0.0350681 0.999171 0
0.452507 -0.890769 0.0420391 21.0903 0.89141 0.453148 0.0066913 40.294 -0.0250104 0.0344462 0.999094 0
0.451822 -0.891146 0.0414105 21.5081 0.891831 0.452352 0.00393702 41.1375 -0.0222406 0.0351523 0.999134 0
0.450711 -0.891892 0.0372707 21.9283 0.892513 0.451021 -9.64422e-05 41.9796 -0.0167239 0.0333081 0.999305 0
0.449862 -0.892479 0.0332425 22.3405 0.893057 0.449885 -0.00720816 42.8122 -0.00852217 0.0329301 0.999421 0
0.449076 -0.893048 0.0282329 22.7491 0.893472 0.449062 -0.00720159 43.6516 -0.00624695 0.0284594 0.999575 0
0.448269 -0.893533 0.0255543 23.1557 0.893862 0.448327 -0.00373658 44.4838 -0.00811796 0.024517 0.999666 0
0.447161 -0.894104 0.0249969 23.5477 0.894392 0.447282 -0.000823424 45.2694 -0.0104445 0.0227253 0.999687 0
0.446039 -0.894673 0.0246841 23.9287 0.894944 0.446179 0.000165709 46.0404 -0.0111618 0.022017 0.999695 0
0.444897 -0.895257 0.0241105 24.3037 0.895512 0.445038 0.00052371 46.8008 -0.0111989 0.0213583 0.999709 0
0.4436 -0.895923 0.0232576 24.6756 0.896151 0.443747 0.00131556 47.5601 -0.0114991 0.0202587 0.999729 0
0.442369 -0.896533 0.0231794 25.0407 0.896757 0.442521 0.00160584 48.3096 -0.0116971 0.0200759 0.99973 0
0.440718 -0.89732 0.0241783 25.3965 0.897597 0.440814 -0.0014969 49.0529 -0.00931493 0.0223621 0.999707 0
0.43967 -0.89785 0.0235745 25.748 0.898128 0.439723 -0.00317091 49.7785 -0.00751924 0.0225671 0.999717 0
0.438497 -0.898432 0.0232215 26.083 0.898669 0.438627 0.000527079 50.485 -0.0106591 0.0206373 0.99973 0
0.437251 -0.898805 0.0310028 26.4089 0.899056 0.43772 0.01004 51.175 -0.0225946 0.0234832 0.999469 0
0.435721 -0.899754 0.0242928 26.7266 0.899897 0.43602 0.00850526 51.857 -0.0182448 0.0181551 0.999669 0
0.350115 -0.93653 0.0182093 27.036 0.936594 0.350308 0.00868161 52.5184 -0.0145094 0.0140151 0.999797 0
0.38167 -0.923733 0.0323263 27.345 0.924224 0.38185 -0.000655595 53.1799 -0.0117382 0.030127 0.999477 0
0.432603 -0.901014 0.0320657 27.6452 0.901563 0.432563 -0.00852221 53.8251 -0.00619182 0.032596 0.999449 0
0.434229 -0.899944 0.039311 27.9413 0.900768 0.43418 -0.0102208 54.4534 -0.00786988 0.0398483 0.999175 0
0.433228 -0.899944 0.0491476 28.2259 0.901237 0.433123 -0.0133224 55.0545 -0.00929753 0.0500653 0.998703 0
0.431476 -0.901952 0.0176196 28.5016 0.902116 0.431473 -0.00420716 55.6359 -0.0038077 0.0177102 0.999836 0
0.432455 -0.901526 0.0152733 28.7774 0.901656 0.432391 -0.00745203 56.198 0.00011419 0.0169939 0.999856 0
0.432426 -0.901449 0.0199628 29.0443 0.901664 0.43224 -0.0130346 56.7452 0.00312129 0.0236363 0.999716 0
0.435412 -0.899968 0.0217545 29.2958 0.90022 0.435162 -0.0153981 57.2794 0.00439106 0.0262884 0.999645 0
0.437791 -0.898907 0.0174915 29.5456 0.899073 0.437651 -0.0113461 57.8014 0.00254391 0.0206933 0.999783 0
0.44524 -0.89529 0.0147452 29.7865 0.895409 0.445217 -0.00503548 58.312 -0.00205662 0.015445 0.999879 0
0.446659 -0.894525 0.0179315 30.0359 0.894678 0.44671 -0.00125411 58.8055 -0.00688834 0.0166031 0.999838 0
0.452335 -0.891576 0.0220221 30.2896 0.891707 0.452565 0.00660696 59.2844 -0.015857 0.0166487 0.999736 0
0.460428 -0.887303 0.0264516 30.5327 0.887569 0.460663 0.00327215 59.7609 -0.0150887 0.021971 0.999645 0
0.486657 -0.873393 0.0187039 30.786 0.873322 0.486928 0.0144906 60.2008 -0.0217634 0.00928259 0.99972 0
0.492602 -0.870103 0.016277 31.0379 0.870096 0.492783 0.0098786 60.6287 -0.0166164 0.00929637 0.999819 0
0.521863 -0.852929 0.0130958 31.2772 0.852805 0.522016 0.0148985 61.0167 -0.0195436 0.00339322 0.999803 0
0.536885 -0.84339 0.0211899 31.5201 0.843492 0.537106 0.00619819 61.3889 -0.0166087 0.0145458 0.999756 0
0.565836 -0.824154 0.0245011 31.7505 0.824288 0.56613 0.00681575 61.7405 -0.019488 0.0163393 0.999677 0
0.593616 -0.804333 0.025852 32.0114 0.804465 0.593953 0.00746775 62.08 -0.0213614 0.016364 0.999638 0
0.630308 -0.775897 0.0263687 32.2754 0.776127 0.630573 0.00229675 62.4175 -0.0184094 0.0190178 0.99965 0
0.656014 -0.754229 0.0280156 32.5698 0.754417 0.656374 0.00531562 62.7259 -0.0223979 0.0176483 0.999593 0
0.690931 -0.722371 0.0281874 32.8752 0.72254 0.691307 0.00548004 63.0065 -0.0234448 0.0165802 0.999588 0
0.709256 -0.704527 0.0244296 33.1935 0.704657 0.709535 0.00426536 63.2717 -0.0203387 0.0141892 0.999692 0
0.769254 -0.638611 0.0206129 33.51 0.638702 0.769449 0.00262959 63.5127 -0.0175398 0.0111427 0.999784 0
0.79866 -0.601328 0.0234065 33.8371 0.601424 0.798922 0.00345046 63.7316 -0.0207748 0.0113215 0.99972 0
0.852758 -0.521628 0.0265985 34.179 0.521746 0.853096 0.00284694 63.9292 -0.0241762 0.0114499 0.999642 0
0.86972 -0.49285 0.0261892 34.5352 0.492947 0.870054 0.00309859 64.0886 -0.0243132 0.010215 0.999652 0
0.903516 -0.427705 0.0269781 34.8896 0.427831 0.903858 0.00120275 64.255 -0.0248988 0.0104554 0.999635 0
0.926278 -0.375998 0.0251718 35.2522 0.376124 0.926569 -0.000271755 64.3826 -0.0232213 0.00971945 0.999683 0
0.947612 -0.317941 0.0307308 35.6183 0.317983 0.948089 0.00364257 64.5081 -0.0302937 0.00632012 0.999521 0
0.966397 -0.255577 0.0275257 36.003 0.255651 0.966769 0.000846229 64.6311 -0.0268273 0.0062192 0.999621 0
0.980336 -0.195133 0.0293878 36.4014 0.195147 0.980771 0.00240482 64.7461 -0.029292 0.00337743 0.999565 0
0.990741 -0.131631 0.0332473 36.8091 0.131542 0.991299 0.00485604 64.8469 -0.0335972 -0.00043767 0.999435 0
0.996173 -0.0783981 0.0386505 37.2013 0.0783045 0.996922 0.00393434 64.8934 -0.03884 -0.000892776 0.999245 0
0.999225 -0.019896 0.0339576 37.5925 0.01999 0.999797 -0.00243112 64.9232 -0.0339024 0.00310805 0.99942 0
0.999041 0.0271717 0.0343185 37.9491 -0.0271945 0.99963 0.000195619 64.8803 -0.0343005 -0.00112871 0.999411 0
0.99648 0.0788032 0.0285818 38.2867 -0.0788753 0.996884 0.00140119 64.7745 -0.0283823 -0.00365066 0.99959 0
0.991911 0.12433 0.0255852 38.634 -0.124388 0.992233 0.000674425 64.6665 -0.0253027 -0.00385147 0.999672 0
0.985283 0.169132 0.0247454 38.9691 -0.168909 0.985572 -0.0108553 64.5144 -0.0262243 0.00651585 0.999635 0
0.978002 0.206915 0.0264235 39.3569 -0.206434 0.97826 -0.0198317 64.4672 -0.0299526 0.0139407 0.999454 0
0.970858 0.237917 0.0288149 39.7376 -0.237196 0.971105 -0.0263385 64.4093 -0.0342486 0.0187362 0.999238 0
0.962146 0.2712 0.0269169 40.1298 -0.270958 0.962512 -0.0123377 64.3603 -0.0292538 0.00457737 0.999562 0
0.956018 0.291824 0.0294665 40.5273 -0.291745 0.95647 -0.00703974 64.298 -0.0302382 -0.00186658 0.999541 0
0.942733 0.332468 0.0268098 40.9291 -0.332396 0.943112 -0.00721355 64.1979 -0.027683 -0.00211104 0.999615 0
0.9386 0.344488 0.0189331 41.3213 -0.344364 0.938788 -0.00957513 64.0501 -0.0210727 0.00246734 0.999775 0
0.929899 0.367712 0.00876285 41.7213 -0.367707 0.929939 -0.00225547 63.896 -0.00897828 -0.0011248 0.999959 0
0.92654 0.376167 -0.00464287 42.1113 -0.376117 0.926529 0.00895186 63.6826 0.00766915 -0.006548 0.999949 0
0.916313 0.400462 -0.00109448 42.5057 -0.400437 0.916282 0.00881268 63.4777 0.00453199 -0.0076369 0.999961 0
0.911035 0.412317 0.00300434 42.9173 -0.412324 0.910972 0.0108855 63.2614 0.0017514 -0.0111558 0.999936 0
0.903559 0.428321 0.0110424 43.3341 -0.428342 0.903617 -0.000489983 63.0401 -0.010188 -0.00428719 0.999939 0
0.897974 0.439806 0.0145638 43.7696 -0.439858 0.898067 0.000344349 62.8128 -0.0129278 -0.00671521 0.999894 0
0.892428 0.451062 0.010751 44.2251 -0.451097 0.892475 0.000919303 62.5755 -0.00918033 -0.00567015 0.999942 0
0.887383 0.460942 0.00915111 44.6888 -0.460944 0.887427 -0.00202135 62.3435 -0.00905266 -0.00242443 0.999956 0
0.882578 0.470069 0.00956787 45.171 -0.46993 0.882597 -0.0137413 62.0993 -0.0149039 0.00763154 0.99986 0
0.878835 0.477001 0.0108915 45.6592 -0.47686 0.878879 -0.0133013 61.8478 -0.0159171 0.00649588 0.999852 0
0.887714 0.460281 0.0102382 46.1557 -0.459714 0.887392 -0.0346255 61.5841 -0.0250228 0.0260309 0.999348 0
0.901118 0.433419 0.0116125 46.6675 -0.431901 0.899668 -0.063714 61.2901 -0.0380623 0.0523984 0.997901 0
0.837859 0.545878 0.00301473 47.1971 -0.545885 0.837858 0.00209742 60.9699 -0.00138098 -0.00340304 0.999993 0
0.848826 0.528571 0.0103912 47.7337 -0.526629 0.843653 0.10446 60.6523 0.0464481 -0.0941409 0.994475 0
0.869215 0.494257 0.0132241 48.2874 -0.494223 0.867752 0.0524379 60.3293 0.0144425 -0.0521155 0.998537 0
0.865964 0.499779 0.018114 48.8501 -0.5 0.864462 0.0520064 60.0033 0.0103328 -0.0540926 0.998482 0
0.866269 0.499309 0.0164186 49.4364 -0.499113 0.866412 -0.0147093 59.6769 -0.0215697 0.00454748 0.999757 0
0.86663 0.498748 0.0142439 50.0394 -0.498489 0.866703 -0.0183067 59.3436 -0.0214756 0.00876475 0.999731 0
0.868483 0.495713 0.00216748 50.6653 -0.495573 0.868327 -0.020405 59.0004 -0.0119971 0.0166473 0.999789 0
0.870311 0.492502 -0.000755456 51.3122 -0.492372 0.870044 -0.0243685 58.6489 -0.0113443 0.0215802 0.999703 0
0.872585 0.488461 -0.00135444 51.9634 -0.488349 0.872319 -0.0239561 58.3005 -0.0105201 0.0215652 0.999712 0
0.874563 0.484911 -0.00119883 52.6232 -0.48479 0.874284 -0.0246091 57.9427 -0.0108851 0.0221034 0.999696 0
0.877263 0.48001 0.000203698 53.2994 -0.479871 0.87702 -0.0236639 57.5827 -0.0115376 0.0206617 0.99972 0
0.878398 0.477924 0.00232676 53.9886 -0.477752 0.878194 -0.0229669 57.2128 -0.0130198 0.0190625 0.999734 0
0.880136 0.47468 0.00621701 54.6854 -0.474572 0.880112 -0.0135545 56.8298 -0.0119057 0.00897935 0.999889 0
0.882305 0.470636 0.00633512 55.3965 -0.470517 0.882274 -0.0143512 56.4502 -0.0123435 0.00968138 0.999877 0
0.887047 0.461619 0.00742569 56.1053 -0.461679 0.886949 0.0131864 56.0641 -0.000499119 -0.0151252 0.999885 0
0.885259 0.465091 0.00253509 56.8254 -0.465098 0.885247 0.00452918 55.6874 -0.000137697 -0.00518856 0.999987 0
0.88787 0.46009 0.00199921 57.5573 -0.460032 0.887669 0.0203819 55.3169 0.00760287 -0.0190162 0.99979 0
0.886844 0.462064 0.00208248 58.2958 -0.46203 0.886702 0.0169766 54.9432 0.00599776 -0.0160178 0.999854 0
0.886531 0.462651 0.0042511 59.0242 -0.46265 0.88637 0.0174107 54.563 0.00428702 -0.0174019 0.999839 0
0.885082 0.465381 0.00710719 59.7583 -0.465403 0.885098 0.00159393 54.1863 -0.00554877 -0.00471846 0.999973 0
0.885168 0.465207 0.00779911 60.4758 -0.465217 0.885197 -0.000569415 53.8088 -0.00716864 -0.00312425 0.999969 0
0.885149 0.465245 0.00759292 61.1951 -0.46523 0.885182 -0.00372765 53.4365 -0.00845539 -0.000232927 0.999964 0
0.885118 0.465295 0.00821041 61.9221 -0.465292 0.885154 -0.00236175 53.0688 -0.00836639 -0.00172981 0.999964 0
0.885202 0.46513 0.00844278 62.6545 -0.465147 0.885233 0.000128762 52.7058 -0.00741394 -0.00404112 0.999964 0
0.884082 0.467239 0.00929773 63.3891 -0.467284 0.884101 0.00336739 52.3387 -0.00664675 -0.00732173 0.999951 0
0.883569 0.468193 0.0100502 64.1235 -0.468239 0.883598 0.00268933 51.9787 -0.0076212 -0.0070821 0.999946 0
0.879946 0.474934 0.0114989 64.8618 -0.474987 0.87999 0.00218337 51.5928 -0.00908196 -0.00738307 0.999932 0
0.877268 0.479741 0.0158062 65.6008 -0.479889 0.877299 0.00727109 51.2104 -0.0103785 -0.0139639 0.999849 0
0.871197 0.490651 0.0166857 66.3264 -0.490826 0.871215 0.00863644 50.8083 -0.0102993 -0.0157138 0.999824 0
0.867549 0.497036 0.0177161 67.0345 -0.497271 0.867499 0.0129117 50.4101 -0.00895117 -0.0200112 0.99976 0
0.862354 0.506002 0.0175235 67.7224 -0.506251 0.862252 0.0152346 50.0114 -0.00740093 -0.022009 0.99973 0
0.858498 0.512543 0.0167567 68.4029 -0.512717 0.858517 0.00833824 49.6124 -0.0101122 -0.0157498 0.999825 0
0.852735 0.522037 0.0179038 69.0846 -0.522218 0.852782 0.00721162 49.1947 -0.0115033 -0.0154993 0.999814 0
0.846621 0.531886 0.0181657 69.7615 -0.532094 0.846634 0.00928638 48.7729 -0.0104404 -0.0175279 0.999792 0
0.840624 0.541283 0.019083 70.4361 -0.541471 0.840697 0.00617204 48.3341 -0.0127022 -0.0155212 0.999799 0
0.834804 0.550209 0.0193033 71.0973 -0.550403 0.834875 0.00638002 47.9055 -0.0126055 -0.0159506 0.999793 0
0.828305 0.560044 0.016184 71.7578 -0.560189 0.828342 0.00617039 47.4699 -0.00995018 -0.0141771 0.99985 0
0.822963 0.567817 0.0177508 72.3822 -0.568006 0.822986 0.00798893 47.0586 -0.0100724 -0.0166572 0.999811 0
0.81707 0.57619 0.0200349 73.0027 -0.576424 0.817107 0.00844769 46.6418 -0.0115032 -0.0184509 0.999764 0
0.812937 0.581751 0.0264459 73.6073 -0.582122 0.813054 0.00883761 46.2133 -0.0163607 -0.0225792 0.999611 0
0.806037 0.591474 0.0215352 74.2038 -0.591736 0.806088 0.00837835 45.7889 -0.0124037 -0.0194964 0.999733 0
0.801328 0.597827 0.0218175 74.8078 -0.598082 0.801401 0.00739293 45.331 -0.0130649 -0.0189728 0.999735 0
0.79624 0.604738 0.0171602 75.4031 -0.604901 0.796275 0.00633176 44.8699 -0.00983521 -0.0154218 0.999833 0
0.792397 0.609765 0.0171522 75.9857 -0.6099 0.79247 0.00362972 44.4239 -0.0113793 -0.0133373 0.999846 0
0.78985 0.61301 0.0188503 76.5592 -0.613091 0.79001 -0.00183282 43.981 -0.0160155 -0.0101093 0.999821 0
0.787605 0.615949 0.0168914 77.1193 -0.615982 0.787751 -0.00380768 43.5475 -0.0156515 -0.00740583 0.99985 0
0.787274 0.616303 0.0192531 77.6703 -0.616304 0.787481 -0.00659927 43.1182 -0.0192286 -0.00667032 0.999793 0
0.784983 0.618984 0.0256883 78.1977 -0.619018 0.78534 -0.00756598 42.7002 -0.0248573 -0.00996235 0.999641 0
0.786252 0.617501 0.0223802 78.7106 -0.617461 0.786544 -0.00945108 42.2924 -0.0234391 -0.00638797 0.999705 0
0.788735 0.614566 0.0143426 79.2104 -0.614479 0.788865 -0.0103093 41.8965 -0.0176502 -0.000681952 0.999844 0
0.793308 0.608806 0.00417839 79.6952 -0.608676 0.793251 -0.0162973 41.5194 -0.0132364 0.0103855 0.999858 0
0.795643 0.605765 0.00140051 80.1629 -0.605688 0.795576 -0.014183 41.158 -0.00970577 0.0104363 0.999898 0
0.802302 0.596912 -0.0029201 80.6371 -0.596868 0.80216 -0.0169589 40.8179 -0.00778055 0.015349 0.999852 0
0.809308 0.58737 -0.00427975 81.0957 -0.587328 0.809105 -0.0198673 40.4957 -0.0082067 0.0185924 0.999793 0
0.819028 0.573739 -0.00417784 81.5327 -0.573705 0.818841 -0.0190409 40.2026 -0.00750352 0.0179919 0.99981 0
0.830397 0.557048 0.0117754 81.9406 -0.556743 0.830401 -0.0217184 39.9272 -0.0218766 0.011479 0.999695 0
0.843823 0.536585 -0.00625358 82.3785 -0.536613 0.84369 -0.0153048 39.6682 -0.00293626 0.0162703 0.999863 0
0.857738 0.514038 -0.00711737 82.8538 -0.514087 0.857647 -0.0124895 39.4197 -0.000315897 0.0143717 0.999897 0
0.869996 0.492949 0.0104114 83.321 -0.492768 0.870014 -0.0159954 39.1829 -0.016943 0.00878558 0.999818 0
0.890637 0.453536 0.0327146 83.8214 -0.453586 0.89119 -0.00632308 38.9734 -0.0320227 -0.00920731 0.999445 0
0.907445 0.419946 0.0137158 84.3101 -0.419898 0.907549 -0.00636192 38.7794 -0.0151195 1.38308e-05 0.999886 0
0.929296 0.369336 -0.000204494 84.7897 -0.369331 0.929281 -0.00566485 38.6441 -0.0019022 0.00533985 0.999984 0
0.943104 0.332458 -0.00510608 85.252 -0.332495 0.943048 -0.0103843 38.532 0.00136295 0.0114912 0.999933 0
0.95971 0.280911 -0.00676851 85.7341 -0.280967 0.959668 -0.00974129 38.4524 0.00375909 0.0112505 0.99993 0
0.973355 0.229282 0.0031411 86.2058 -0.229239 0.973313 -0.0105218 38.3991 -0.00546973 0.00952134 0.99994 0
0.985476 0.169791 0.0029786 86.6861 -0.169739 0.985403 -0.0129947 38.3687 -0.00514149 0.0123003 0.999911 0
0.99499 0.099928 0.00290013 87.1471 -0.0998635 0.994851 -0.01731 38.3649 -0.00461495 0.0169337 0.999846 0
0.99929 0.0374439 -0.0040695 87.6284 -0.0375146 0.999116 -0.0189666 38.3932 0.00335572 0.0191058 0.999812 0
0.999398 -0.0335999 -0.00868698 88.1121 0.0334242 0.999248 -0.019635 38.4475 0.00934019 0.0193328 0.999769 0
0.994355 -0.105425 -0.0120004 88.5892 0.105201 0.994289 -0.0179702 38.5337 0.0138263 0.0166063 0.999767 0
0.983283 -0.181617 -0.0130609 89.0602 0.18137 0.983248 -0.0181326 38.6438 0.0161353 0.0154606 0.99975 0
0.963145 -0.268284 -0.0193586 89.5199 0.267937 0.963253 -0.0187777 38.7864 0.023685 0.0128988 0.999636 0
0.949303 -0.313985 -0.0153958 89.952 0.313676 0.949328 -0.0196035 38.9648 0.0207709 0.0137804 0.999689 0
0.92151 -0.388172 -0.0118818 90.3847 0.387957 0.92152 -0.0170256 39.1781 0.0175582 0.0110796 0.999784 0
0.894054 -0.447885 -0.00809223 90.81 0.447742 0.894038 -0.0149232 39.4246 0.0139186 0.00971891 0.999856 0
0.86548 -0.500932 -0.00343673 91.2079 0.500871 0.86545 -0.0111351 39.6621 0.00855225 0.00791585 0.999932 0
0.837044 -0.547082 0.00758756 91.596 0.547125 0.837031 -0.00568374 39.9332 -0.00324155 0.00890889 0.999955 0
0.807475 -0.589815 0.0101629 91.9568 0.589856 0.807507 -0.00138709 40.1771 -0.00738853 0.00711471 0.999947 0
0.785921 -0.618174 0.0137589 92.2889 0.618112 0.78604 0.00886783 40.4541 -0.0162969 0.00153512 0.999866 0
0.754997 -0.65569 0.00704171 92.6409 0.65563 0.755026 0.00918212 40.7413 -0.0113373 -0.00231571 0.999933 0
0.735654 -0.677347 0.0037529 93.0034 0.677281 0.735643 0.0108921 41.0458 -0.0101385 -0.00547104 0.999934 0
0.69489 -0.719067 0.00842148 93.358 0.718977 0.694939 0.0115007 41.3681 -0.0141222 -0.00193686 0.999898 0
0.715856 -0.698118 0.0134627 93.713 0.698037 0.715981 0.0107711 41.7026 -0.0171586 0.00168688 0.999851 0
0.718399 -0.695484 0.0143061 94.0632 0.695404 0.718538 0.0107809 42.047 -0.0177775 0.00220351 0.99984 0
0.717449 -0.696547 0.00946838 94.4031 0.696446 0.717508 0.0119937 42.4234 -0.0151478 -0.00201063 0.999883 0
0.688925 -0.724831 -0.00163402 94.7425 0.724798 0.688868 0.0113198 42.8134 -0.00707935 -0.00898285 0.999935 0
0.736035 -0.676859 -0.010705 95.0881 0.676943 0.73596 0.0105357 43.2132 0.000747287 -0.0150013 0.999887 0
0.68748 -0.726127 -0.0104885 95.4255 0.726203 0.687406 0.0101381 43.5891 -0.000151699 -0.0145865 0.999894 0
0.697403 -0.716597 -0.0108855 95.8055 0.716678 0.697355 0.0083496 43.9927 0.00160774 -0.0136244 0.999906 0
0.691363 -0.722467 -0.00769481 96.1812 0.722499 0.691369 0.00224016 44.3825 0.00370151 -0.00710825 0.999968 0
0.695004 -0.718938 -0.00991516 96.5791 0.718951 0.695055 -0.00275099 44.7996 0.00886937 -0.00521657 0.999947 0
0.698041 -0.715925 -0.01377 96.9957 0.715981 0.698118 -0.00113142 45.2262 0.0104231 -0.0090693 0.999905 0
0.702211 -0.711514 -0.0254424 97.4233 0.711875 0.702251 0.00885722 45.6729 0.0115649 -0.0243314 0.999637 0
0.705604 -0.708411 -0.016646 97.8525 0.708602 0.705486 0.0131487 46.1069 0.00242882 -0.0210732 0.999775 0
0.70889 -0.705173 -0.0143591 98.2913 0.705311 0.708635 0.0192968 46.5408 -0.00343228 -0.0238069 0.999711 0
0.710229 -0.703888 -0.0107885 98.7395 0.703969 0.710102 0.0135456 46.988 -0.00187369 -0.0172152 0.99985 0
0.713478 -0.700192 -0.0260838 99.2021 0.700653 0.712642 0.0350197 47.4322 -0.00593213 -0.0432615 0.999046 0
0.716044 -0.697656 -0.0236079 99.6735 0.697885 0.714713 0.0462926 47.8833 -0.0154234 -0.0496231 0.998649 0
0.718578 -0.694516 -0.0359603 100.164 0.695074 0.715539 0.0698254 48.3543 -0.0227639 -0.07517 0.996911 0
0.714237 -0.699364 -0.0274955 100.656 0.699854 0.713166 0.0399728 48.8456 -0.00834669 -0.0477929 0.998822 0
0.713827 -0.699488 -0.0341771 101.15 0.70029 0.712478 0.0443698 49.3406 -0.00668575 -0.0556063 0.99843 0
0.711463 -0.7019 -0.0340009 101.653 0.702691 0.710128 0.0440964 49.8336 -0.00680628 -0.055265 0.998449 0
0.708273 -0.705692 -0.0186542 102.162 0.705938 0.708062 0.0173107 50.3447 0.000992311 -0.0254295 0.999676 0
0.706938 -0.707186 -0.0112691 102.671 0.707226 0.70661 0.0230981 50.8548 -0.00837177 -0.0242987 0.99967 0
0.705375 -0.708753 -0.0107284 103.189 0.708744 0.704962 0.026638 51.3836 -0.0113167 -0.0263935 0.999588 0
0.704584 -0.709393 -0.017974 103.703 0.709554 0.703943 0.0315892 51.9231 -0.00975654 -0.0350108 0.999339 0
0.70186 -0.712016 -0.0206324 104.238 0.712262 0.701162 0.0324731 52.4805 -0.0086547 -0.0374873 0.99926 0
0.69927 -0.714529 -0.0216739 104.777 0.714851 0.698809 0.0255764 53.052 -0.00312915 -0.0333784 0.999438 0
0.696168 -0.717678 -0.0169988 105.341 0.717873 0.695875 0.0204079 53.6256 -0.00281731 -0.0264103 0.999647 0
0.693391 -0.720256 -0.020972 105.909 0.72056 0.69304 0.022119 54.2137 -0.00139688 -0.0304487 0.999535 0
0.691216 -0.722442 -0.0172636 106.482 0.722639 0.690887 0.0216286 54.7989 -0.00369827 -0.0274254 0.999617 0
0.69007 -0.723515 -0.0181359 107.055 0.723714 0.689606 0.0260975 55.399 -0.00637527 -0.0311343 0.999495 0
0.689511 -0.724139 -0.0140428 107.627 0.724233 0.689133 0.0241372 55.9971 -0.00780133 -0.0268131 0.99961 0
0.690002 -0.72375 -0.00911208 108.202 0.723762 0.689762 0.0199176 56.6131 -0.00813017 -0.0203381 0.99976 0
0.689713 -0.723989 -0.011655 108.766 0.724019 0.689349 0.0243835 57.2211 -0.00961901 -0.0252561 0.999635 0
0.690187 -0.723432 -0.0169697 109.333 0.723594 0.689723 0.0263204 57.8303 -0.0073366 -0.0304451 0.99951 0
0.689134 -0.724363 -0.0198357 109.896 0.724626 0.688742 0.023483 58.4477 -0.00334849 -0.0305564 0.999527 0
0.692728 -0.72093 -0.0197184 110.478 0.721189 0.692309 0.0243895 59.0605 -0.00393188 -0.0311159 0.999508 0
0.694318 -0.719201 -0.0259392 111.052 0.719627 0.69344 0.0357323 59.6854 -0.00771138 -0.0434761 0.999025 0
0.698433 -0.715236 -0.025081 111.656 0.715572 0.697307 0.041455 60.3126 -0.0121609 -0.0469008 0.998826 0
0.698297 -0.715125 -0.0312533 112.25 0.715765 0.697111 0.0414412 60.9438 -0.00784863 -0.0513083 0.998652 0
0.699989 -0.713576 -0.02871 112.869 0.714114 0.69896 0.0386852 61.5737 -0.00753771 -0.0475815 0.998839 0
0.699989 -0.713715 -0.0250061 113.487 0.714125 0.699221 0.0334012 62.2029 -0.00635421 -0.041238 0.999129 0
0.700309 -0.713491 -0.0223111 114.096 0.71383 0.699794 0.027112 62.8337 -0.00373098 -0.0349131 0.999383 0
0.700942 -0.712942 -0.0198438 114.699 0.713214 0.700573 0.0228701 63.459 -0.00240303 -0.0301835 0.999541 0
0.701845 -0.71205 -0.0199587 115.299 0.712307 0.701325 0.0276066 64.0701 -0.00565976 -0.0335923 0.99942 0
0.702718 -0.711284 -0.0161863 115.89 0.711278 0.701821 0.0391292 64.6885 -0.016472 -0.0390098 0.999103 0
0.70348 -0.710389 -0.0215172 116.484 0.710563 0.702382 0.0419472 65.2923 -0.0146855 -0.0447984 0.998888 0
0.703881 -0.709866 -0.0253235 117.083 0.710292 0.703102 0.0336582 65.885 -0.0060878 -0.0416785 0.999113 0
0.703267 -0.710354 -0.0284972 117.681 0.710899 0.703023 0.0195333 66.476 0.00615861 -0.0339958 0.999403 0
0.701937 -0.711813 -0.0246155 118.286 0.712141 0.701994 0.00770501 67.0797 0.0117954 -0.0229382 0.999667 0
0.700986 -0.713028 -0.0144814 118.895 0.713159 0.700691 0.0208669 67.6868 -0.00473164 -0.0249549 0.999677 0
0.700105 -0.714038 -0.00174429 119.487 0.713537 0.699517 0.0392612 68.3007 -0.0268139 -0.0287316 0.999227 0
0.699418 -0.714713 -0.000768317 120.065 0.714014 0.698686 0.0449609 68.91 -0.0315973 -0.0319951 0.998988 0
0.698814 -0.715271 -0.0067772 120.619 0.714962 0.698157 0.0374952 69.4829 -0.0220877 -0.0310477 0.999274 0
0.697313 -0.716435 -0.0218054 121.187 0.716758 0.696834 0.0260804 70.0856 -0.00349013 -0.0338154 0.999422 0
0.696467 -0.717229 -0.0227371 121.775 0.717588 0.696178 0.0200904 70.695 0.00141966 -0.0303082 0.99954 0
0.694711 -0.719011 -0.019989 122.351 0.719289 0.694425 0.019963 71.2975 -0.000472739 -0.0282464 0.999601 0
0.692419 -0.721258 -0.0184984 122.919 0.721493 0.692129 0.0201332 71.9013 -0.00171796 -0.027287 0.999626 0
0.689136 -0.724548 -0.011012 123.47 0.724614 0.688935 0.0174048 72.5048 -0.00502403 -0.0199737 0.999788 0
0.686257 -0.727184 -0.0159555 124.031 0.727351 0.685984 0.0196348 73.1087 -0.00333288 -0.0250798 0.99968 0
0.686761 -0.726644 -0.0186843 124.576 0.726865 0.686333 0.0247651 73.7113 -0.00517173 -0.0305887 0.999519 0
0.683907 -0.729438 -0.0138284 125.136 0.729529 0.683545 0.0235514 74.3117 -0.00772692 -0.0261952 0.999627 0
0.680992 -0.732181 -0.0126794 125.693 0.732221 0.680587 0.0255667 74.9134 -0.01009 -0.0266949 0.999593 0
0.680955 -0.732319 0.00285478 126.249 0.731987 0.680755 0.0277066 75.5066 -0.0222335 -0.0167773 0.999612 0
0.679325 -0.733794 -0.00806159 126.795 0.733662 0.67888 0.0293521 76.1036 -0.0160655 -0.0258541 0.999537 0
0.677456 -0.735506 -0.00923849 127.335 0.735352 0.676905 0.0325092 76.7043 -0.0176571 -0.028817 0.999429 0
0.671499 -0.740802 -0.0173415 127.863 0.740986 0.671126 0.0230297 77.3128 -0.00542216 -0.0283142 0.999584 0
0.666623 -0.745211 -0.0165815 128.408 0.745356 0.666196 0.0250378 77.913 -0.00761187 -0.0290499 0.999549 0
0.660979 -0.750274 -0.0139741 128.939 0.750313 0.660495 0.0278772 78.5314 -0.0116857 -0.0289113 0.999514 0
0.65695 -0.753892 -0.0080279 129.479 0.753739 0.6565 0.0297497 79.1306 -0.0171577 -0.025595 0.999525 0
0.653893 -0.756582 -0.00282153 129.998 0.756079 0.653312 0.0390929 79.7366 -0.0277337 -0.0276959 0.999232 0
0.650502 -0.759485 -0.00546779 130.5 0.759056 0.649853 0.0390465 80.3543 -0.0261019 -0.0295501 0.999222 0
0.645679 -0.763538 -0.0104047 131.004 0.7634 0.645123 0.0322004 80.9751 -0.0178739 -0.028734 0.999427 0
0.639809 -0.768416 -0.0135026 131.506 0.768519 0.639586 0.0175449 81.6073 -0.00484569 -0.0216024 0.999755 0
0.633179 -0.773959 -0.00855226 132.024 0.77399 0.633198 0.000605903 82.2589 0.00494633 -0.00700301 0.999963 0
0.626911 -0.779083 -0.0035186 132.538 0.779073 0.626921 -0.00377714 82.9146 0.00514859 -0.000373319 0.999987 0
0.620867 -0.783882 0.00735019 133.034 0.783809 0.620601 -0.0223055 83.564 0.0129234 0.0196099 0.999724 0
0.61531 -0.788243 -0.00814428 133.528 0.78828 0.61531 0.00272871 84.2136 0.00286037 -0.00809898 0.999963 0
0.607303 -0.794386 -0.0115826 134.024 0.794441 0.607341 0.000201293 84.8689 0.00687472 -0.00932398 0.999933 0
0.601123 -0.79889 -0.020661 134.514 0.799157 0.600904 0.0162281 85.5353 -0.000549235 -0.0262665 0.999655 0
0.594809 -0.803599 -0.0207477 135.002 0.803844 0.594401 0.0228515 86.2047 -0.00603106 -0.0302702 0.999524 0
0.588934 -0.807949 -0.0193673 135.474 0.808024 0.588178 0.0338257 86.8864 -0.015938 -0.0355704 0.99924 0
0.582642 -0.812469 -0.0205412 135.958 0.812525 0.581744 0.0371122 87.5604 -0.0182029 -0.0383134 0.9991 0
0.576379 -0.816974 -0.0184365 136.437 0.816864 0.575378 0.040915 88.2333 -0.0228186 -0.0386427 0.998993 0
0.572387 -0.819768 -0.0187961 136.914 0.819683 0.571406 0.0401922 88.9089 -0.0222081 -0.0384123 0.999015 0
0.566814 -0.823653 -0.0178036 137.381 0.823546 0.565893 0.0391911 89.5889 -0.0222049 -0.0368762 0.999073 0
0.56617 -0.823898 -0.0253735 137.841 0.82416 0.56527 0.0350742 90.2718 -0.0145546 -0.0407698 0.999063 0
0.565025 -0.824402 -0.0333037 138.295 0.825066 0.564385 0.0271149 90.9547 -0.00355751 -0.0427983 0.999077 0
0.562185 -0.825756 -0.0455662 138.76 0.826794 0.562446 0.00807952 91.6492 0.0189568 -0.042216 0.998929 0
0.558215 -0.828517 -0.0442196 139.219 0.829672 0.557813 0.0221114 92.3462 0.00634666 -0.0490307 0.998777 0
0.561777 -0.826002 -0.0461251 139.675 0.827244 0.561451 0.0209665 93.0387 0.00857861 -0.0499352 0.998716 0
0.551899 -0.833226 -0.033799 140.119 0.83375 0.550545 0.0419569 93.7251 -0.0163517 -0.0513359 0.998548 0
0.548727 -0.835402 -0.0316617 140.565 0.835923 0.547764 0.0344463 94.4083 -0.0114333 -0.0453684 0.998905 0
0.542148 -0.839925 -0.0245196 140.999 0.840191 0.541423 0.0306706 95.0855 -0.0124855 -0.0372292 0.999229 0
0.536137 -0.843725 -0.0261843 141.449 0.844069 0.535462 0.0287848 95.7963 -0.0102658 -0.037534 0.999243 0
0.52989 -0.84773 -0.0238724 141.888 0.848025 0.529378 0.024739 96.5283 -0.00833443 -0.0333534 0.999409 0
0.523594 -0.851729 -0.0201699 142.324 0.85173 0.522743 0.0359938 97.2378 -0.0201133 -0.0360255 0.999148 0
0.518004 -0.855323 -0.00971085 142.759 0.855055 0.517463 0.033369 97.9362 -0.0235163 -0.0255886 0.999396 0
0.513471 -0.8581 0.00355191 143.188 0.857776 0.513383 0.0256705 98.6422 -0.0238513 -0.0101343 0.999664 0
0.508839 -0.860623 0.0202653 143.613 0.860644 0.509099 0.0104879 99.3365 -0.0193432 0.0121045 0.99974 0
0.502303 -0.864535 0.016485 144.028 0.864576 0.502456 0.00679008 100.044 -0.0141532 0.0108418 0.999841 0
0.495383 -0.867895 0.036793 144.462 0.868632 0.495332 -0.0111273 100.762 -0.00856744 0.0374718 0.999261 0
0.491329 -0.870758 0.0194188 144.893 0.87093 0.491406 -0.000916412 101.494 -0.00874452 0.0173627 0.999811 0
0.485854 -0.873809 0.0200754 145.308 0.873839 0.486107 0.0103007 102.249 -0.0187596 0.012538 0.999745 0
0.482033 -0.876148 0.00281713 145.716 0.875621 0.48185 0.0332922 103.027 -0.0305264 -0.0135812 0.999442 0
0.478517 -0.878077 0.00152132 146.11 0.877459 0.478245 0.0367072 103.769 -0.0329593 -0.0162301 0.999325 0
0.477516 -0.878608 0.00514498 146.487 0.878223 0.477466 0.0273995 104.52 -0.02653 -0.00856523 0.999611 0
0.474512 -0.880187 -0.0104377 146.873 0.880145 0.474241 0.0209753 105.254 -0.0135122 -0.0191398 0.999726 0
0.472985 -0.880869 -0.0188416 147.264 0.881044 0.472695 0.0179118 105.996 -0.00687161 -0.0250723 0.999662 0
0.467211 -0.884084 -0.0104728 147.653 0.884105 0.467043 0.0151184 106.741 -0.00847471 -0.0163225 0.999831 0
0.471099 -0.882078 0.002022 148.068 0.881937 0.471063 0.0169178 107.497 -0.0158753 -0.0061867 0.999855 0
0.470623 -0.882332 -0.00202703 148.462 0.882068 0.470423 0.0256501 108.264 -0.0216783 -0.0138595 0.999669 0
0.476178 -0.879325 -0.00647572 148.864 0.879058 0.475818 0.0292333 109.013 -0.0226243 -0.0196128 0.999552 0
0.468388 -0.883506 -0.00545787 149.248 0.883305 0.468126 0.0251116 109.761 -0.0196313 -0.0165829 0.99967 0
0.468662 -0.883349 -0.00702423 149.655 0.883332 0.468543 0.0138613 110.496 -0.00895321 -0.012701 0.999879 0
0.46496 -0.885317 0.00499994 150.052 0.885331 0.464948 -0.00340131 111.224 0.000686527 0.00600808 0.999982 0
0.463535 -0.886029 0.00934707 150.46 0.886078 0.463495 -0.00623455 111.994 0.00119167 0.0111722 0.999937 0
0.462939 -0.88635 0.00842896 150.854 0.88639 0.462923 -0.0039654 112.773 -0.00038722 0.00930708 0.999957 0
0.461434 -0.887126 0.00924522 151.245 0.887056 0.461518 0.0115469 113.554 -0.0145104 0.00287289 0.999891 0
0.458777 -0.888483 0.0110556 151.63 0.888395 0.458894 0.0130734 114.331 -0.0166889 0.00382394 0.999853 0
0.459024 -0.888179 0.0208454 152.011 0.888415 0.45879 -0.0151627 115.082 0.00390352 0.0254794 0.999668 0
0.459699 -0.887883 0.0184349 152.388 0.887987 0.459264 -0.0235646 115.831 0.0124561 0.0272026 0.999552 0
0.460664 -0.887541 0.00770834 152.763 0.887573 0.460633 -0.00559364 116.569 0.00141387 0.00941851 0.999955 0
0.461367 -0.887155 0.00984536 153.137 0.887183 0.461411 0.00260234 117.298 -0.00685143 0.007534 0.999948 0
0.459152 -0.888351 0.00342296 153.506 0.888234 0.459149 0.0148925 118.039 -0.0148014 -0.00379752 0.999883 0
0.459046 -0.888409 0.00256813 153.872 0.888234 0.45901 0.018692 118.779 -0.0177849 -0.00629938 0.999822 0
0.457857 -0.889025 0.000981169 154.229 0.888931 0.457824 0.0140728 119.521 -0.0129602 -0.00557113 0.999901 0
0.457088 -0.889422 -0.000130382 154.606 0.88933 0.457039 0.0144015 120.257 -0.0127495 -0.00669872 0.999896 0
0.455943 -0.88976 -0.0210736 154.986 0.889903 0.456126 -0.00460675 121.006 0.0137111 -0.016653 0.999767 0
0.453869 -0.890766 -0.0232249 155.36 0.890994 0.454013 -0.00107706 121.724 0.0115038 -0.0202044 0.99973 0
0.453803 -0.891099 -0.00207797 155.706 0.890917 0.453661 0.0214121 122.422 -0.0181376 -0.0115682 0.999769 0
0.00370617 -0.998201 -0.05984 156.052 0.999989 0.00353256 0.0030067 123.111 -0.0027899 -0.0598505 0.998203 0
0.19324 -0.980552 -0.0342842 156.381 0.981053 0.193599 -0.00743428 123.786 0.0139271 -0.032198 0.999384 0
0.458038 -0.886321 -0.0680887 156.713 0.887963 0.459771 -0.0115038 124.469 0.0415012 -0.055191 0.997613 0
0.440485 -0.893363 0.0887451 157.035 0.895947 0.443722 0.0197614 125.108 -0.0570322 0.0708062 0.995858 0
0.406483 -0.858517 0.312601 157.323 0.882884 0.457138 0.107431 125.707 -0.235133 0.232322 0.94379 0
0.458036 -0.888844 -0.0126236 157.627 0.888497 0.45732 0.037833 126.3 -0.0278546 -0.0285449 0.999204 0
0.443646 -0.887878 0.121865 157.928 0.887916 0.453909 0.0746412 126.888 -0.121588 0.0750917 0.989736 0
0.465829 -0.884701 -0.0175519 158.246 0.884779 0.465395 0.0239475 127.497 -0.0130178 -0.026685 0.999559 0
0.470512 -0.882303 -0.0126707 158.564 0.882266 0.470151 0.0237428 128.098 -0.0149912 -0.0223502 0.999638 0
0.477197 -0.878685 -0.0139838 158.884 0.878746 0.47728 -0.00312578 128.708 0.00942078 -0.0107966 0.999897 0
0.476514 -0.878704 -0.0285285 159.184 0.878254 0.47429 0.0609842 129.27 -0.0400563 -0.0541151 0.997731 0
0.492075 -0.870457 -0.0129354 159.474 0.870541 0.492091 0.00216741 129.817 0.00447877 -0.0123274 0.999914 0
0.484002 -0.873646 -0.0498453 159.798 0.875049 0.483573 0.0211443 130.409 0.00563125 -0.053851 0.998533 0
0.503551 -0.863957 0.00386324 160.114 0.860092 0.500865 -0.0968284 130.96 0.0817206 0.0520808 0.995294 0
0.511057 -0.858819 0.0353791 160.464 0.859507 0.510202 -0.0306795 131.558 0.0082976 0.0460875 0.998903 0
0.521468 -0.850691 0.0662994 160.811 0.851729 0.523621 0.0194578 132.118 -0.0512684 0.0463225 0.99761 0
0.516416 -0.85588 0.0279985 161.175 0.855247 0.517132 0.0335717 132.676 -0.0432123 0.00660864 0.999044 0
0.493038 -0.870007 -0.0011104 161.525 0.869947 0.492988 0.0124736 133.227 -0.0103047 -0.00711593 0.999922 0
0.536478 -0.843883 -0.00723533 161.87 0.84389 0.536377 0.0122383 133.77 -0.00644686 -0.0126714 0.999899 0
0.57895 -0.815265 0.0126593 162.207 0.815073 0.579088 0.0176962 134.328 -0.0217579 7.30065e-05 0.999763 0
0.533941 -0.844879 0.0329665 162.548 0.844688 0.53474 0.0235553 134.893 -0.0375299 0.0152692 0.999179 0
0.485912 -0.872345 0.0538808 162.896 0.87237 0.487851 0.0311697 135.466 -0.0534766 0.0318583 0.998061 0
0.526916 -0.847422 -0.065084 163.263 0.849274 0.52795 0.00154014 136.071 0.033056 -0.0560857 0.997879 0
0.530833 -0.847428 -0.00903255 164.772 0.847405 0.530621 0.0185878 136.236 -0.0109589 -0.0175212 0.999786 0
0.523987 -0.851642 -0.0119724 163.935 0.851623 0.523651 0.0229894 137.176 -0.0133094 -0.022242 0.999664 0
0.52338 -0.851877 -0.0194573 164.26 0.852099 0.523275 0.010536 137.736 0.00120611 -0.0220939 0.999755 0
0.518381 -0.854929 -0.019438 164.588 0.855119 0.51842 0.00332229 138.294 0.00723676 -0.0183441 0.999806 0
0.517519 -0.855593 -0.011592 164.926 0.855668 0.517509 0.00404157 138.876 0.00254102 -0.0120105 0.999925 0
0.514182 -0.857676 -0.00300543 165.272 0.857347 0.513882 0.0296827 139.48 -0.0239137 -0.017839 0.999555 0
0.51122 -0.859447 -0.00222991 165.612 0.858839 0.510757 0.0390205 140.096 -0.0323971 -0.0218632 0.999236 0
0.498646 -0.866548 0.021139 165.975 0.864262 0.498901 0.0644097 140.701 -0.0663604 -0.0138479 0.9977 0
0.503676 -0.86365 0.0204753 166.34 0.862426 0.50406 0.0463261 141.313 -0.0503303 -0.0056749 0.998717 0
0.496378 -0.867731 0.0255385 166.685 0.866601 0.497034 0.0442733 141.912 -0.0511108 0.000155396 0.998693 0
0.499431 -0.866334 0.00580508 167.028 0.865981 0.499402 0.0259846 142.521 -0.0254104 -0.00795043 0.999645 0
0.495944 -0.868331 0.00637056 167.377 0.868193 0.495981 0.0156091 143.119 -0.0167135 -0.00221036 0.999858 0
0.495897 -0.868349 0.00750449 167.727 0.868308 0.495949 0.00867618 143.729 -0.0112558 0.00221372 0.999934 0
0.49507 -0.868707 0.0159583 168.083 0.868711 0.495237 0.00898671 144.332 -0.01571 0.00941409 0.999832 0
0.494432 -0.86899 0.019832 168.433 0.869045 0.494659 0.0085696 144.942 -0.017257 0.0129978 0.999767 0
0.493208 -0.869578 0.0240683 168.781 0.869659 0.493543 0.0104565 145.541 -0.0209715 0.015774 0.999656 0
0.492464 -0.869979 0.0248008 169.125 0.870175 0.492717 0.00499641 146.136 -0.0165666 0.0191205 0.99968 0
0.490247 -0.871108 0.0288018 169.467 0.871503 0.490383 -0.00262852 146.727 -0.0118342 0.0263895 0.999582 0
0.49135 -0.870325 0.033306 169.82 0.870851 0.491539 -0.00283532 147.332 -0.0139036 0.0303977 0.999441 0
