0.482225 -0.875762 0.0223431 0.687687 0.876012 0.482277 -0.00335446 0.551613 -0.00783787 0.0211904 0.999745 0.786409
0.480565 -0.87665 0.0232866 1.08347 0.876925 0.48061 -0.00401009 1.31127 -0.0076763 0.0223477 0.999721 0.787325
0.478683 -0.87775 0.0204598 1.48038 0.877971 0.478688 -0.00496788 2.07647 -0.0054333 0.0203412 0.999778 0.790445
0.477284 -0.878556 0.0184031 1.88 0.878745 0.477243 -0.00686302 2.84929 -0.00275319 0.0194472 0.999807 0.793483
0.475569 -0.879562 0.0143053 2.27967 0.879678 0.475521 -0.0068145 3.6342 -0.000808696 0.0158249 0.999874 0.797941
0.474329 -0.880248 0.0132121 2.68673 0.880347 0.474292 -0.00604467 4.42693 -0.000945582 0.0144984 0.999894 0.802211
0.472888 -0.881008 0.0142354 3.0978 0.881119 0.472871 -0.00474069 5.22782 -0.00255493 0.0147849 0.999887 0.807551
0.471519 -0.881732 0.0147828 3.51458 0.881847 0.471523 -0.00340713 6.03279 -0.00396623 0.0146427 0.999885 0.811516
0.470459 -0.882287 0.0154489 3.93066 0.882411 0.47047 -0.00315605 6.8441 -0.00448371 0.0151171 0.999876 0.813867
0.468958 -0.883093 0.0150211 4.35032 0.883212 0.468959 -0.0036732 7.65738 -0.0038005 0.0149894 0.99988 0.816036
0.468012 -0.88358 0.0158237 4.77097 0.883718 0.467989 -0.00541075 8.47375 -0.00262447 0.016516 0.99986 0.818509
0.467262 -0.883958 0.016851 5.19673 0.88411 0.467258 -0.00440531 9.29753 -0.00397967 0.0169566 0.999848 0.820603
0.467129 -0.884019 0.0173616 5.62255 0.884154 0.467196 -0.000274735 10.1298 -0.00786838 0.0154786 0.999849 0.825387
0.467689 -0.8837 0.0184801 6.05185 0.883817 0.467821 0.00335548 10.9643 -0.0116106 0.0147637 0.999824 0.830766
0.468863 -0.88303 0.0206372 6.48623 0.883155 0.469052 0.00525927 11.8014 -0.014324 0.01576 0.999773 0.831323
0.470097 -0.882356 0.021373 6.92221 0.882479 0.470312 0.00615442 12.6413 -0.0154824 0.015968 0.999753 0.82775
0.47122 -0.881788 0.02003 7.3597 0.881917 0.471386 0.00429228 13.4828 -0.0132268 0.0156422 0.99979 0.822951
0.472196 -0.881337 0.0166164 7.79933 0.881456 0.472266 0.000316469 14.3288 -0.0081263 0.0144972 0.999862 0.819526
0.473348 -0.880743 0.0152862 8.24398 0.880864 0.47336 -0.00306271 15.1788 -0.00453841 0.0149148 0.999878 0.817585
0.474016 -0.880337 0.0177972 8.69543 0.880499 0.474035 -0.00340213 16.0362 -0.00544148 0.0172831 0.999836 0.818489
0.47371 -0.880411 0.0217918 9.15043 0.880621 0.473821 -0.000107113 16.9005 -0.0102311 0.0192411 0.999763 0.818495
0.472828 -0.880752 0.026643 9.60724 0.881038 0.47304 0.00194493 17.768 -0.0143162 0.0225539 0.999643 0.817867
0.471953 -0.880993 0.0333507 10.0705 0.881509 0.472164 -0.00172676 18.6309 -0.0142257 0.0302139 0.999442 0.812599
0.470705 -0.881635 0.0340171 10.5281 0.882231 0.470771 -0.00652686 19.498 -0.01026 0.0330832 0.9994 0.805183
0.469498 -0.882378 0.0313101 10.9814 0.882914 0.469427 -0.0100568 20.3724 -0.0058239 0.0323657 0.999459 0.801964
0.467851 -0.883298 0.0300035 11.4441 0.883797 0.467738 -0.0111058 21.2703 -0.004224 0.0317128 0.999488 0.811549
0.466834 -0.883798 0.0311064 11.9272 0.884322 0.466785 -0.0092602 22.2119 -0.00633585 0.0318311 0.999473 0.844884
0.465799 -0.884386 0.0298722 12.4008 0.884841 0.465866 -0.00510241 23.1447 -0.0094039 0.0288088 0.999541 0.870496
0.464629 -0.884993 0.030127 12.8754 0.885444 0.464729 -0.00401181 24.076 -0.0104505 0.0285398 0.999538 0.894285
0.463646 -0.885495 0.0305236 13.3461 0.885931 0.463814 -0.00173826 24.9983 -0.0126181 0.0278478 0.999533 0.908914
0.463423 -0.885526 0.0329029 13.8175 0.885985 0.463712 0.00131853 25.9237 -0.0164251 0.0285404 0.999458 0.923202
0.462932 -0.885929 0.0286987 14.2736 0.886209 0.463255 0.00543462 26.8413 -0.0181095 0.0229172 0.999573 0.927245
0.462953 -0.885937 0.0281228 14.7327 0.886189 0.463282 0.00620278 27.7572 -0.0185241 0.0220505 0.999585 0.93087
0.46288 -0.885992 0.0275842 15.1901 0.886261 0.463164 0.00460866 28.661 -0.0168593 0.0223135 0.999609 0.928983
0.463145 -0.885952 0.0242028 15.6402 0.88617 0.463349 0.00327668 29.5627 -0.0141173 0.0199302 0.999702 0.931737
0.462366 -0.886363 0.0240424 16.0936 0.886582 0.462561 0.00300533 30.457 -0.0137849 0.019926 0.999706 0.938532
0.461154 -0.886922 0.0265771 16.5493 0.887189 0.461394 0.00338187 31.3494 -0.0152619 0.0220193 0.999641 0.942876
0.460352 -0.88733 0.0268639 16.9977 0.887589 0.460617 0.00431695 32.2404 -0.0162045 0.0218567 0.99963 0.949558
0.460141 -0.887535 0.0235066 17.4372 0.887731 0.460346 0.00388124 33.1258 -0.0142659 0.0190816 0.999716 0.954572
0.459651 -0.887864 0.0204658 17.874 0.888053 0.45974 -0.000399462 34.004 -0.00905427 0.0183583 0.99979 0.95714
0.459248 -0.888094 0.019517 18.3151 0.888273 0.459314 -0.00121411 34.8827 -0.0078862 0.017894 0.999809 0.959121
0.458886 -0.888239 0.0213241 18.7588 0.888427 0.459015 0.00132014 35.7612 -0.0109607 0.0183392 0.999772 0.968363
0.458531 -0.88832 0.0252141 19.2007 0.888568 0.458737 0.00272737 36.6339 -0.0139894 0.0211538 0.999678 0.972365
0.458249 -0.888417 0.0268981 19.639 0.888697 0.458485 0.00300995 37.5027 -0.0150065 0.022525 0.999634 0.974877
0.458141 -0.888401 0.0291571 20.0754 0.888766 0.45836 0.000960606 38.3629 -0.0142179 0.0254737 0.999574 0.974315
0.457725 -0.888543 0.0313008 20.5162 0.889006 0.45789 -0.00209638 39.2223 -0.0124696 0.0287862 0.999508 0.972934
0.456669 -0.889023 0.0330363 20.9503 0.88954 0.456852 -0.00220577 40.0788 -0.0131317 0.0303944 0.999452 0.971924
0.455556 -0.889412 0.0376093 21.3875 0.890038 0.455886 0.000222034 40.9388 -0.017343 0.0333726 0.999292 0.968608
0.454854 -0.889582 0.0418448 21.8183 0.890275 0.455403 0.0041447 41.8007 -0.0227433 0.0353682 0.999116 0.960665
0.454281 -0.889879 0.0417669 22.2396 0.890507 0.45492 0.00677398 42.6572 -0.0250286 0.0341165 0.999104 0.95233
0.453043 -0.890625 0.0392323 22.6595 0.891203 0.453573 0.00535717 43.5018 -0.022566 0.0325369 0.999216 0.945883
0.45201 -0.891361 0.0341054 23.0754 0.891895 0.452241 -0.00105802 44.3303 -0.0144808 0.0308967 0.999418 0.939268
0.451231 -0.891887 0.0304644 23.4883 0.892368 0.45127 -0.00598573 45.15 -0.00840908 0.0298864 0.999518 0.937581
0.450045 -0.892618 0.0263001 23.8889 0.892959 0.450128 -0.00301713 45.9712 -0.00914528 0.0248428 0.99965 0.940093
0.449159 -0.893112 0.0246607 24.2875 0.893373 0.449315 0.000907575 46.7801 -0.011891 0.0216235 0.999695 0.947987
0.447878 -0.893798 0.0230344 24.6781 0.893989 0.448072 0.00382902 47.5764 -0.0137435 0.0188776 0.999727 0.955978
0.446794 -0.894354 0.0225002 25.0635 0.894544 0.446968 0.00311507 48.3578 -0.0128428 0.0187356 0.999742 0.958556
0.445318 -0.895111 0.0216298 25.4402 0.89527 0.445503 0.00440795 49.1295 -0.0135817 0.0174016 0.999756 0.961213
0.443951 -0.895809 0.020807 25.8106 0.895938 0.444144 0.00553715 49.8894 -0.0142016 0.0161836 0.999768 0.965965
0.442482 -0.896523 0.0213889 26.1763 0.89665 0.442695 0.00631708 50.6374 -0.0151322 0.0163832 0.999751 0.969541
0.441153 -0.897158 0.0221658 26.5367 0.897293 0.441385 0.00668022 51.3747 -0.0157769 0.0169423 0.999732 0.970797
0.439833 -0.897828 0.0212625 26.8868 0.897899 0.440096 0.009632 52.1014 -0.0180054 0.0148552 0.999728 0.97242
0.438648 -0.898394 0.0218323 27.2318 0.898378 0.438989 0.0143436 52.8212 -0.0224703 0.0133219 0.999659 0.972395
0.436914 -0.899266 0.020642 27.5726 0.89917 0.437262 0.0171682 53.5228 -0.0244647 0.0110597 0.99964 0.975871
0.435588 -0.899999 0.0162684 27.896 0.899898 0.435821 0.015592 54.2062 -0.0211229 0.00784821 0.999746 0.979827
0.434618 -0.900536 0.0119226 28.2118 0.90051 0.434731 0.00955262 54.8694 -0.0137856 0.00658466 0.999883 0.984081
0.43336 -0.901165 0.0100176 28.5191 0.901184 0.433416 0.00419068 55.5154 -0.0081183 0.00721165 0.999941 0.985298
0.432949 -0.901381 0.00827237 28.8172 0.901401 0.43298 0.00234436 56.1481 -0.00569494 0.00644174 0.999963 0.990788
0.432221 -0.901735 0.00770757 29.1048 0.901725 0.432268 0.00607215 56.7649 -0.00880721 0.00432559 0.999952 1.00262
0.431014 -0.902307 0.00832684 29.3861 0.902265 0.43108 0.0093422 57.3612 -0.0120191 0.0034864 0.999922 1.02003
0.429868 -0.902842 0.00952912 29.6612 0.902843 0.42993 0.00580331 57.9336 -0.00933633 0.00610865 0.999938 1.03193
0.42986 -0.902785 0.0141517 29.9341 0.902884 0.429881 -0.00172662 58.485 -0.00452479 0.0135196 0.999898 1.0413
0.430764 -0.902334 0.0153412 30.1949 0.902464 0.430681 -0.00849074 59.0212 0.00105433 0.0175024 0.999846 1.05352
0.433308 -0.901141 0.0137773 30.4449 0.901244 0.433224 -0.00870676 59.5497 0.00187737 0.0161894 0.999867 1.06583
0.436694 -0.899553 0.0101459 30.6873 0.899609 0.436682 -0.00348129 60.0691 -0.00129892 0.0106476 0.999942 1.08002
0.440705 -0.897562 0.0127338 30.9338 0.89764 0.440727 -0.00119749 60.5689 -0.0045373 0.0119581 0.999918 1.09075
0.445267 -0.895205 0.0185749 31.1864 0.895356 0.44535 0.000340282 61.0517 -0.00857696 0.0164797 0.999827 1.10267
0.452154 -0.891609 0.0243031 31.4345 0.891845 0.452335 0.00226452 61.5219 -0.0130122 0.0206507 0.999702 1.11516
0.461278 -0.88698 0.0221267 31.6714 0.88716 0.461451 0.00315721 61.9777 -0.0130108 0.0181736 0.99975 1.12308
0.474135 -0.880286 0.0170924 31.899 0.880356 0.474281 0.0055673 62.4255 -0.0130074 0.0124077 0.999838 1.1298
0.489774 -0.871752 0.0130602 32.1314 0.871736 0.489897 0.00877715 62.8558 -0.0140496 0.00708621 0.999876 1.13502
0.508188 -0.861129 0.0141989 32.3762 0.861115 0.508329 0.00909049 63.2625 -0.0150458 0.0076072 0.999858 1.13751
0.529879 -0.847886 0.0178119 32.6302 0.847909 0.530073 0.00855287 63.6489 -0.0166935 0.0105709 0.999805 1.14161
0.553939 -0.832316 0.0200388 32.8905 0.832341 0.554183 0.00946649 64.0214 -0.0189843 0.0114352 0.999754 1.14487
0.580416 -0.81404 0.0213811 33.1582 0.814039 0.580705 0.0110241 64.3814 -0.0213902 0.0110065 0.999711 1.14701
0.609773 -0.792268 0.0221172 33.4369 0.792239 0.61009 0.0121427 64.7242 -0.0231138 0.0101178 0.999682 1.14694
0.641585 -0.766729 0.0222424 33.7251 0.766673 0.64191 0.0128038 65.0515 -0.0240947 0.00883793 0.999671 1.14451
0.675202 -0.737279 0.0228317 34.0254 0.737202 0.675542 0.0132873 65.357 -0.0252202 0.00786001 0.999651 1.14357
0.710393 -0.703498 0.0208086 34.3347 0.703373 0.710682 0.0140418 65.6391 -0.0246667 0.004661 0.999685 1.14504
0.747152 -0.664378 0.0191339 34.6555 0.664251 0.747392 0.0132648 65.8967 -0.0231134 0.00279893 0.999729 1.14545
0.784168 -0.620273 0.0185068 34.9867 0.620148 0.784384 0.012545 66.1279 -0.0222978 0.00163962 0.99975 1.14173
0.82016 -0.571861 0.0176762 35.3264 0.571728 0.82035 0.0123397 66.3328 -0.0215572 -1.45333e-05 0.999768 1.13502
0.854501 -0.519177 0.0168189 35.6738 0.519048 0.854666 0.0116326 66.5107 -0.020414 -0.00121026 0.999791 1.12742
0.886216 -0.462951 0.017243 36.0301 0.462865 0.886384 0.00890949 66.6576 -0.0194086 8.54516e-05 0.999812 1.12177
0.91411 -0.40509 0.0174733 36.3902 0.405008 0.914277 0.00817745 66.7813 -0.019288 -0.000398272 0.999814 1.12016
0.938021 -0.346022 0.0196061 36.7568 0.345923 0.938226 0.00834818 66.8821 -0.0212836 -0.00104857 0.999773 1.11787
0.957908 -0.286232 0.021983 37.1312 0.286058 0.958152 0.0107739 66.9599 -0.0241469 -0.00403206 0.9997 1.11162
0.973808 -0.226135 0.0236832 37.5065 0.225932 0.974082 0.010957 67.0126 -0.0255472 -0.00531921 0.999659 1.10357
0.985751 -0.166518 0.0237963 37.8855 0.166369 0.98603 0.00810082 67.0349 -0.0248128 -0.00402643 0.999684 1.09456
0.993769 -0.108801 0.0241835 38.2618 0.108776 0.994063 0.00235731 67.0339 -0.0242964 0.000287963 0.999705 1.0869
0.998289 -0.0534752 0.0236633 38.636 0.0533979 0.998566 0.00388742 67.0206 -0.0238372 -0.0026172 0.999712 1.08203
0.999726 0.000700234 0.0233924 39.0125 -0.000901151 0.999963 0.00857954 66.9951 -0.0233855 -0.00859827 0.99969 1.07572
0.998427 0.0513613 0.0225048 39.3888 -0.0516055 0.998613 0.0104046 66.9492 -0.0219392 -0.0115496 0.999693 1.06875
0.995 0.0975045 0.0216142 39.759 -0.0976229 0.995213 0.00449212 66.8753 -0.0210727 -0.0065797 0.999756 1.06099
0.989938 0.139744 0.0222327 40.1318 -0.139551 0.990164 -0.0100372 66.7743 -0.0234167 0.00683357 0.999702 1.04943
0.983969 0.176771 0.0236049 40.5026 -0.176421 0.984182 -0.016183 66.6711 -0.0260923 0.0117592 0.99959 1.03993
0.977418 0.210212 0.0215639 40.8768 -0.209961 0.977619 -0.013331 66.5741 -0.0238836 0.00850241 0.999679 1.03283
0.970272 0.241178 0.0201108 41.2536 -0.241197 0.970475 -0.00154721 66.4803 -0.0198902 -0.00334945 0.999797 1.03292
0.962809 0.269513 0.0190298 41.6312 -0.269661 0.962939 0.00564699 66.369 -0.0168026 -0.0105686 0.999803 1.03642
0.955514 0.294455 0.0169702 42.0122 -0.294583 0.95561 0.00549768 66.2333 -0.0145981 -0.0102522 0.999841 1.03536
0.94818 0.317448 0.0134872 42.3934 -0.317486 0.948263 0.000724108 66.0788 -0.0125595 -0.00496857 0.999909 1.031
0.94152 0.336934 0.00383876 42.7795 -0.336915 0.941523 -0.00477382 65.9071 -0.00522274 0.00320131 0.999981 1.0112
0.934693 0.35543 -0.00438652 43.1746 -0.355446 0.93469 -0.00358807 65.7374 0.00282473 0.00491292 0.999984 0.993013
0.928186 0.372088 -0.00458592 43.5882 -0.372094 0.928195 -0.000557145 65.5621 0.00404932 0.00222353 0.999989 0.987908
0.922286 0.386504 0.00167935 44.0169 -0.386505 0.922287 0.000442812 65.3733 -0.0013777 -0.00105748 0.999999 0.993581
0.91649 0.400022 0.00527562 44.4474 -0.400023 0.916505 -0.000873649 65.1682 -0.00518461 -0.00130968 0.999986 0.999057
0.910944 0.412478 0.00659334 44.8832 -0.412463 0.910967 -0.00353964 64.9497 -0.00746634 0.000504901 0.999972 1.00124
0.90594 0.423367 0.00577645 45.3256 -0.423326 0.90595 -0.00711225 64.7181 -0.00824427 0.00399795 0.999958 0.999122
0.901426 0.432916 0.0038176 45.7794 -0.432865 0.901407 -0.00966894 64.4763 -0.00762704 0.00706333 0.999946 0.997066
0.897647 0.44071 0.00223751 46.2463 -0.440661 0.897604 -0.01123 64.2257 -0.00695757 0.00909459 0.999934 0.995445
0.894941 0.446182 0.00121058 46.7275 -0.446134 0.894878 -0.0125573 63.9651 -0.00668617 0.010698 0.99992 0.992296
0.892315 0.451414 -0.000414951 47.2224 -0.451379 0.892233 -0.0132829 63.6965 -0.00562584 0.0120398 0.999912 0.986696
0.889428 0.457074 -0.00139389 47.7348 -0.457051 0.889345 -0.0130421 63.4174 -0.00472156 0.0122371 0.999914 0.97936
0.887265 0.461253 -0.00249977 48.2638 -0.461235 0.88715 -0.0150448 63.1249 -0.00472177 0.0145017 0.999884 0.974225
0.885608 0.464423 -0.00316325 48.8019 -0.464408 0.885466 -0.0165855 62.8186 -0.00490176 0.0161573 0.999857 0.96809
0.883972 0.467527 -0.00332678 49.3583 -0.467509 0.883812 -0.0176289 62.5043 -0.00530173 0.0171387 0.999839 0.963067
0.882472 0.470351 -0.0035266 49.9266 -0.470327 0.882283 -0.0192181 62.1757 -0.00592781 0.0186181 0.999809 0.957104
0.881764 0.471659 -0.00544906 50.5081 -0.471651 0.881479 -0.0232392 61.8377 -0.00615774 0.0230615 0.999715 0.950667
0.881821 0.47153 -0.00713158 51.1011 -0.471541 0.881437 -0.0267935 61.489 -0.00634791 0.02699 0.999616 0.942739
0.882598 0.470059 -0.00803764 51.714 -0.470084 0.882156 -0.0286666 61.1367 -0.00638456 0.0290795 0.999557 0.935376
0.884037 0.467319 -0.00953922 52.3429 -0.467379 0.883523 -0.03073 60.78 -0.0059326 0.0316249 0.999482 0.928721
0.885769 0.464022 -0.00985964 52.9885 -0.464089 0.885224 -0.0316099 60.4168 -0.00593969 0.0325748 0.999452 0.922461
0.88752 0.460681 -0.00907652 53.6539 -0.460709 0.886911 -0.0336883 60.0527 -0.00746949 0.0340807 0.999391 0.920006
0.889304 0.457249 -0.0078632 54.3337 -0.457232 0.888677 -0.0345282 59.6862 -0.00880015 0.0343014 0.999373 0.918066
0.891152 0.45368 -0.00465068 55.0331 -0.453572 0.8906 -0.0332324 59.3197 -0.010935 0.0317246 0.999437 0.913715
0.892964 0.450118 -0.00308567 55.7386 -0.449967 0.89244 -0.0328716 58.9516 -0.0120423 0.0307416 0.999455 0.908216
0.894754 0.446551 -0.0026992 56.454 -0.44642 0.894306 -0.0304281 58.5847 -0.0111738 0.0284306 0.999533 0.904628
0.896258 0.443509 -0.00452746 57.1734 -0.44346 0.895881 -0.0272158 58.2196 -0.00801441 0.0264002 0.999619 0.903564
0.896887 0.4422 -0.0073302 57.8993 -0.442255 0.896671 -0.0197674 57.8576 -0.00216837 0.020971 0.999778 0.902728
0.896741 0.44247 -0.00868852 58.6279 -0.442555 0.896597 -0.016114 57.4888 0.000660128 0.0182952 0.999832 0.902228
0.896771 0.442427 -0.0077292 59.3597 -0.442494 0.896664 -0.0138651 57.1184 0.000796214 0.0158539 0.999874 0.909481
0.896735 0.44255 -0.00391315 60.0937 -0.442563 0.896651 -0.0124756 56.7479 -0.00201234 0.0129191 0.999915 0.920777
0.896665 0.442693 -0.00372975 60.823 -0.442701 0.896569 -0.013429 56.3735 -0.00260096 0.0136925 0.999903 0.929444
0.896743 0.442549 -0.00169503 61.5531 -0.442536 0.896669 -0.012117 55.9999 -0.0038425 0.011616 0.999925 0.938883
0.8966 0.442841 -0.000802178 62.2809 -0.442823 0.896545 -0.0106759 55.625 -0.00400853 0.00992723 0.999943 0.951542
0.896632 0.442777 -0.000283848 63.0076 -0.442764 0.896602 -0.00809987 55.2554 -0.00333193 0.00738828 0.999967 0.960385
0.896103 0.443845 0.000117461 63.733 -0.443839 0.896093 -0.00494368 54.8857 -0.00229949 0.00437792 0.999988 0.968698
0.894887 0.446291 0.0015705 64.4582 -0.446287 0.894887 -0.00238076 54.5162 -0.00246793 0.00142961 0.999996 0.977542
0.893168 0.449705 0.00407367 65.1814 -0.449707 0.893176 -0.000547683 54.1431 -0.0038848 -0.00134278 0.999992 0.986847
0.890962 0.454016 0.00744037 65.904 -0.454031 0.890986 0.000273789 53.7669 -0.00650496 -0.00362209 0.999972 0.997366
0.888063 0.459598 0.0106591 66.6225 -0.459634 0.888108 0.00111529 53.3845 -0.00895388 -0.00588975 0.999943 1.00635
0.884616 0.466183 0.0113023 67.333 -0.466229 0.884662 0.00172546 52.9964 -0.00919434 -0.00679583 0.999935 1.01366
0.880521 0.473882 0.0108824 68.0352 -0.473936 0.880555 0.0028671 52.6052 -0.00822384 -0.00768208 0.999937 1.01888
0.875687 0.482772 0.0101297 68.7307 -0.482821 0.875714 0.0029231 52.2036 -0.00745955 -0.00745056 0.999944 1.02352
0.87068 0.491739 0.010435 69.4194 -0.491781 0.870717 0.00175286 51.7979 -0.00822397 -0.00665791 0.999944 1.02958
0.8653 0.501103 0.0123362 70.1003 -0.501161 0.865352 0.00196827 51.3896 -0.00968888 -0.00788559 0.999922 1.036
0.859634 0.510755 0.0125957 70.775 -0.510804 0.859697 0.000765655 50.9715 -0.0104374 -0.00709211 0.99992 1.0386
0.853883 0.520312 0.0126059 71.4401 -0.520359 0.853947 0.000536795 50.5486 -0.0104855 -0.00701796 0.99992 1.04112
0.84805 0.529776 0.0121735 72.0956 -0.529824 0.848107 0.000893767 50.1231 -0.00985092 -0.00720776 0.999925 1.04459
0.842287 0.538906 0.0115776 72.7437 -0.538959 0.84233 0.00186268 49.6931 -0.00874834 -0.00780875 0.999931 1.04748
0.836642 0.547649 0.0105071 73.3807 -0.547695 0.836676 0.00194065 49.2597 -0.00772822 -0.0073783 0.999943 1.04996
0.831328 0.555699 0.00961705 74.0067 -0.555737 0.831356 0.00175505 48.8236 -0.00701991 -0.00680358 0.999952 1.05354
0.825912 0.563726 0.00907351 74.6219 -0.563761 0.825937 0.0015821 48.3842 -0.00660227 -0.00642196 0.999958 1.0587
0.820487 0.571596 0.00884968 75.2282 -0.571627 0.820512 0.00125124 47.9451 -0.00654607 -0.00608535 0.99996 1.06272
0.81544 0.578779 0.00848566 75.8232 -0.578801 0.815469 8.59601e-05 47.5028 -0.00687004 -0.0049816 0.999964 1.06798
0.811016 0.584957 0.00883114 76.4089 -0.584966 0.811056 -0.00187593 47.0598 -0.00825989 -0.0036445 0.999959 1.07338
0.807808 0.589382 0.00867291 76.9833 -0.58936 0.807854 -0.00509857 46.6184 -0.0100114 -0.000992799 0.999949 1.08061
0.805348 0.59274 0.00859273 77.552 -0.592679 0.805392 -0.00871525 46.1777 -0.0120864 0.00192609 0.999925 1.08397
0.803554 0.595168 0.00872433 78.1117 -0.595077 0.803593 -0.0110433 45.7441 -0.0135834 0.00368226 0.999901 1.08582
0.802451 0.596648 0.00906671 78.6585 -0.596544 0.802492 -0.0118776 45.3209 -0.0143627 0.00412247 0.999888 1.08752
0.801807 0.597518 0.00882531 79.1957 -0.59741 0.801843 -0.0122068 44.9047 -0.0143703 0.0045152 0.999887 1.0885
0.802159 0.597064 0.00737066 79.7176 -0.596961 0.802174 -0.0123962 44.4988 -0.0133139 0.00554377 0.999896 1.08936
0.803792 0.594883 0.00574245 80.227 -0.594787 0.803784 -0.0126595 44.1053 -0.0121466 0.0067601 0.999903 1.09048
0.806624 0.591044 0.00494145 80.726 -0.590957 0.806609 -0.0123398 43.7272 -0.0112792 0.00703338 0.999912 1.09222
0.811067 0.584934 0.00477193 81.2134 -0.584857 0.811055 -0.0115412 43.3682 -0.0106212 0.00656983 0.999922 1.09489
0.817271 0.576232 0.00489457 81.6899 -0.576163 0.817265 -0.0106769 43.0253 -0.0101526 0.00590589 0.999931 1.09884
0.824868 0.565305 0.00485421 82.1538 -0.565239 0.824862 -0.0103981 42.7011 -0.00988212 0.00583324 0.999934 1.10355
0.834152 0.551519 0.00416128 82.6087 -0.551471 0.834147 -0.00890796 42.4011 -0.00838402 0.00513577 0.999952 1.10792
0.845233 0.534392 0.00236268 83.064 -0.534368 0.845225 -0.00666431 42.1189 -0.00555835 0.00437036 0.999975 1.11592
0.857705 0.514142 0.000253802 83.5199 -0.514137 0.857699 -0.00384318 41.8525 -0.00219362 0.00316582 0.999993 1.12427
0.871652 0.490125 -0.000804 83.9802 -0.490126 0.87165 -0.00188358 41.5986 -0.000222384 0.00203589 0.999998 1.13103
0.887029 0.461714 -0.000495813 84.4467 -0.461715 0.887028 -0.00108784 41.361 -6.24734e-05 0.00119387 0.999999 1.13809
0.903569 0.42844 0.00130972 84.9188 -0.428437 0.903569 -0.00195541 41.1417 -0.0020212 0.00120572 0.999997 1.14564
0.920583 0.390519 0.00465931 85.3981 -0.390511 0.920595 -0.00258072 40.9466 -0.00529715 0.000556252 0.999986 1.15432
0.937074 0.349002 0.00952013 85.8818 -0.348992 0.937122 -0.00276528 40.777 -0.00988661 -0.000731178 0.999951 1.16261
0.952783 0.303323 0.0141407 86.373 -0.303339 0.952882 -0.00104164 40.6303 -0.0137904 -0.00329696 0.9999 1.17092
0.967247 0.253282 0.0167878 86.8641 -0.253335 0.967378 0.00112241 40.5189 -0.0159559 -0.0053386 0.999858 1.17993
0.979909 0.198713 0.0171003 87.3508 -0.198769 0.980045 0.00164964 40.4338 -0.0164312 -0.0050155 0.999852 1.1835
0.990183 0.139008 0.0146313 87.8335 -0.139004 0.990291 -0.00132917 40.3747 -0.014674 -0.000717681 0.999892 1.18691
0.997147 0.0748363 0.00990862 88.3093 -0.0748113 0.997194 -0.00287524 40.351 -0.010096 0.00212576 0.999947 1.1906
0.999957 0.00835264 0.00403121 88.7807 -0.00832947 0.999949 -0.00573106 40.3597 -0.00407887 0.00569723 0.999975 1.19485
0.998233 -0.059423 -0.00021208 89.2466 0.0594216 0.998224 -0.00423819 40.4087 0.00046355 0.0042181 0.999991 1.19768
0.991856 -0.127315 -0.00353001 89.7059 0.127305 0.991859 -0.00292385 40.4914 0.00387352 0.00245065 0.999989 1.20086
0.980802 -0.194918 -0.00579607 90.158 0.194896 0.980815 -0.00410918 40.6027 0.00648582 0.00290067 0.999975 1.20572
0.965359 -0.260874 -0.00519441 90.6017 0.260842 0.965362 -0.00617384 40.7424 0.00662508 0.00460505 0.999967 1.21369
0.945643 -0.325204 -0.00100281 91.0354 0.325193 0.94563 -0.00584929 40.9137 0.00285049 0.00520523 0.999982 1.22359
0.921687 -0.3879 0.00526859 91.4559 0.387923 0.921681 -0.00446139 41.1164 -0.00312539 0.00615581 0.999976 1.23488
0.894489 -0.446978 0.0100199 91.8612 0.447017 0.894523 -0.00197804 41.3508 -0.00807887 0.00624839 0.999948 1.2445
0.865052 -0.501445 0.0154429 92.256 0.501491 0.865162 0.000964941 41.6091 -0.0138445 0.00690976 0.99988 1.25038
0.835033 -0.549892 0.0183836 92.6375 0.549886 0.835219 0.00581752 41.8932 -0.0185533 0.00525106 0.999814 1.25755
0.806082 -0.591504 0.0188457 93.0045 0.591439 0.806295 0.00942449 42.1968 -0.0207698 0.0035492 0.999778 1.26066
0.779605 -0.626058 0.0163748 93.3612 0.625848 0.779773 0.0164056 42.5269 -0.0230395 -0.00254172 0.999731 1.25698
0.755764 -0.654731 0.012219 93.7068 0.654506 0.755841 0.0180287 42.8632 -0.0210396 -0.00562805 0.999763 1.248
0.733915 -0.679172 0.00974195 94.0526 0.678953 0.733946 0.0185945 43.2081 -0.0197789 -0.00703245 0.99978 1.23818
0.717347 -0.696588 0.0133609 94.403 0.696453 0.717471 0.0136905 43.5519 -0.0191227 -0.000515616 0.999817 1.23161
0.70578 -0.708254 0.0158225 94.7514 0.708162 0.705952 0.0118032 43.9056 -0.0195296 0.00287446 0.999805 1.2301
0.69637 -0.717566 0.012937 95.0971 0.717434 0.69649 0.013806 44.275 -0.0189172 -0.000332619 0.999821 1.223
0.689197 -0.724519 0.00892816 95.4465 0.724325 0.689231 0.0177148 44.6582 -0.0189883 -0.00574207 0.999803 1.20949
0.684581 -0.72893 0.0030194 95.7979 0.728722 0.684474 0.0214567 45.049 -0.0177071 -0.0124885 0.999765 1.20226
0.682447 -0.730926 -0.00361035 96.1577 0.730801 0.68222 0.0224837 45.4459 -0.0139709 -0.0179824 0.999741 1.19976
0.681774 -0.731536 -0.00625766 96.5291 0.731467 0.681522 0.0219774 45.8451 -0.0118125 -0.0195609 0.999739 1.20123
0.683368 -0.730039 -0.00716525 96.9122 0.730018 0.68316 0.0191219 46.2476 -0.0090647 -0.018298 0.999791 1.201
0.686464 -0.727103 -0.00938817 97.3061 0.72716 0.686364 0.01191 46.653 -0.00221612 -0.0150025 0.999885 1.19614
0.689542 -0.724148 -0.0119116 97.7059 0.724239 0.689512 0.00712988 47.0665 0.00305009 -0.0135432 0.999904 1.19231
0.69272 -0.721049 -0.015069 98.1154 0.721203 0.692637 0.0110067 47.5001 0.00250092 -0.0184924 0.999826 1.19491
0.696815 -0.717082 -0.0155479 98.5346 0.717249 0.696608 0.0170418 47.9437 -0.00138954 -0.0230267 0.999734 1.19982
0.700382 -0.71368 -0.0112102 98.9736 0.713744 0.700141 0.0192934 48.3855 -0.0059206 -0.021514 0.999751 1.20453
0.703079 -0.711095 -0.00484355 99.4259 0.711014 0.702853 0.0213612 48.8312 -0.0117855 -0.0184624 0.99976 1.20781
0.705561 -0.70865 -0.00018847 99.8854 0.708453 0.705359 0.0237199 49.2853 -0.0166762 -0.0168694 0.999719 1.20885
0.70786 -0.706343 0.00373056 100.352 0.706123 0.707754 0.0217751 49.7428 -0.018021 -0.0127795 0.999756 1.20472
0.708311 -0.705884 0.00494245 100.826 0.705734 0.708278 0.0168115 50.2025 -0.0153676 -0.00841972 0.999846 1.2003
0.708178 -0.706029 0.00256894 101.302 0.705971 0.708158 0.0108213 50.6699 -0.00945941 -0.00584984 0.999938 1.19643
0.707778 -0.70643 -0.00272882 101.781 0.706434 0.707763 0.00486143 51.1483 -0.00150291 -0.00536854 0.999985 1.19282
0.706125 -0.708045 -0.00777853 102.27 0.708081 0.706123 0.00351422 51.6409 0.00300437 -0.00798931 0.999964 1.19034
0.704315 -0.709869 -0.00505805 102.773 0.709887 0.70429 0.00596045 52.146 -0.000668811 -0.00778868 0.999969 1.19037
0.703044 -0.711144 0.00189985 103.29 0.711102 0.703028 0.00924437 52.6618 -0.00790972 -0.00514821 0.999955 1.19548
0.701173 -0.71297 0.00553636 103.809 0.712838 0.701162 0.0152713 53.1884 -0.0147699 -0.00676132 0.999868 1.20124
0.699795 -0.714337 0.003183 104.325 0.714196 0.699733 0.0172501 53.7224 -0.0145496 -0.00979824 0.999846 1.20116
0.698437 -0.715663 -0.00355265 104.843 0.715603 0.698292 0.017337 54.2655 -0.00992669 -0.0146511 0.999843 1.19754
0.69584 -0.718159 -0.00742252 105.372 0.718183 0.695724 0.0134722 54.8111 -0.00451117 -0.0147052 0.999882 1.19283
0.692861 -0.721018 -0.00872216 105.91 0.72107 0.692791 0.00991408 55.3669 -0.0011056 -0.0131584 0.999913 1.19074
0.690097 -0.723688 -0.00650103 106.457 0.723713 0.690033 0.00972389 55.9354 -0.00255114 -0.0114153 0.999932 1.19319
0.687464 -0.726214 -0.00261907 107.011 0.726208 0.68743 0.0079381 56.5097 -0.00396433 -0.00735914 0.999965 1.19811
0.68604 -0.727564 5.62416e-05 107.571 0.727532 0.68601 0.00937414 57.0969 -0.00685887 -0.00639012 0.999956 1.20321
0.684879 -0.728648 0.00373273 108.143 0.728596 0.684878 0.00951302 57.6999 -0.00948811 -0.00379561 0.999948 1.20323
0.684369 -0.729088 0.00837699 108.718 0.729055 0.684419 0.00698828 58.3011 -0.0108284 0.00132473 0.99994 1.20205
0.683894 -0.72953 0.00862039 109.293 0.72948 0.683948 0.00856963 58.9135 -0.0121477 0.000427687 0.999926 1.20285
0.684245 -0.729239 0.00433499 109.863 0.729178 0.684248 0.0102493 59.5296 -0.0104404 -0.00385205 0.999938 1.20317
0.684698 -0.728824 -0.00182606 110.435 0.728791 0.684637 0.0116759 60.1502 -0.00725946 -0.00932525 0.99993 1.20278
0.685245 -0.728265 -0.00833413 111.011 0.72829 0.685088 0.0157777 60.7742 -0.00578074 -0.0168812 0.999841 1.20151
0.687103 -0.726438 -0.0133172 111.591 0.726532 0.6868 0.0213873 61.4056 -0.00639032 -0.0243706 0.999683 1.2044
0.689482 -0.724164 -0.0141945 112.178 0.724245 0.689047 0.0261361 62.0355 -0.00914616 -0.0283006 0.999558 1.20972
0.691292 -0.722424 -0.0147982 112.773 0.722524 0.690855 0.0260375 62.659 -0.00858669 -0.0286916 0.999551 1.21264
0.6928 -0.720943 -0.0164204 113.37 0.72111 0.692431 0.0232377 63.2838 -0.00538312 -0.02794 0.999595 1.2109
0.693528 -0.72035 -0.0106609 113.982 0.720402 0.693297 0.0189984 63.9157 -0.00629433 -0.0208561 0.999763 1.20161
0.69384 -0.720106 -0.00582413 114.594 0.720103 0.693724 0.014104 64.5409 -0.00611601 -0.0139799 0.999884 1.19769
0.694905 -0.719087 -0.00456677 115.199 0.719075 0.694812 0.0129308 65.1686 -0.00612531 -0.0122695 0.999906 1.19707
0.695651 -0.718355 -0.00595578 115.801 0.718336 0.695494 0.016784 65.8028 -0.00791468 -0.0159541 0.999841 1.19425
0.696309 -0.717729 -0.00431309 116.404 0.717623 0.696071 0.0223875 66.4376 -0.0130659 -0.0186838 0.99974 1.19078
0.696999 -0.717062 -0.00367498 117.007 0.716816 0.696605 0.0302499 67.0677 -0.019131 -0.0237184 0.999536 1.19189
0.697919 -0.716149 -0.00639375 117.602 0.716053 0.697604 0.0248192 67.6698 -0.013314 -0.0219001 0.999671 1.1984
0.698273 -0.715745 -0.0111355 118.2 0.715832 0.69819 0.0107618 68.2563 7.19628e-05 -0.0154858 0.99988 1.20624
0.69799 -0.715968 -0.0141238 118.8 0.71602 0.698077 -0.0018156 68.8419 0.0111594 -0.00884568 0.999899 1.21539
0.697376 -0.716638 -0.00981773 119.405 0.716685 0.697395 0.00194336 69.4466 0.00545415 -0.00839147 0.99995 1.22811
0.696416 -0.717614 0.0058805 120.017 0.717457 0.696401 0.016788 70.0642 -0.0161425 -0.00747242 0.999842 1.24225
0.695195 -0.718606 0.0175905 120.624 0.718019 0.695368 0.0302113 70.6779 -0.0339419 -0.00837239 0.999389 1.25554
0.694823 -0.719057 0.0133444 121.211 0.718586 0.694884 0.0277578 71.2711 -0.0292322 -0.00969763 0.999526 1.24789
0.6942 -0.719781 -0.000658718 121.786 0.719653 0.694059 0.0194993 71.8551 -0.013578 -0.0140105 0.99981 1.22915
0.693442 -0.720485 -0.00626794 122.368 0.720499 0.69335 0.0121499 72.4373 -0.00440793 -0.0129413 0.999907 1.21269
0.692099 -0.721789 -0.00440367 122.957 0.721798 0.692057 0.00805139 73.0227 -0.00276381 -0.00875092 0.999958 1.21289
0.690135 -0.723677 -0.00226695 123.536 0.723654 0.690079 0.0107228 73.6219 -0.00619546 -0.00904066 0.99994 1.2135
0.687582 -0.726101 -0.00281763 124.104 0.726092 0.687539 0.00895109 74.2161 -0.00456217 -0.00820048 0.999956 1.20246
0.68406 -0.729413 -0.0043834 124.67 0.729423 0.684026 0.00715087 74.8074 -0.00221758 -0.00808898 0.999965 1.18753
0.681703 -0.731593 -0.00725304 125.226 0.731622 0.681619 0.011148 75.4077 -0.00321196 -0.0129061 0.999912 1.18351
0.68005 -0.733051 -0.0129808 125.78 0.733165 0.679909 0.0139196 76.0082 -0.00137797 -0.0189831 0.999819 1.17649
0.67867 -0.734322 -0.013339 126.338 0.734434 0.678455 0.0174679 76.6089 -0.00377715 -0.0216516 0.999758 1.17555
0.677612 -0.735358 -0.00947762 126.901 0.735371 0.677363 0.020222 77.2065 -0.00845059 -0.0206722 0.999751 1.17469
0.676648 -0.736261 -0.00823342 127.458 0.736251 0.676417 0.0198697 77.8 -0.00906002 -0.0195066 0.999769 1.17372
0.674779 -0.737967 -0.0087657 128.01 0.737999 0.674625 0.0154428 78.394 -0.0054827 -0.0168895 0.999842 1.17143
0.671479 -0.740991 -0.00698662 128.558 0.741019 0.671412 0.00985901 78.9808 -0.00261454 -0.0117973 0.999927 1.16548
0.66664 -0.745359 -0.00556148 129.103 0.74538 0.666615 0.00574431 79.5801 -0.000574209 -0.0079748 0.999968 1.16458
0.661583 -0.749868 -0.00250283 129.642 0.749856 0.661544 0.00866516 80.1924 -0.00484199 -0.00760949 0.999959 1.16766
0.656858 -0.754005 0.00365328 130.182 0.75389 0.65683 0.0149625 80.81 -0.0136814 -0.00707409 0.999881 1.17186
0.653505 -0.756834 0.0115769 130.712 0.756588 0.653595 0.0197003 81.4323 -0.0224765 -0.00411524 0.999739 1.16702
0.650338 -0.759597 0.00849391 131.229 0.759183 0.650292 0.027575 82.058 -0.0264695 -0.0114847 0.999584 1.15942
0.647029 -0.762458 0.00331521 131.739 0.762155 0.646884 0.0257152 82.6777 -0.0217514 -0.0141118 0.999664 1.14971
0.641802 -0.766867 -0.00232575 132.25 0.766783 0.64168 0.0170475 83.2892 -0.0115808 -0.0127245 0.999852 1.13765
0.636788 -0.771031 -0.00365604 132.764 0.771024 0.636737 0.00939882 83.9087 -0.00491884 -0.00880395 0.999949 1.12504
0.631632 -0.775265 -0.00238205 133.279 0.775252 0.631595 0.00853822 84.5409 -0.00511489 -0.0072397 0.999961 1.12139
0.625585 -0.780135 -0.00563969 133.786 0.780105 0.625445 0.0159821 85.1892 -0.00894086 -0.0143977 0.999856 1.12559
0.619425 -0.784982 -0.0107686 134.283 0.785014 0.619193 0.0187637 85.8385 -0.00806135 -0.0200762 0.999766 1.12477
0.611647 -0.790969 -0.0159761 134.78 0.791127 0.611457 0.0154804 86.4808 -0.00247586 -0.0221077 0.999753 1.12078
0.604769 -0.796231 -0.0164353 135.276 0.796401 0.604651 0.0119505 87.1269 0.000422265 -0.0203164 0.999794 1.11324
0.598301 -0.801115 -0.0158089 135.771 0.80127 0.598161 0.0130043 87.7858 -0.000961743 -0.0204477 0.99979 1.10985
0.591972 -0.805822 -0.0148115 136.253 0.80592 0.591666 0.0205886 88.4597 -0.00782725 -0.0241247 0.999678 1.10568
0.585459 -0.810574 -0.0143841 136.729 0.810587 0.584986 0.0271954 89.1399 -0.0136294 -0.0275813 0.999527 1.10471
0.579275 -0.815044 -0.0119648 137.203 0.814943 0.578763 0.0300314 89.816 -0.0175522 -0.0271471 0.999477 1.10127
0.57404 -0.818751 -0.0111549 137.674 0.818603 0.573512 0.0311866 90.4924 -0.0191366 -0.0270338 0.999451 1.09548
0.570412 -0.82128 -0.0113484 138.14 0.82116 0.569917 0.029825 91.1712 -0.018027 -0.0263314 0.999491 1.09053
0.566748 -0.823695 -0.0179687 138.597 0.823804 0.566239 0.0268245 91.8506 -0.0119206 -0.0300054 0.999479 1.08679
0.5638 -0.82548 -0.026702 139.043 0.825887 0.563242 0.025871 92.5349 -0.00631631 -0.0366389 0.999309 1.0802
0.561522 -0.826938 -0.0294335 139.492 0.827457 0.561046 0.0232704 93.2209 -0.0027296 -0.0374218 0.999296 1.07165
0.55894 -0.828737 -0.027945 139.952 0.829165 0.558246 0.0291214 93.9185 -0.00853376 -0.0394481 0.999185 1.0638
0.55712 -0.830057 -0.0249427 140.408 0.830239 0.556092 0.0382733 94.624 -0.0178986 -0.0420312 0.998956 1.05476
0.554379 -0.831986 -0.021538 140.864 0.831852 0.553104 0.0457986 95.3259 -0.026191 -0.0433062 0.998718 1.04658
0.550436 -0.834614 -0.0209936 141.314 0.834527 0.549301 0.0428198 96.0157 -0.0242062 -0.0410892 0.998862 1.0338
0.546114 -0.837544 -0.0167311 141.768 0.837561 0.545528 0.0298439 96.6939 -0.0158683 -0.0303114 0.999415 1.01812
0.540354 -0.841288 -0.0158664 142.214 0.841394 0.540039 0.020314 97.3789 -0.00852149 -0.0243266 0.999668 0.997886
0.534517 -0.844957 -0.0184232 142.646 0.845099 0.534094 0.0234955 98.0836 -0.010013 -0.0281281 0.999554 0.983458
0.528255 -0.848963 -0.0144644 143.083 0.848954 0.527795 0.0266323 98.7942 -0.0149756 -0.0263483 0.999541 0.973748
0.521929 -0.852946 -0.00859364 143.524 0.85276 0.521529 0.028426 99.5057 -0.019764 -0.0221647 0.999559 0.962559
0.51696 -0.856009 -0.000296134 143.965 0.855725 0.516779 0.0259549 100.222 -0.0220646 -0.013671 0.999663 0.946432
0.51174 -0.859131 0.00403089 144.4 0.858834 0.511677 0.0243098 100.943 -0.0229478 -0.00897842 0.999696 0.933895
0.506534 -0.862209 0.00424136 144.824 0.862041 0.506523 0.0178718 101.664 -0.0175576 -0.00539645 0.999831 0.921655
0.500526 -0.865702 0.00573945 145.244 0.86569 0.500554 0.0052588 102.378 -0.00742546 0.00233641 0.99997 0.905953
0.494549 -0.869065 0.0121541 145.67 0.86915 0.494495 -0.00733257 103.093 0.000362338 0.01419 0.999899 0.895956
0.488947 -0.872196 0.0143234 146.085 0.872282 0.489004 0.000489938 103.836 -0.00743152 0.0122545 0.999897 0.889184
0.484198 -0.874875 0.0120987 146.487 0.874721 0.484343 0.016573 104.597 -0.0203592 0.00255833 0.999789 0.884481
0.479777 -0.877323 0.0109338 146.886 0.876904 0.479888 0.0273332 105.355 -0.0292271 -0.00352594 0.999567 0.879799
0.476318 -0.879212 0.0103522 147.283 0.878839 0.47642 0.0258161 106.101 -0.0276298 -0.00319875 0.999613 0.865478
0.474836 -0.880064 0.00415049 147.673 0.879906 0.474833 0.0172775 106.842 -0.0171761 -0.00455196 0.999842 0.848585
0.472514 -0.881267 -0.00997238 148.052 0.881294 0.472376 0.013436 107.591 -0.00712994 -0.0151373 0.99986 0.836362
0.470778 -0.882171 -0.0119553 148.444 0.882244 0.470676 0.0104341 108.343 -0.00357755 -0.0154597 0.999874 0.828636
0.468357 -0.883526 -0.00480714 148.853 0.883512 0.468292 0.0104458 109.096 -0.00697799 -0.00913952 0.999934 0.826548
0.46793 -0.883766 -0.000426438 149.255 0.883621 0.467844 0.0183311 109.86 -0.0160009 -0.00895446 0.999832 0.823599
0.468145 -0.883651 0.00103067 149.652 0.883369 0.468025 0.0247344 110.628 -0.022339 -0.0106689 0.999694 0.822582
0.466708 -0.88441 0.001432 150.05 0.884161 0.466614 0.0230248 111.386 -0.0210315 -0.00947974 0.999734 0.81995
0.464982 -0.885319 -0.00158716 150.443 0.885216 0.464899 0.0161551 112.139 -0.0135645 -0.00891679 0.999868 0.816325
0.46319 -0.886257 0.0016607 150.846 0.886257 0.463192 0.00141763 112.882 -0.00202561 0.000815174 0.999998 0.811546
0.461251 -0.887222 0.00919413 151.252 0.887263 0.461183 -0.00858834 113.627 0.00337958 0.012119 0.999921 0.811863
0.460148 -0.887785 0.0100835 151.648 0.887842 0.460131 -0.00409455 114.392 -0.00100464 0.0108366 0.999941 0.816752
0.45892 -0.88842 0.0100996 152.038 0.888417 0.458992 0.0064946 115.163 -0.0104056 0.00599215 0.999928 0.82694
0.457335 -0.889231 0.0106718 152.423 0.889147 0.457445 0.0126955 115.923 -0.016171 0.00368274 0.999862 0.832463
0.45652 -0.889649 0.0107018 152.81 0.889627 0.456611 0.00839398 116.669 -0.0123542 0.00568855 0.999907 0.830792
0.456528 -0.889679 0.00734032 153.194 0.889689 0.456558 0.00293701 117.412 -0.00596427 0.00518978 0.999969 0.827313
0.456336 -0.889807 0.000539306 153.568 0.889797 0.456334 0.00443392 118.165 -0.00419143 -0.00154349 0.99999 0.826636
0.45591 -0.890026 -0.000249171 153.947 0.889986 0.455887 0.0095805 118.918 -0.0084133 -0.00458961 0.999954 0.829955
0.455137 -0.890419 -0.00193889 154.325 0.890348 0.455071 0.013846 119.667 -0.0114464 -0.00802812 0.999902 0.833916
0.454811 -0.890582 -0.00324869 154.702 0.890472 0.454689 0.0178245 120.416 -0.014397 -0.0109996 0.999836 0.832163
0.454343 -0.890801 -0.00681376 155.072 0.890712 0.454148 0.0195141 121.162 -0.0142887 -0.0149352 0.999786 0.829978
0.453837 -0.891061 -0.00641902 155.443 0.891002 0.453686 0.0168648 121.901 -0.0121154 -0.0133732 0.999837 0.828346
0.452993 -0.891446 -0.0109976 155.805 0.891492 0.45286 0.012609 122.631 -0.00625988 -0.015516 0.99986 0.823617
0.451892 -0.891984 -0.0125562 156.165 0.892058 0.451758 0.0121378 123.362 -0.00515431 -0.0166858 0.999847 0.817211
0.454407 -0.890701 -0.0128984 156.489 0.890783 0.454281 0.0116399 123.996 -0.00450817 -0.0167789 0.999849 0.810887
0.457095 -0.88932 -0.0131985 156.811 0.88941 0.456976 0.0111262 124.626 -0.00386334 -0.0168246 0.999851 0.804572
0.459778 -0.887931 -0.013502 157.133 0.888028 0.459667 0.0106143 125.256 -0.00321832 -0.0168704 0.999852 0.798255
0.462457 -0.886534 -0.0138086 157.455 0.886638 0.462354 0.0101044 125.886 -0.00257346 -0.0169161 0.999854 0.791939
0.465131 -0.885129 -0.0141184 157.777 0.88524 0.465036 0.00959657 126.516 -0.00192865 -0.0169618 0.999854 0.785623
0.467801 -0.883716 -0.0144314 158.099 0.883833 0.467715 0.00909056 127.146 -0.00128368 -0.0170075 0.999855 0.779305
0.470467 -0.882294 -0.0147476 158.421 0.882417 0.470389 0.00858652 127.776 -0.000638714 -0.0170532 0.999854 0.772987
0.473128 -0.880865 -0.015067 158.743 0.880993 0.473059 0.00808447 128.406 6.27642e-06 -0.0170989 0.999854 0.766668
0.475785 -0.879427 -0.0153896 159.065 0.879561 0.475725 0.00758443 129.037 0.000651268 -0.0171446 0.999853 0.760348
0.478438 -0.877981 -0.0157153 159.387 0.87812 0.478387 0.00708641 129.667 0.00129627 -0.0171903 0.999851 0.754028
0.481086 -0.876527 -0.0160441 159.709 0.876671 0.481044 0.00659044 130.297 0.00194125 -0.017236 0.99985 0.747708
0.483728 -0.875065 -0.0163761 160.031 0.875214 0.483697 0.00609663 130.927 0.0025861 -0.0172817 0.999847 0.741389
0.486366 -0.873595 -0.0167111 160.353 0.873749 0.486345 0.0056049 131.557 0.00323094 -0.0173273 0.999845 0.735069
0.489 -0.872117 -0.0170492 160.675 0.872275 0.488988 0.00511523 132.187 0.0038758 -0.017373 0.999842 0.728749
0.491628 -0.870632 -0.0173904 160.997 0.870794 0.491627 0.0046278 132.816 0.00452048 -0.0174186 0.999838 0.72243
0.494251 -0.869139 -0.0177346 161.318 0.869304 0.49426 0.00414261 133.446 0.00516499 -0.0174642 0.999834 0.716112
0.500284 -0.865689 -0.0172896 161.635 0.865849 0.500284 0.00462128 134.021 0.00464912 -0.0172821 0.99984 0.715284
0.505455 -0.862776 -0.011522 161.961 0.862853 0.505395 0.00779032 134.582 -0.000898153 -0.0138794 0.999903 0.718843
0.510574 -0.859831 -0.0021278 162.298 0.8598 0.51053 0.0101454 135.135 -0.00763702 -0.00700946 0.999946 0.726825
