0.482225 -0.875762 0.0223431 0.687687 0.876012 0.482277 -0.00335446 0.551613 -0.00783787 0.0211904 0.999745 0.786409
0.481226 -0.876274 0.0238487 1.06165 0.876565 0.481266 -0.00442101 1.23273 -0.00760351 0.0230324 0.999709 0.787119
0.479127 -0.877483 0.0215872 1.52693 0.877728 0.479136 -0.00514256 2.13683 -0.00583063 0.0214116 0.999762 0.797083
0.477813 -0.878242 0.0198286 1.98467 0.878457 0.477782 -0.006694 2.98713 -0.00359466 0.020617 0.999794 0.797976
0.476458 -0.879047 0.0165936 2.38128 0.879201 0.476415 -0.00681628 3.78596 -0.0019134 0.0178366 0.99986 0.790736
0.475096 -0.879842 0.0133585 2.77667 0.879942 0.475047 -0.00694361 4.5854 -0.000236425 0.0150535 0.999916 0.784903
0.473991 -0.880431 0.0139149 3.20602 0.880538 0.473972 -0.00501949 5.37693 -0.00217551 0.0146315 0.999928 0.789923
0.472885 -0.881019 0.0144688 3.63438 0.881128 0.472895 -0.00309465 6.16902 -0.00411513 0.014212 0.999937 0.793197
0.471776 -0.881603 0.0152319 4.06165 0.881718 0.471806 -0.00201397 6.97339 -0.00541016 0.0143799 0.999938 0.797953
0.470636 -0.882205 0.0157812 4.49117 0.88233 0.470667 -0.00217313 7.78003 -0.00550961 0.0149464 0.999938 0.795258
0.469495 -0.882806 0.0163308 4.91964 0.88294 0.469526 -0.00233158 8.58722 -0.00560832 0.0155129 0.999938 0.792473
0.468863 -0.883139 0.0165728 5.36564 0.883278 0.468896 -0.00237652 9.42269 -0.00567092 0.0157516 0.999944 0.792954
0.468492 -0.883328 0.01713 5.81634 0.883469 0.468544 -0.00140268 10.2558 -0.00678573 0.0157899 0.999945 0.798652
0.468473 -0.883318 0.0182781 6.26637 0.883461 0.468567 0.000693809 11.0909 -0.00917567 0.0158218 0.999934 0.800666
0.468451 -0.883307 0.0194263 6.71639 0.883447 0.468591 0.00279028 11.926 -0.0115656 0.0158537 0.999917 0.800413
0.469671 -0.882613 0.0215492 7.16374 0.882769 0.469861 0.00418188 12.7491 -0.0138137 0.0170573 0.999878 0.79462
0.472301 -0.881169 0.0232037 7.59948 0.881378 0.472484 0.00249018 13.575 -0.0131552 0.0192731 0.999856 0.771865
0.474928 -0.879713 0.024853 8.03767 0.879978 0.475099 0.000793551 14.3997 -0.0125033 0.0214908 0.99983 0.749732
0.47604 -0.879195 0.0218824 8.45599 0.879438 0.476094 -0.00331429 15.266 -0.00750235 0.0208195 0.999906 0.777481
0.476785 -0.878869 0.0186517 8.9041 0.879053 0.476809 -0.00381252 16.1379 -0.00554095 0.0182113 0.999982 0.788759
0.476812 -0.878856 0.018752 9.39063 0.879009 0.476913 0.000615183 17.0183 -0.00948126 0.0161876 1 0.773227
0.476224 -0.879036 0.0246027 9.87179 0.879277 0.476423 0.00225423 17.8543 -0.0136994 0.0205557 0.999886 0.745572
0.475394 -0.879244 0.0322042 10.3511 0.879711 0.475637 -0.000386032 18.7077 -0.0149742 0.0285084 0.999687 0.738504
0.474449 -0.879558 0.037321 10.805 0.880266 0.474581 -0.00598016 19.5645 -0.0124484 0.0356823 0.999507 0.75236
0.473067 -0.880292 0.0376595 11.2585 0.881057 0.473049 -0.0101189 20.434 -0.00890436 0.0379591 0.999475 0.756517
0.471354 -0.881278 0.0361584 11.7082 0.882004 0.471237 -0.0123924 21.3076 -0.00611578 0.0377249 0.999519 0.753276
0.469837 -0.88225 0.0320732 12.1994 0.882811 0.469818 -0.00878799 22.2176 -0.00731267 0.0324364 0.999712 0.747728
0.468586 -0.88302 0.0292026 12.6897 0.883465 0.468651 -0.00516397 23.126 -0.00912264 0.028213 0.999842 0.739466
0.467631 -0.883582 0.0276141 13.1615 0.883954 0.467767 -0.0018438 24.0187 -0.0112838 0.025266 0.999914 0.742785
0.466678 -0.884139 0.0260218 13.6323 0.884434 0.466873 0.00147486 24.912 -0.0134481 0.022321 0.999973 0.743919
0.466174 -0.884409 0.0260727 14.1055 0.884664 0.466431 0.00437122 25.7965 -0.0160214 0.0210226 0.999979 0.744043
0.465935 -0.884497 0.0275245 14.5512 0.884736 0.466275 0.00712809 26.6987 -0.0191319 0.0210249 0.999941 0.739303
0.466098 -0.884425 0.0272567 15.0058 0.88464 0.466453 0.0081578 27.5846 -0.0199217 0.0203039 0.999957 0.726367
0.46622 -0.884405 0.0259708 15.473 0.884591 0.466556 0.00849123 28.4754 -0.0196194 0.0190086 1.00001 0.730264
0.466338 -0.884376 0.0250416 15.9313 0.884596 0.466604 0.0058194 29.3567 -0.0168248 0.0194308 1.00007 0.718311
0.465972 -0.884615 0.0236309 16.3907 0.884821 0.466202 0.00519251 30.2483 -0.0156042 0.0184822 1.00013 0.713938
0.464886 -0.885154 0.0250813 16.8499 0.88539 0.465138 0.00517721 31.1404 -0.0162425 0.0197912 1.00011 0.705617
0.4638 -0.885689 0.0265317 17.3081 0.885959 0.464074 0.00516366 32.0331 -0.0168793 0.0211009 1.0001 0.696669
0.463267 -0.885954 0.0272406 17.7771 0.886249 0.463543 0.00473711 32.9097 -0.0168171 0.021936 1.0001 0.70093
0.463381 -0.886019 0.0231136 18.2154 0.886281 0.463524 0.00126266 33.785 -0.0118277 0.019889 1.00024 0.694767
0.46298 -0.886286 0.0211418 18.6514 0.886529 0.463071 -0.00023989 34.6795 -0.0095737 0.0188427 1.00031 0.682494
0.462372 -0.886595 0.0218112 19.1173 0.886832 0.462506 0.00170575 35.5257 -0.0115951 0.0185424 1.00032 0.683555
0.462317 -0.88657 0.0241859 19.5903 0.886816 0.462537 0.00469691 36.3962 -0.0153438 0.0192638 1.00028 0.677417
0.46195 -0.886722 0.0258816 20.0237 0.886989 0.462217 0.00573545 37.2616 -0.0170403 0.0202924 1.00025 0.672516
0.462386 -0.886446 0.0278152 20.4745 0.886791 0.462641 0.00377515 38.119 -0.0162068 0.0229032 1.00024 0.681358
0.461948 -0.886665 0.0284522 20.9302 0.887054 0.462174 0.00218317 38.9679 -0.015078 0.0242107 1.00025 0.69692
0.461338 -0.886963 0.0293455 21.3911 0.887388 0.461561 0.00161678 39.8412 -0.014971 0.0252738 1.00026 0.691538
0.460308 -0.887373 0.0331688 21.8364 0.887881 0.46063 0.00307029 40.7036 -0.0179931 0.0280124 1.00016 0.67523
0.459446 -0.887618 0.038453 22.2795 0.888234 0.459951 0.00570462 41.5699 -0.0227366 0.0315061 0.999992 0.661701
0.458634 -0.887958 0.0404661 22.7214 0.888573 0.459279 0.00860611 42.4173 -0.0262112 0.0319804 0.999923 0.631006
0.457707 -0.888478 0.039786 23.1389 0.889137 0.458253 0.00615905 43.2786 -0.02369 0.0325252 0.999999 0.642224
0.457028 -0.88897 0.0367399 23.5429 0.889652 0.457323 0.000410853 44.0771 -0.0171578 0.0324661 1.00017 0.661337
0.456208 -0.889542 0.0331749 23.9473 0.890184 0.456295 -0.00443543 44.887 -0.0111871 0.0315234 1.00032 0.666486
0.455068 -0.890318 0.0279069 24.3597 0.890783 0.455174 -0.00165055 45.6994 -0.0112279 0.0255832 1.00052 0.632312
0.45396 -0.890985 0.0248701 24.7714 0.891337 0.454116 0.00218712 46.5231 -0.0132356 0.0211513 1.00063 0.627103
0.453037 -0.891521 0.0228296 25.1751 0.891789 0.453229 0.00563877 47.336 -0.0153652 0.0177836 1.0007 0.631133
0.452324 -0.891897 0.0227137 25.5587 0.892156 0.452527 0.00649339 48.116 -0.0160603 0.0173053 1.00073 0.632166
0.450849 -0.892673 0.022014 25.9485 0.892914 0.451051 0.00720271 48.8895 -0.0163489 0.0163873 1.00078 0.626638
0.449374 -0.893446 0.0213131 26.337 0.89367 0.449573 0.0079109 49.6636 -0.0166391 0.0154697 1.00083 0.620858
0.448535 -0.893894 0.0207118 26.6818 0.8941 0.448734 0.00877004 50.384 -0.0171223 0.0145622 1.00087 0.624755
0.447583 -0.894388 0.02059 27.0463 0.894587 0.447786 0.00938867 51.1195 -0.0176051 0.0141938 1.0009 0.623591
0.446104 -0.895165 0.0194571 27.3915 0.8953 0.446322 0.0123566 51.856 -0.019731 0.0118857 1.00093 0.621495
0.444823 -0.895815 0.0194546 27.7499 0.895894 0.445073 0.0153278 52.5838 -0.0223722 0.0105895 1.00093 0.603917
0.443641 -0.896399 0.0201628 28.1033 0.896427 0.443933 0.0180456 53.2947 -0.0251064 0.0100462 1.00091 0.587781
0.442399 -0.897046 0.019248 28.4294 0.897123 0.442645 0.0159206 53.9793 -0.0227835 0.0102004 1.001 0.596299
0.441328 -0.897661 0.0154499 28.7508 0.897795 0.441455 0.011484 54.6537 -0.0171177 0.00877927 1.00117 0.623198
0.440346 -0.898214 0.0116734 29.0688 0.898389 0.440379 0.00689987 55.3185 -0.0113338 0.00742625 1.00131 0.610772
0.439536 -0.898656 0.00897497 29.377 0.898836 0.439529 0.00537726 55.9478 -0.00877552 0.00568204 1.00139 0.603554
0.439319 -0.898801 0.00620029 29.666 0.898935 0.439296 0.00961469 56.5563 -0.0113604 0.00133363 1.00142 0.607561
0.438197 -0.899352 0.00762089 29.9508 0.899463 0.438192 0.012212 57.1597 -0.014313 0.00148507 1.00143 0.603186
0.436972 -0.899911 0.0124484 30.2368 0.900123 0.437001 0.00683637 57.7568 -0.0115861 0.00818537 1.00148 0.623199
0.437378 -0.899703 0.0143013 30.5024 0.899994 0.437364 0.00132729 58.3036 -0.00744853 0.0122487 1.00153 0.631365
0.437972 -0.899405 0.0158212 30.7735 0.899756 0.437883 -0.00424445 58.8488 -0.00311571 0.0160432 1.00155 0.635761
0.440578 -0.898169 0.0145801 31.02 0.89851 0.440476 -0.00459175 59.3639 -0.00230416 0.0150725 1.00161 0.635477
0.444657 -0.89622 0.0113574 31.2735 0.896518 0.444585 -0.0011589 59.8621 -0.00401392 0.0106534 1.00172 0.640778
0.44886 -0.894147 0.0108176 31.5297 0.894429 0.448813 0.00238201 60.3553 -0.00698317 0.00856466 1.00177 0.63162
0.454023 -0.891475 0.01614 31.781 0.891806 0.454036 0.00404957 60.8824 -0.0109296 0.0125027 1.00175 0.638242
0.460462 -0.888018 0.0236301 32.0312 0.88847 0.460571 0.00432752 61.3606 -0.0147108 0.018933 1.00165 0.635056
0.470029 -0.883072 0.0212699 32.2625 0.883457 0.470133 0.00639657 61.8166 -0.0156312 0.0157209 1.00175 0.654816
0.482553 -0.876401 0.017273 32.5287 0.876706 0.482613 0.00829588 62.2272 -0.0155895 0.0110855 1.00186 0.665837
0.498024 -0.867806 0.0125974 32.7703 0.868017 0.49803 0.0121239 62.6475 -0.0167756 0.00485497 1.00195 0.656608
0.516626 -0.85689 0.012508 33.0403 0.857087 0.516622 0.0130409 63.0473 -0.0176152 0.00394141 1.002 0.658289
0.539379 -0.842724 0.0160113 33.2595 0.842964 0.539418 0.0116587 63.4592 -0.0184385 0.00715627 1.00202 0.647014
0.563939 -0.82647 0.0184941 33.5028 0.826712 0.564019 0.0124028 63.8123 -0.0206534 0.00823762 1.00203 0.647047
0.591133 -0.807234 0.0203772 33.7759 0.807462 0.591247 0.0134317 64.1574 -0.0228574 0.00845386 1.00204 0.639447
0.62077 -0.78468 0.0215058 34.0373 0.784887 0.620901 0.0143044 64.4918 -0.0245404 0.00793915 1.00207 0.636695
0.65314 -0.757974 0.0221714 34.3028 0.758147 0.653275 0.015244 64.845 -0.025998 0.00679306 1.0021 0.637948
0.687543 -0.726916 0.023617 34.5583 0.727084 0.687693 0.0151107 65.1586 -0.0271817 0.00672075 1.00213 0.634442
0.723107 -0.69164 0.0225042 34.8144 0.691763 0.723207 0.0157216 65.4419 -0.0271047 0.00414327 1.00221 0.630583
0.760016 -0.650975 0.0211061 35.1345 0.651078 0.760052 0.0153952 65.6882 -0.0260212 0.00198981 1.00231 0.639863
0.796975 -0.605274 0.0199133 35.4551 0.605375 0.796952 0.0144874 65.9106 -0.0245988 0.000460506 1.00242 0.638882
0.832603 -0.55534 0.0195014 35.7768 0.555425 0.832542 0.0141237 66.1476 -0.0240395 -0.000973656 1.0025 0.61906
0.86646 -0.501002 0.0185819 36.0813 0.501079 0.866351 0.0134427 66.3329 -0.0227955 -0.00237946 1.00259 0.600671
0.89713 -0.443844 0.0187199 36.4425 0.443944 0.897003 0.0112135 66.471 -0.0217324 -0.00179595 1.00269 0.592575
0.923901 -0.385144 0.0186816 36.8341 0.385227 0.923751 0.0107693 66.5874 -0.021368 -0.00279786 1.00276 0.601345
0.946808 -0.324798 0.0206168 37.2244 0.324841 0.946677 0.0109194 66.6845 -0.0230211 -0.00368473 1.00279 0.609346
0.965521 -0.263974 0.0231146 37.5915 0.263936 0.96542 0.0125087 66.7866 -0.025566 -0.00601339 1.00279 0.599304
0.980264 -0.202517 0.0244071 37.9906 0.202432 0.980171 0.0126807 66.8221 -0.0264358 -0.00752232 1.00283 0.578961
0.990819 -0.142368 0.0247251 38.3592 0.142316 0.99073 0.0100329 66.8431 -0.0258686 -0.00645964 1.00293 0.563461
0.997536 -0.0837172 0.0242322 38.7482 0.0837398 0.997441 0.00578929 66.8543 -0.0246008 -0.00379434 1.00305 0.554357
1.00069 -0.027509 0.0244207 39.1402 0.0274795 1.00059 0.00655703 66.8478 -0.0245598 -0.0059316 1.00312 0.586844
1.00074 0.0276334 0.0237261 39.5389 -0.0277775 1.00057 0.010333 66.8073 -0.0234006 -0.0110215 1.00318 0.59475
0.99799 0.0796964 0.0228688 39.9399 -0.0798893 0.99777 0.011837 66.8082 -0.0218243 -0.013652 1.00327 0.577351
0.993208 0.1265 0.0212016 40.3218 -0.126581 0.993007 0.00632597 66.7385 -0.0202055 -0.00899771 1.00343 0.515673
0.986794 0.169537 0.0214901 40.7216 -0.169356 0.986638 -0.00715377 66.6353 -0.022357 0.00333733 1.0035 0.487197
0.979651 0.206792 0.0232984 41.0865 -0.206513 0.979523 -0.0117991 66.5207 -0.02519 0.00665089 1.00351 0.521208
0.97191 0.240771 0.0222888 41.5066 -0.240556 0.971777 -0.0101698 66.4312 -0.0240394 0.00443574 1.00364 0.563782
0.963625 0.27226 0.02073 41.8653 -0.272287 0.963456 0.000159284 66.3652 -0.0198747 -0.00583878 1.00381 0.585375
0.955245 0.300521 0.0193606 42.2854 -0.300677 0.954985 0.00729419 66.2248 -0.016255 -0.0127981 1.0039 0.554106
0.946955 0.325862 0.017945 42.6293 -0.326018 0.946668 0.00784505 66.1069 -0.0143943 -0.0132859 1.00401 0.546063
0.938521 0.349675 0.0138645 42.9988 -0.349739 0.93823 0.00340071 65.9668 -0.0117888 -0.00807081 1.0042 0.523665
0.930775 0.370081 0.00614634 43.3586 -0.370072 0.930443 -0.00153146 65.8521 -0.00627437 -0.000912037 1.00438 0.521565
0.923098 0.388955 -0.000821318 43.7437 -0.388953 0.922752 -0.000735233 65.6913 0.000458 0.000927958 1.0045 0.51511
0.916272 0.404847 0.000153407 44.1694 -0.404848 0.915928 0.00250503 65.4728 0.00086055 -0.00241038 1.0046 0.530127
0.909686 0.419485 0.0041314 44.6134 -0.419505 0.909348 0.00338213 65.2714 -0.00233451 -0.00485034 1.00469 0.515544
0.903487 0.432707 0.00693673 45.0608 -0.432739 0.903171 0.00196992 65.1057 -0.00539241 -0.00482203 1.00478 0.519354
0.897663 0.444706 0.00826084 45.4703 -0.444732 0.897371 -0.000458619 64.9008 -0.00758369 -0.00331011 1.00488 0.515374
0.892421 0.455218 0.00720606 45.9454 -0.455221 0.892133 -0.00359592 64.6356 -0.00802723 -0.000135337 1.00499 0.514399
0.887529 0.464775 0.00526332 46.4162 -0.46476 0.887228 -0.00644363 64.3668 -0.00762505 0.00319166 1.0051 0.516729
0.883971 0.471576 0.00471424 46.8715 -0.471566 0.883674 -0.00631994 64.138 -0.00710657 0.00328319 1.00521 0.520039
0.880648 0.477818 0.00464592 47.3382 -0.477809 0.880356 -0.00638879 63.8766 -0.00710053 0.00332696 1.00532 0.507788
0.878615 0.481624 0.00302627 47.8019 -0.481616 0.878315 -0.0073818 63.6086 -0.00617306 0.00494088 1.00543 0.525617
0.876006 0.48642 0.00271392 48.2788 -0.486416 0.875712 -0.0070023 63.3221 -0.00574213 0.00472917 1.00554 0.51882
0.873603 0.490788 0.00252073 48.8316 -0.490785 0.873313 -0.00715567 63.0244 -0.00567047 0.00492945 1.00566 0.516745
0.87217 0.493398 0.00215409 49.3969 -0.493389 0.871876 -0.00841235 62.708 -0.00598138 0.00618332 1.00576 0.513119
0.870672 0.496099 0.00254404 49.9737 -0.496089 0.870387 -0.0082554 62.3706 -0.00625827 0.00583833 1.00588 0.5156
0.869371 0.498444 0.00137807 50.5312 -0.498429 0.86907 -0.0103297 62.0316 -0.00629179 0.00819274 1.00597 0.501365
0.86916 0.49888 0.00103853 51.1085 -0.498858 0.868847 -0.0119003 61.6676 -0.00677893 0.00971646 1.00607 0.498009
0.869592 0.498194 0.00113945 51.7106 -0.498172 0.869286 -0.0117219 61.3302 -0.00676756 0.00951996 1.00619 0.498388
0.870749 0.49624 -0.00071172 52.3538 -0.496211 0.870385 -0.0159409 60.9892 -0.0072225 0.0140996 1.00625 0.494505
0.872416 0.493371 -0.00160891 53.0113 -0.493339 0.872016 -0.0181985 60.6146 -0.00750253 0.0165221 1.00633 0.489884
0.874599 0.489559 -0.00205454 53.6644 -0.489529 0.874186 -0.0189771 60.2397 -0.00741913 0.0174505 1.00644 0.480673
0.876598 0.486046 -0.000496283 54.3269 -0.485998 0.876215 -0.0181153 59.8737 -0.00828677 0.0159808 1.00657 0.46921
0.878525 0.482625 0.000874262 54.995 -0.48256 0.878163 -0.0177542 59.503 -0.00924433 0.015044 1.0067 0.457625
0.880511 0.47906 0.00211123 55.6987 -0.478972 0.880157 -0.0183359 59.1468 -0.0105389 0.0150044 1.00681 0.444194
0.8823 0.475783 0.00705248 56.4088 -0.475695 0.882063 -0.0133467 58.7513 -0.0124526 0.00834218 1.00698 0.439874
0.884801 0.471218 0.00480433 57.0888 -0.471111 0.884503 -0.0168643 58.4106 -0.0120779 0.0125499 1.00706 0.441249
0.886282 0.468509 0.00382533 57.8332 -0.46846 0.886024 -0.0124654 58.0273 -0.00913008 0.00917516 1.00725 0.459695
0.887098 0.467052 0.00117585 58.5883 -0.467054 0.886859 -0.00815809 57.6398 -0.00478292 0.00662883 1.00743 0.454055
0.887245 0.466848 0.000800387 59.2896 -0.46687 0.88703 -0.00333019 57.2551 -0.0022111 0.00255558 1.00758 0.465158
0.887423 0.466583 0.00195804 60.0275 -0.466613 0.887215 0.000314306 56.8874 -0.00153947 -0.00118689 1.00771 0.456611
0.887356 0.466779 0.00310596 60.7805 -0.466809 0.887156 -0.000749405 56.5319 -0.00303985 -0.000781287 1.00783 0.469612
0.887226 0.467096 0.00432176 61.5205 -0.467124 0.887033 -0.0018315 56.1621 -0.00460861 -0.000392173 1.00795 0.480845
0.887375 0.466861 0.00693788 62.227 -0.466907 0.887194 0.000509052 55.8083 -0.00582508 -0.00366105 1.00806 0.475724
0.887785 0.466158 0.00711692 62.9415 -0.466213 0.887602 0.00177488 55.3997 -0.00539799 -0.00485243 1.00819 0.484856
0.887785 0.466232 0.00745155 63.6823 -0.466302 0.887596 0.00386127 55.0061 -0.00472504 -0.00684316 1.00832 0.486746
0.88757 0.466724 0.00723354 64.4445 -0.466799 0.887374 0.00523873 54.6563 -0.00388944 -0.00795609 1.00844 0.507881
0.886202 0.469382 0.00819291 65.1545 -0.469471 0.886002 0.00636565 54.3084 -0.00418153 -0.00940353 1.00856 0.503703
0.884847 0.471984 0.00957387 65.8815 -0.472094 0.884647 0.00742336 53.9232 -0.0048678 -0.0109891 1.00868 0.504882
0.88197 0.477326 0.0133949 66.6143 -0.477492 0.881783 0.00851263 53.5228 -0.00762361 -0.0137786 1.00876 0.51527
0.879162 0.482507 0.0151025 67.3831 -0.482689 0.879008 0.0073437 53.1139 -0.00958747 -0.0136216 1.00888 0.525123
0.875528 0.489142 0.0152584 68.1158 -0.489331 0.875373 0.00769192 52.6993 -0.00944889 -0.0140714 1.00902 0.53515
0.871363 0.496597 0.0152914 68.8776 -0.496792 0.871207 0.00794476 52.2988 -0.00923079 -0.0143861 1.00915 0.542094
0.86627 0.505534 0.0141662 69.5806 -0.505706 0.866123 0.00661508 51.8623 -0.00878146 -0.0127757 1.00932 0.5459
0.860923 0.514604 0.0161264 70.2691 -0.514817 0.860777 0.00800369 51.4808 -0.0096084 -0.0150509 1.00942 0.541433
0.855092 0.524282 0.0169127 70.9395 -0.524514 0.85495 0.00832728 51.0986 -0.00993429 -0.0158412 1.00954 0.540918
0.849235 0.533773 0.0173616 71.6407 -0.534002 0.849119 0.0070551 50.6444 -0.0108062 -0.0151187 1.00969 0.542366
0.843137 0.543441 0.0168191 72.3118 -0.543666 0.843016 0.00709741 50.2504 -0.010156 -0.0149847 1.00984 0.569658
0.836926 0.553041 0.0163245 72.9654 -0.553263 0.836801 0.00715084 49.8388 -0.009544 -0.0148735 1.00999 0.566423
0.831261 0.561578 0.0166415 73.6088 -0.561818 0.831126 0.00813036 49.3683 -0.00910607 -0.0159528 1.01013 0.55601
0.825662 0.569861 0.0160013 74.2469 -0.5701 0.825513 0.00887981 48.9049 -0.00799903 -0.0162945 1.01028 0.561427
0.820085 0.577958 0.0147383 74.8594 -0.578176 0.819937 0.00833851 48.4777 -0.00712219 -0.015211 1.01045 0.567557
0.814578 0.585757 0.0148271 75.4572 -0.585987 0.814416 0.00940304 48.0539 -0.00642974 -0.0161879 1.01059 0.565949
0.809144 0.593317 0.014386 76.0411 -0.593539 0.808991 0.00875981 47.6252 -0.00630219 -0.0154736 1.01075 0.576466
0.803487 0.600999 0.0152222 76.6485 -0.601239 0.803338 0.00901581 47.1712 -0.00666542 -0.0162339 1.01089 0.580004
0.799001 0.607036 0.0142534 77.2635 -0.607236 0.798906 0.00487118 46.7184 -0.00826566 -0.0124273 1.01109 0.588898
0.795515 0.611636 0.0153835 77.867 -0.611845 0.795443 0.00400403 46.2496 -0.00960619 -0.012476 1.01123 0.601027
0.793573 0.614167 0.0174006 78.4345 -0.614398 0.793532 0.00338221 45.8148 -0.0115256 -0.0132434 1.01135 0.599356
0.792047 0.616209 0.0170738 79.014 -0.616391 0.792049 -0.000512584 45.3784 -0.0136085 -0.0100237 1.01152 0.60037
0.791088 0.617515 0.0167396 79.5252 -0.617663 0.791108 -0.0029436 44.9437 -0.0148142 -0.00794009 1.01168 0.60448
0.791107 0.61756 0.0166182 80.051 -0.617715 0.791125 -0.00259787 44.5579 -0.0145074 -0.00813573 1.01185 0.594891
0.791854 0.616665 0.0168034 80.5733 -0.616863 0.79185 0.000290356 44.132 -0.0129005 -0.0104906 1.01201 0.589738
0.793328 0.614881 0.0150004 81.0923 -0.615059 0.793308 -6.39374e-05 43.7282 -0.0117257 -0.00908701 1.0122 0.616784
0.796872 0.610362 0.01456 81.6175 -0.610544 0.796844 0.000551452 43.3319 -0.0110585 -0.00923738 1.01237 0.614892
0.801496 0.604387 0.0127855 82.1122 -0.604546 0.80146 -0.000445593 42.977 -0.0103171 -0.00730421 1.01256 0.611388
0.808012 0.5957 0.0138005 82.5454 -0.595885 0.807974 0.00133525 42.6288 -0.010156 -0.0092083 1.01271 0.610425
0.816355 0.584284 0.0140707 83.0405 -0.584485 0.816309 0.00269607 42.2902 -0.00971559 -0.0103152 1.01287 0.616522
0.825657 0.571176 0.0125753 83.5269 -0.571369 0.825593 0.0034903 41.9823 -0.00821099 -0.00996068 1.01305 0.625579
0.83784 0.553278 0.010365 84.0097 -0.55346 0.837747 0.00520241 41.6648 -0.00565896 -0.0099878 1.01324 0.616766
0.851172 0.532663 0.00827066 84.4694 -0.532831 0.851053 0.00707057 41.3992 -0.00315778 -0.0103122 1.01342 0.614803
0.865471 0.509215 0.00664306 84.9523 -0.50937 0.865336 0.00854533 41.149 -0.00130487 -0.0106609 1.01359 0.640153
0.881368 0.48127 0.00703706 85.4233 -0.481428 0.881234 0.00873897 40.9281 -0.00189258 -0.0109663 1.01376 0.638597
0.899005 0.447562 0.00742793 85.9722 -0.447723 0.898878 0.00829898 40.6916 -0.00284375 -0.0106662 1.01394 0.625487
0.917315 0.408801 0.00962709 86.4499 -0.408979 0.917209 0.00727587 40.5014 -0.00569428 -0.0104929 1.01411 0.613382
0.935004 0.366543 0.0139866 86.953 -0.366767 0.934931 0.00753779 40.3166 -0.0100872 -0.0120358 1.01423 0.622501
0.951804 0.320366 0.0179076 87.4701 -0.320641 0.951775 0.00818027 40.2221 -0.0141365 -0.013366 1.01434 0.622388
0.966934 0.271244 0.021368 87.9904 -0.271607 0.966924 0.0111007 40.1484 -0.017315 -0.0163311 1.01443 0.615708
0.980683 0.216511 0.0219102 88.5094 -0.216888 0.980681 0.012033 40.1203 -0.0185269 -0.0163465 1.01459 0.59453
0.992179 0.156152 0.0199263 89.0066 -0.156429 0.992199 0.00868669 40.0961 -0.0180654 -0.0116024 1.01485 0.635656
1.00039 0.0908377 0.0164603 89.544 -0.0910469 1.00037 0.00753756 40.0841 -0.0154706 -0.00894705 1.01511 0.649461
1.00437 0.0226845 0.0111899 90.0191 -0.0228145 1.00431 0.0052583 40.0715 -0.0108765 -0.00549875 1.01539 0.650847
1.00363 -0.0469312 0.00586461 90.4916 0.0468358 1.00352 0.00564485 40.1252 -0.0059816 -0.00535554 1.01563 0.65008
0.998013 -0.116468 0.00350997 90.954 0.116386 0.99788 0.00742387 40.2281 -0.00422334 -0.00694065 1.01582 0.633965
0.98755 -0.185604 0.00134398 91.4105 0.185545 0.987413 0.00707032 40.3456 -0.00251967 -0.00667805 1.01602 0.614814
0.972245 -0.25405 0.0013235 91.8466 0.254006 0.972122 0.00455471 40.4676 -0.00232422 -0.00408062 1.01623 0.598914
0.952757 -0.319592 0.00419405 92.2978 0.319543 0.952643 0.00524954 40.6675 -0.00549867 -0.00365755 1.01642 0.629029
0.928802 -0.383709 0.00965784 92.7227 0.383649 0.928734 0.00602069 40.8841 -0.0110114 -0.00191295 1.01658 0.628744
0.901448 -0.444132 0.0153399 93.1427 0.444042 0.90146 0.00866821 41.1015 -0.0173024 -0.00104399 1.01669 0.637765
0.87125 -0.500758 0.0188823 93.5442 0.500619 0.871335 0.0119744 41.3471 -0.0219924 -0.00102283 1.0168 0.610569
0.84109 -0.549875 0.0221556 93.9483 0.54965 0.841261 0.0162853 41.6728 -0.0270493 -0.00155454 1.01688 0.611431
0.812232 -0.591696 0.0235027 94.2684 0.591369 0.812448 0.0205976 41.9199 -0.0306749 -0.0028451 1.01698 0.627015
0.784524 -0.62811 0.0215948 94.6106 0.627642 0.784676 0.0260843 42.208 -0.0326861 -0.00685453 1.0171 0.618196
0.760824 -0.656796 0.0178321 94.9502 0.656347 0.760875 0.0268253 42.5368 -0.030582 -0.00862077 1.01736 0.618343
0.740841 -0.679412 0.0139736 95.2475 0.678979 0.740787 0.02787 42.9137 -0.0287158 -0.0110341 1.0176 0.544598
0.724824 -0.696467 0.0173881 95.5779 0.696147 0.724915 0.0231772 43.203 -0.0281862 -0.00468933 1.01788 0.542559
0.713168 -0.708412 0.0194988 95.9138 0.708111 0.71333 0.0225196 43.5753 -0.0292816 -0.0022948 1.01807 0.542714
0.704195 -0.717419 0.0187371 96.213 0.717094 0.704341 0.0236403 43.9719 -0.0295717 -0.00323768 1.01827 0.54539
0.697002 -0.724563 0.0147829 96.571 0.724134 0.697015 0.0281627 44.3279 -0.0301141 -0.00884707 1.01844 0.53498
0.692487 -0.729043 0.00847974 96.9149 0.728601 0.69229 0.0313441 44.7031 -0.0281638 -0.0153281 1.01863 0.506069
0.69046 -0.731077 0.00110999 97.2693 0.730724 0.690047 0.0331144 45.1161 -0.0244883 -0.0217336 1.01883 0.504597
0.690358 -0.731233 -0.00355572 97.6362 0.730986 0.68984 0.0333116 45.5344 -0.0214774 -0.025213 1.01903 0.473392
0.69242 -0.729357 -0.00161913 97.9806 0.72918 0.692068 0.0277212 45.925 -0.0187238 -0.0200992 1.01943 0.464839
0.695499 -0.726492 -0.00177759 98.3816 0.726453 0.695297 0.0189768 46.3415 -0.0123035 -0.0143342 1.01985 0.469384
0.698539 -0.723625 -0.00507123 98.7944 0.723669 0.698361 0.0152805 46.7728 -0.00736684 -0.0141952 1.02013 0.4819
0.702294 -0.720015 -0.00900652 99.2176 0.720086 0.701992 0.0209348 47.2277 -0.00857521 -0.020905 1.02023 0.484405
0.70647 -0.715938 -0.0125721 99.6266 0.716021 0.705943 0.028888 47.673 -0.0115675 -0.0289646 1.02023 0.440337
0.709658 -0.712887 -0.0102448 100.074 0.712844 0.709034 0.0334405 48.1181 -0.0162371 -0.0305606 1.02034 0.435463
0.712479 -0.710199 -0.00459007 100.532 0.709975 0.711923 0.0347909 48.5668 -0.0210008 -0.0276409 1.02057 0.417503
0.71526 -0.707487 0.00112613 100.983 0.707077 0.714791 0.0366262 49.0253 -0.0261668 -0.0250563 1.02074 0.383304
0.717258 -0.705506 0.00689963 101.443 0.7051 0.71704 0.0319261 49.4654 -0.0269045 -0.017851 1.02112 0.37398
0.718065 -0.704744 0.00868538 101.944 0.704458 0.71798 0.0261792 49.9501 -0.0241781 -0.0126154 1.0215 0.359304
0.717612 -0.705322 0.00420561 102.423 0.705197 0.7175 0.0211234 50.4169 -0.0175546 -0.0121415 1.02189 0.37067
0.717239 -0.70579 0.000925318 102.916 0.705774 0.717138 0.0163732 50.9185 -0.011981 -0.0110664 1.02223 0.363987
0.714621 -0.708505 -0.00431416 103.423 0.708566 0.714486 0.0153817 51.4246 -0.00767239 -0.0139621 1.02248 0.374011
0.712982 -0.710213 -0.00666957 103.952 0.710254 0.712713 0.0223009 51.9365 -0.010867 -0.0204063 1.02258 0.340971
0.712334 -0.71094 -0.00676513 104.474 0.71087 0.711868 0.0309626 52.4641 -0.0168398 -0.0264974 1.02259 0.316129
0.710342 -0.71304 -0.00150634 104.972 0.712746 0.709868 0.0354742 52.9743 -0.0237074 -0.0259239 1.02271 0.302274
0.70896 -0.714488 0.00310952 105.484 0.714191 0.708691 0.0312876 53.5264 -0.0240321 -0.019763 1.02309 0.323978
0.706727 -0.716778 -0.00169193 106.031 0.716631 0.70641 0.0288266 54.0859 -0.0190588 -0.021353 1.02341 0.310713
0.70447 -0.718989 -0.0112183 106.581 0.719045 0.703947 0.0310649 54.6509 -0.0141474 -0.0295254 1.02353 0.29674
0.701195 -0.722254 -0.011736 107.172 0.722371 0.700773 0.027266 55.229 -0.0112464 -0.0272324 1.02387 0.287213
0.699044 -0.724429 -0.0107073 107.708 0.724513 0.69862 0.0279807 55.8551 -0.012534 -0.0269649 1.02411 0.268972
0.695732 -0.72774 -0.00651558 108.267 0.727746 0.695408 0.0262681 56.4321 -0.0142843 -0.0227743 1.02444 0.260953
0.694703 -0.728818 -0.00445387 108.835 0.728765 0.694388 0.02741 57.0496 -0.0165255 -0.0220671 1.02467 0.25303
0.69393 -0.729642 -0.00291523 109.417 0.729536 0.693616 0.0287688 57.6553 -0.0185577 -0.0218791 1.02489 0.22961
0.693672 -0.729969 0.00302164 110.001 0.729821 0.693533 0.0254492 58.2397 -0.0202176 -0.0154073 1.02523 0.212572
0.693439 -0.730266 0.00423776 110.545 0.730081 0.693313 0.0265018 58.8468 -0.0217949 -0.0152504 1.02545 0.198403
0.693639 -0.730165 0.00223606 111.125 0.730018 0.693477 0.0263426 59.4507 -0.0203263 -0.0165754 1.02571 0.207583
0.693721 -0.730166 -0.00180337 111.686 0.730085 0.69348 0.0268032 60.0357 -0.017924 -0.0197654 1.02595 0.209355
0.694737 -0.729206 -0.0106223 112.236 0.729253 0.694226 0.0321126 60.6968 -0.0157052 -0.0296515 1.02599 0.197701
0.697074 -0.726969 -0.0154727 112.836 0.727111 0.696352 0.0364428 61.3342 -0.015389 -0.0360813 1.02604 0.199177
0.698547 -0.725637 -0.0153885 113.441 0.725718 0.697684 0.0404001 61.9775 -0.0181741 -0.0387506 1.02614 0.171528
0.700262 -0.724036 -0.0167717 114.068 0.724168 0.699359 0.0408152 62.6337 -0.0174361 -0.0400589 1.02635 0.169877
0.701494 -0.722942 -0.0160906 114.665 0.723109 0.700734 0.0373517 63.2445 -0.0153963 -0.037253 1.02675 0.176873
0.703148 -0.721512 -0.0108904 115.29 0.721595 0.702643 0.0319472 63.887 -0.0150731 -0.0299478 1.02725 0.168741
0.703424 -0.721387 -0.00562626 115.922 0.721409 0.70312 0.0271731 64.4925 -0.0153121 -0.0229996 1.02769 0.163677
0.704091 -0.720833 -0.00345585 116.542 0.720839 0.703856 0.0255056 65.1344 -0.0156084 -0.0203553 1.02799 0.174382
0.705355 -0.719681 -0.00356669 117.167 0.719651 0.705062 0.0281856 65.7796 -0.017374 -0.0223019 1.02818 0.160352
0.706464 -0.718679 -0.00306887 117.759 0.718509 0.70602 0.0350114 66.3885 -0.022453 -0.0266722 1.02822 0.129625
0.707375 -0.717872 -0.00212645 118.355 0.717544 0.706798 0.0406968 67.0018 -0.027037 -0.0299562 1.02827 0.0977184
0.708075 -0.717253 -0.00502734 118.963 0.717084 0.707513 0.0377947 67.6204 -0.0229945 -0.0300118 1.02863 0.12083
0.709083 -0.716277 -0.0110512 119.525 0.716506 0.708849 0.0216885 68.1974 -0.00759692 -0.0231488 1.0293 0.0882704
0.709057 -0.716361 -0.0128622 120.119 0.716663 0.708983 0.0136093 68.8103 -0.000726864 -0.0188509 1.02968 0.107297
0.708104 -0.717456 -0.00831324 120.71 0.717655 0.707947 0.0191233 69.4323 -0.00771844 -0.0194766 1.0299 0.12804
0.707675 -0.718 0.005569 121.347 0.717712 0.707493 0.0328708 70.0761 -0.0268434 -0.0192481 1.02983 0.0941346
0.706484 -0.719091 0.0172256 121.988 0.718378 0.70656 0.0399831 70.6999 -0.0398272 -0.0159629 1.02972 0.0317451
0.70584 -0.719828 0.0166533 122.556 0.719166 0.705913 0.0389506 71.2965 -0.0387335 -0.01562 1.03004 0.0646276
0.7055 -0.720431 0.00151162 123.101 0.720269 0.705253 0.0314514 71.9033 -0.0231514 -0.0210345 1.0307 0.0899117
0.704198 -0.721774 -0.0059681 123.703 0.721876 0.703936 0.0257631 72.499 -0.014104 -0.0223453 1.03111 0.0360686
0.70372 -0.72233 -0.00648376 124.252 0.722479 0.703503 0.0233785 73.123 -0.012097 -0.021075 1.03144 0.0346
0.701079 -0.725009 -0.00364988 124.839 0.725092 0.700878 0.0244744 73.7205 -0.0148668 -0.0197892 1.0317 0.0607111
0.698156 -0.727928 -0.00159329 125.399 0.72801 0.698023 0.0223571 74.3187 -0.0148415 -0.0168516 1.03203 0.0634682
0.69464 -0.73136 -0.00527176 125.992 0.731506 0.69445 0.0228893 74.9229 -0.0128229 -0.019747 1.03228 0.0572981
0.691576 -0.734314 -0.00934175 126.578 0.734512 0.691266 0.0261689 75.5333 -0.0125114 -0.0247874 1.03245 0.0627308
0.689629 -0.736192 -0.0125839 127.106 0.736446 0.689209 0.0289131 76.1466 -0.012369 -0.0289017 1.03262 0.0591876
0.689114 -0.736785 -0.011775 127.692 0.737003 0.688662 0.0304041 76.791 -0.0139926 -0.029316 1.03287 0.0696297
0.688102 -0.737871 -0.00873499 128.275 0.73797 0.687624 0.0329819 77.418 -0.0178974 -0.028848 1.03311 0.0403767
0.686927 -0.73907 -0.00827549 128.844 0.739157 0.686449 0.0332517 78.0098 -0.0184421 -0.0286755 1.03339 0.0216947
0.685482 -0.740505 -0.00877738 129.382 0.740655 0.685064 0.0306972 78.6214 -0.0163359 -0.0273111 1.03375 0.0217142
0.68253 -0.743344 -0.00711484 129.928 0.743559 0.682303 0.0235709 79.2246 -0.012416 -0.0213558 1.03424 0.0158656
0.677595 -0.747951 -0.00616143 130.475 0.748185 0.677436 0.020734 79.8343 -0.0111252 -0.0187316 1.03459 0.0270126
0.672171 -0.752939 -0.00455495 130.993 0.753096 0.671959 0.0247611 80.4059 -0.0152287 -0.0201021 1.0348 0.0183904
0.667609 -0.757098 0.0028357 131.543 0.757041 0.667453 0.0293187 81.034 -0.023444 -0.0175506 1.03497 -0.00251943
0.664675 -0.75976 0.00571193 132.088 0.759436 0.664444 0.0376461 81.6511 -0.0314668 -0.0207 1.03499 -0.0499808
0.661519 -0.762607 0.00630818 132.615 0.762123 0.661208 0.0423989 82.2771 -0.0354332 -0.0231699 1.03509 -0.0383832
0.65793 -0.765818 0.00444842 133.138 0.765441 0.657602 0.0405757 82.926 -0.0330153 -0.0232216 1.03547 -0.0397586
0.65294 -0.770188 0.000641716 133.664 0.770136 0.652692 0.0319094 83.5434 -0.0243271 -0.020377 1.03608 -0.0375412
0.647876 -0.774546 -0.00307645 134.177 0.774718 0.6477 0.0242751 84.1613 -0.0164297 -0.0182274 1.03658 -0.0518126
0.642758 -0.778896 -0.00358424 134.707 0.779065 0.642556 0.0253612 84.817 -0.0170464 -0.0191775 1.03685 -0.0642564
0.636928 -0.78375 -0.00670881 135.271 0.783905 0.636572 0.0301902 85.4841 -0.0189167 -0.0243791 1.03701 -0.100585
0.630585 -0.788919 -0.0106448 135.782 0.789122 0.630081 0.033255 86.1711 -0.019049 -0.0290857 1.03718 -0.0989375
0.623475 -0.794547 -0.0166278 136.261 0.794944 0.622897 0.0324883 86.8445 -0.0151248 -0.0330408 1.03743 -0.0856147
0.616598 -0.799978 -0.0174159 136.781 0.800459 0.61615 0.0279473 87.5059 -0.0114333 -0.0308291 1.03784 -0.108513
0.610012 -0.805098 -0.0179488 137.268 0.80558 0.609508 0.0295673 88.1939 -0.0126237 -0.0321067 1.03809 -0.122338
0.603962 -0.809782 -0.0160973 137.744 0.810112 0.603283 0.0359255 88.8817 -0.0188952 -0.0342708 1.03822 -0.136761
0.597577 -0.814611 -0.0155823 138.286 0.814769 0.596653 0.0433052 89.5681 -0.0252463 -0.037967 1.03825 -0.123306
0.591075 -0.81946 -0.0144028 138.761 0.819501 0.590078 0.0461893 90.2392 -0.0284903 -0.038483 1.03844 -0.136749
0.586004 -0.823209 -0.0133775 139.25 0.823163 0.584972 0.0479629 90.9402 -0.0307086 -0.0385023 1.03868 -0.1591
0.582169 -0.826034 -0.01269 139.715 0.825973 0.581169 0.0477204 91.6249 -0.0310792 -0.0376856 1.039 -0.181561
0.578197 -0.828815 -0.0183011 140.199 0.829053 0.577158 0.0446579 92.327 -0.0257029 -0.0403127 1.03936 -0.159439
0.575873 -0.830301 -0.0270046 140.646 0.830956 0.574742 0.0423069 93.0243 -0.0191263 -0.045896 1.03958 -0.181033
0.572886 -0.832389 -0.029339 141.11 0.833195 0.571818 0.0399001 93.7325 -0.0160781 -0.0463813 1.03993 -0.219176
0.570016 -0.834447 -0.0296314 141.591 0.835178 0.568689 0.0453296 94.4145 -0.0204363 -0.0495396 1.04001 -0.230236
0.568306 -0.835837 -0.0257537 142.066 0.836147 0.566593 0.0551504 95.1425 -0.0305479 -0.0517463 1.03995 -0.242053
0.565697 -0.837795 -0.0225645 142.557 0.837747 0.563775 0.0613586 95.8632 -0.0374405 -0.0524624 1.03999 -0.266859
0.560623 -0.84139 -0.0187543 142.993 0.841309 0.559038 0.0571731 96.546 -0.0364183 -0.0469232 1.04062 -0.295646
0.55713 -0.843905 -0.0136727 143.439 0.844029 0.556213 0.0443943 97.1777 -0.0289692 -0.0358473 1.04164 -0.269043
0.550976 -0.848056 -0.0124623 143.878 0.848375 0.550381 0.0351378 97.8917 -0.0223295 -0.0297728 1.04233 -0.30266
0.545302 -0.851718 -0.0180275 144.319 0.852171 0.544522 0.0373231 98.608 -0.0214022 -0.0353155 1.04249 -0.335038
0.539228 -0.855629 -0.0202871 144.774 0.85595 0.538055 0.0465234 99.2937 -0.0280348 -0.0417736 1.04241 -0.356591
0.532937 -0.859778 -0.0145027 145.216 0.859828 0.531867 0.0483044 100.039 -0.0327534 -0.037722 1.04275 -0.350157
0.527569 -0.86329 -0.00539706 145.653 0.863146 0.526888 0.0455474 100.723 -0.035298 -0.0286104 1.04329 -0.406902
0.522282 -0.866617 0.00404318 146.076 0.866411 0.522025 0.041335 101.427 -0.0366883 -0.0184693 1.0438 -0.403182
0.516876 -0.869933 0.00787547 146.55 0.869955 0.516867 0.0330191 102.205 -0.0317673 -0.0109417 1.0444 -0.385692
0.511126 -0.873384 0.0122022 146.98 0.873755 0.511307 0.0190454 102.931 -0.0222665 -0.000284583 1.04504 -0.389379
0.50511 -0.87703 0.00669188 147.441 0.877485 0.505196 0.0155077 103.658 -0.0166284 -0.00304294 1.04549 -0.441694
0.499368 -0.880426 0.00475396 147.887 0.880775 0.499386 0.0223192 104.483 -0.0214511 -0.00781955 1.04571 -0.458857
0.494189 -0.883415 0.00935958 148.303 0.883407 0.494232 0.0346196 105.235 -0.0340572 -0.00962182 1.04568 -0.481743
0.490661 -0.88549 0.00839445 148.713 0.885175 0.49057 0.0436453 106.024 -0.0412817 -0.0145373 1.04569 -0.522674
0.487377 -0.88738 0.0109242 149.127 0.887098 0.487409 0.0421691 106.759 -0.0412614 -0.0115572 1.04606 -0.510629
0.485773 -0.8884 0.00619954 149.531 0.888455 0.485728 0.0343264 107.512 -0.0324372 -0.011847 1.04672 -0.490354
0.483747 -0.889601 -0.00561995 149.893 0.889979 0.483478 0.0288657 108.283 -0.0223687 -0.0192847 1.04723 -0.522117
0.481522 -0.890883 -0.00888375 150.274 0.891406 0.481271 0.0247432 109.04 -0.0174082 -0.020113 1.04765 -0.544634
0.480576 -0.891548 -0.000741438 150.67 0.89194 0.480472 0.0251095 109.793 -0.021471 -0.0133428 1.04802 -0.558165
0.479841 -0.892047 0.00379087 151.08 0.892235 0.479769 0.0314655 110.546 -0.028965 -0.0123819 1.04819 -0.60002
0.479279 -0.892456 0.00366338 151.504 0.892385 0.479087 0.0400182 111.331 -0.0361969 -0.0163819 1.04825 -0.631085
0.477695 -0.893416 0.00234747 151.913 0.893318 0.477437 0.0415168 112.101 -0.0369057 -0.0181217 1.04854 -0.630044
0.476262 -0.894289 -0.00142276 152.279 0.894504 0.476027 0.0335884 112.842 -0.028468 -0.0176772 1.04918 -0.62622
0.474856 -0.895148 -0.00119599 152.696 0.895632 0.4748 0.0214489 113.591 -0.0182421 -0.0119521 1.04986 -0.63629
0.472617 -0.896428 0.00648166 153.128 0.897037 0.472742 0.0098419 114.351 -0.0118096 -0.000134441 1.05037 -0.676207
0.471679 -0.897032 0.00671128 153.528 0.897587 0.471807 0.0140818 115.142 -0.0155308 -0.00182913 1.05068 -0.672644
0.470752 -0.897602 0.0104872 153.904 0.897942 0.470932 0.0245306 115.963 -0.0261496 -0.00327101 1.05082 -0.698284
0.468987 -0.898628 0.0115488 154.303 0.898833 0.469183 0.0294343 116.727 -0.0308213 -0.00450135 1.05105 -0.708528
0.468524 -0.899012 0.00863742 154.715 0.899288 0.468652 0.0274625 117.438 -0.0278416 -0.00609196 1.0515 -0.688637
0.469356 -0.89871 0.00627165 155.061 0.899139 0.469464 0.0215933 118.213 -0.0217668 -0.00551646 1.05202 -0.692327
0.468431 -0.899325 0.00230989 155.454 0.899755 0.468454 0.0228611 119.035 -0.0210918 -0.00944162 1.05239 -0.7036
0.468226 -0.899551 0.00113511 155.845 0.899922 0.468195 0.0262606 119.781 -0.023477 -0.0119522 1.05269 -0.71853
0.467173 -0.900214 0.00274311 156.206 0.9005 0.467154 0.0290959 120.54 -0.0266274 -0.0118101 1.05299 -0.738654
0.467073 -0.900388 0.000469709 156.621 0.90059 0.466942 0.03334 121.326 -0.0292512 -0.0156307 1.05325 -0.764106
0.466401 -0.900856 2.16716e-05 157.013 0.90105 0.466255 0.0338431 122.089 -0.0294959 -0.0162157 1.05362 -0.777375
0.466283 -0.901038 0.000773777 157.378 0.901322 0.466215 0.0300746 122.812 -0.0266101 -0.0139042 1.05412 -0.752596
0.464791 -0.90189 -0.00789688 157.774 0.902354 0.464563 0.0282615 123.569 -0.0212625 -0.0204738 1.05453 -0.768976
0.463932 -0.902405 -0.012308 158.147 0.902904 0.463555 0.0311769 124.311 -0.0218383 -0.0255099 1.05479 -0.783087
0.462412 -0.903353 -0.00829482 158.499 0.903557 0.46195 0.0390573 125.093 -0.0303854 -0.0254956 1.05496 -0.834287
0.461147 -0.904153 -0.00429452 158.9 0.904002 0.460634 0.0468523 125.816 -0.0388458 -0.0254377 1.05507 -0.874874
0.460035 -0.904829 0.00826657 159.178 0.90461 0.460078 0.0425919 126.435 -0.0406942 -0.0127903 1.05562 -0.899313
0.45979 -0.905089 0.00691367 159.562 0.905054 0.459844 0.0378926 127.1 -0.036087 -0.0118895 1.05622 -0.835342
0.46044 -0.9049 0.0031922 159.896 0.905053 0.460434 0.033314 127.798 -0.0305418 -0.0131011 1.0568 -0.855641
0.461753 -0.904359 0.00230635 160.235 0.904685 0.461799 0.0270209 128.465 -0.0247558 -0.0111523 1.05738 -0.850895
0.461954 -0.904383 0.00239653 160.597 0.90482 0.462055 0.0217192 129.143 -0.0202588 -0.00876403 1.05792 -0.887408
0.464838 -0.903026 0.00456173 160.871 0.903543 0.465012 0.0162952 129.777 -0.0165544 -0.00459554 1.05842 -0.865197
0.468955 -0.901023 0.00454418 161.179 0.901566 0.469137 0.0145144 130.377 -0.015013 -0.0038916 1.05885 -0.860154
0.47379 -0.898612 0.0063367 161.504 0.899047 0.473977 0.0204581 131.006 -0.0208431 -0.00510576 1.05916 -0.855286
0.479314 -0.895792 0.00881906 161.818 0.896022 0.479512 0.0285716 131.598 -0.0288038 -0.00680212 1.05937 -0.874068
0.484327 -0.89321 0.010477 162.135 0.893277 0.484537 0.0336292 132.188 -0.0337952 -0.00787376 1.05963 -0.893602
0.489946 -0.890309 0.00583226 162.438 0.890397 0.490002 0.0343179 132.78 -0.0321893 -0.0122935 1.06006 -0.932539
0.497142 -0.886454 0.00416102 162.746 0.886767 0.497231 0.0265869 133.367 -0.0248564 -0.0103178 1.06071 -0.905884
0.50348 -0.883012 0.000177773 163.079 0.883523 0.503571 0.0181505 133.959 -0.01588 -0.00979832 1.06132 -0.930729
0.510394 -0.87916 -0.00382225 163.377 0.879754 0.510469 0.0146811 134.566 -0.0110143 -0.0115593 1.06178 -0.923102
0.516667 -0.875617 -0.00540731 163.707 0.876199 0.516689 0.0174934 135.142 -0.0124868 -0.0143068 1.06216 -0.936384
0.521512 -0.872901 0.00140499 164.055 0.873346 0.52159 0.021311 135.695 -0.0188923 -0.0106512 1.06253 -0.916644
0.526788 -0.869837 0.00863922 164.447 0.870185 0.526995 0.0233393 136.254 -0.0240794 -0.00584831 1.06288 -0.946898
0.531496 -0.867064 0.0131606 164.787 0.867413 0.53181 0.0225061 136.811 -0.0256347 -0.00187064 1.06328 -0.938246
0.535203 -0.864912 0.0140441 165.14 0.865255 0.535538 0.0226413 137.374 -0.0261871 -0.00132295 1.0637 -0.955394
