0.994015 0.0227807 -0.106839 0.322867 -0.0288548 0.998033 -0.0556559 -0.58812 0.105361 0.0584056 0.992717 -0.673632
0.952729 -0.288357 -0.0956899 0.0568143 0.283728 0.957076 -0.0591904 0.987404 0.10865 0.0292426 0.99365 -0.684293
0.924096 -0.370674 -0.0929881 -0.404972 0.366156 0.928465 -0.0623142 2.36181 0.109434 0.0235362 0.993715 -0.674653
0.966648 -0.241646 -0.0848402 -0.742565 0.236823 0.969502 -0.0630888 3.93576 0.097498 0.0408926 0.994395 -0.605287
0.983044 -0.161507 -0.0868296 -1.06628 0.156549 0.985772 -0.061198 5.77436 0.0954781 0.0465672 0.994342 -0.444849
0.989073 -0.112327 -0.0954803 -1.32727 0.108153 0.992983 -0.0478346 7.85477 0.100183 0.0369854 0.994281 -0.194547
0.990637 -0.0921965 -0.10069 -1.38611 0.0884706 0.99524 -0.0408718 9.88323 0.103979 0.031581 0.994078 -0.299431
0.99204 -0.0714989 -0.103654 -1.42956 0.0684971 0.99713 -0.0322404 12.0825 0.105662 0.0248837 0.994091 -0.31252
0.993163 -0.0493421 -0.105793 -1.44918 0.0457076 0.998287 -0.03651 14.3105 0.107413 0.0314249 0.993718 -0.279937
0.99455 -0.0252132 -0.101162 -1.43887 0.02213 0.999259 -0.031486 16.6536 0.101881 0.0290757 0.994372 -0.155305
0.994305 -0.00938419 -0.106156 -1.47345 0.00646127 0.999591 -0.0278446 19.022 0.106374 0.0270002 0.99396 0.108947
0.992693 -0.000805364 -0.120664 -1.36124 -0.000974194 0.999892 -0.0146883 21.0435 0.120663 0.0146986 0.992585 -0.0942132
0.992318 0.00634458 -0.123548 -1.22934 -0.00819222 0.999862 -0.0144526 23.0368 0.123439 0.0153537 0.992233 -0.187145
0.99055 0.0110073 -0.136711 -1.12795 -0.013061 0.999815 -0.0141342 25.0098 0.13653 0.0157862 0.99051 -0.309196
0.989402 0.0181369 -0.144062 -1.02769 -0.0204895 0.99968 -0.014864 26.9664 0.143746 0.0176582 0.989457 -0.191126
0.990007 0.0183484 -0.139822 -0.902539 -0.0210346 0.999621 -0.0177582 29.1713 0.139443 0.0205218 0.990017 -0.104301
0.991273 0.0198753 -0.130317 -0.807669 -0.0203847 0.999789 -0.00257579 31.349 0.130238 0.00520978 0.991469 0.0509347
0.990711 0.011401 -0.135506 -0.666551 -0.0123337 0.999906 -0.0060451 33.5599 0.135425 0.00766024 0.990758 -0.0982578
0.986673 0.00382969 -0.16267 -0.538363 -0.00297942 0.999981 0.0054706 35.6342 0.162687 -0.00491304 0.986665 -0.271345
0.987125 -0.00422069 -0.159895 -0.413516 0.00387428 0.999989 -0.00247815 37.7324 0.159903 0.00182676 0.987131 -0.348404
0.985964 -0.0106907 -0.166615 -0.344954 0.00996274 0.999937 -0.00520433 39.8266 0.16666 0.00347134 0.986008 -0.329517
0.985103 -0.0107396 -0.17163 -0.260505 0.00946579 0.999921 -0.00823857 41.8273 0.171705 0.00649123 0.985127 -0.374017
0.985974 -0.00881874 -0.166666 -0.204688 0.00643987 0.99987 -0.0148083 43.8229 0.166775 0.0135273 0.985902 -0.400021
0.986797 0.00374763 -0.161918 -0.112718 -0.00711293 0.99977 -0.0202093 45.7868 0.161805 0.0210942 0.986597 -0.397837
0.986932 0.00489393 -0.16106 -0.0233291 -0.00903878 0.999646 -0.0250122 47.9037 0.160881 0.0261411 0.986628 -0.37074
0.987 0.0076813 -0.160536 0.0909216 -0.0100368 0.999853 -0.0138672 50.0684 0.160406 0.0152982 0.986933 -0.315127
0.987131 0.00656289 -0.159779 0.172192 -0.0094925 0.9998 -0.0175791 51.9573 0.159631 0.0188696 0.986996 -0.264278
0.986165 0.00521243 -0.165685 0.27536 -0.00814957 0.999821 -0.0170523 53.8791 0.165567 0.0181666 0.986031 -0.135106
0.98653 0.000959741 -0.16358 0.394856 -0.00347569 0.99988 -0.015095 56.1896 0.163546 0.0154602 0.986414 0.121433
0.984991 -0.00240271 -0.172587 0.466908 -0.00071318 0.999838 -0.0179897 58.1666 0.172602 0.0178428 0.98483 -0.0510924
0.987298 0.000951135 -0.158875 0.597511 -0.00223979 0.999966 -0.00793229 60.5294 0.158862 0.00818738 0.987267 -0.0997841
0.988053 0.00653474 -0.153973 0.706697 -0.00793846 0.999932 -0.00850363 62.8899 0.153907 0.00962434 0.988039 -0.0619707
0.983952 0.0090827 -0.178205 0.835757 -0.0105586 0.999917 -0.00733537 65.0934 0.178123 0.00909924 0.983966 0.0142084
0.98459 0.0114751 -0.174501 0.936156 -0.0123365 0.999916 -0.00385292 67.25 0.174443 0.00594629 0.984649 0.211485
0.986835 0.0148734 -0.161044 1.04395 -0.0163116 0.999838 -0.00761209 69.4775 0.160905 0.0101388 0.986918 0.0478999
0.984973 0.0214203 -0.171376 1.19932 -0.0230088 0.999709 -0.00728812 71.6828 0.17117 0.0111217 0.985179 -0.145047
0.985922 0.0393591 -0.162509 1.3933 -0.0413808 0.999102 -0.00907338 74.003 0.162006 0.0156704 0.986665 -0.166295
0.984137 0.045689 -0.171426 1.56292 -0.0483769 0.998763 -0.0115329 75.9126 0.170687 0.019643 0.985129 -0.195091
0.984245 0.048744 -0.169956 1.73892 -0.0512033 0.998637 -0.0101145 77.9167 0.169232 0.0186574 0.9854 -0.153936
0.985637 0.0451418 -0.16273 1.90476 -0.0464092 0.998915 -0.0039931 79.8613 0.162373 0.0114879 0.986663 -0.098125
0.988183 0.0343689 -0.149373 2.08524 -0.0355518 0.999354 -0.00525555 81.8691 0.149096 0.0105039 0.988767 -0.126184
0.987254 0.0208042 -0.15779 2.24387 -0.0236165 0.999593 -0.0159693 83.9704 0.157393 0.0194922 0.987344 -0.095694
0.987089 0.0136456 -0.159592 2.38081 -0.0158864 0.999792 -0.012773 86.1167 0.159385 0.0151435 0.9871 -0.04285
0.9873 0.0167447 -0.157984 2.49402 -0.0194271 0.999692 -0.0154498 88.1902 0.157677 0.0183227 0.987321 -0.00636357
0.986479 0.0285021 -0.161387 2.64426 -0.0311326 0.99942 -0.0137936 90.3338 0.160901 0.0186315 0.986795 0.176548
0.987922 0.0345371 -0.151054 2.83998 -0.036659 0.999264 -0.0112849 92.4346 0.150553 0.0166861 0.988461 0.369996
0.98785 0.0427833 -0.149407 3.01123 -0.0420012 0.999082 0.00838779 94.6607 0.149629 -0.0020106 0.98874 0.182894
0.987909 0.0465547 -0.147883 3.21516 -0.0462462 0.998915 0.00552575 96.8959 0.147979 0.00138007 0.98899 0.115593
0.989082 0.0447096 -0.140422 3.46089 -0.0454847 0.998962 -0.00231394 99.0287 0.140173 0.00867573 0.990089 0.0715475
0.990235 0.0419628 -0.13294 3.65589 -0.0418444 0.999117 0.00368575 101.28 0.132977 0.00191303 0.991117 0.117971
0.99033 0.0363717 -0.133883 3.8802 -0.0365181 0.999332 0.00136296 103.536 0.133843 0.00353937 0.990996 0.294538
0.990687 0.032888 -0.132125 4.04374 -0.0330862 0.999452 0.000694928 105.866 0.132076 0.00368307 0.991233 0.199
0.991199 0.0292571 -0.129108 4.17934 -0.0298045 0.999553 -0.00230892 107.672 0.128983 0.00613661 0.991628 0.0771069
0.992165 0.0253972 -0.122328 4.38001 -0.0264731 0.999624 -0.00717837 109.999 0.1221 0.0103605 0.992464 0.0449376
0.993341 0.0211487 -0.113257 4.55695 -0.0225709 0.999681 -0.0112899 112.379 0.112982 0.0137711 0.993502 0.167849
0.993212 0.0168638 -0.115093 4.74508 -0.0181607 0.999783 -0.0102287 114.692 0.114896 0.0122494 0.993302 0.254293
0.992895 0.0132179 -0.118259 4.86489 -0.0148212 0.99981 -0.0126888 117.134 0.118069 0.0143514 0.992902 0.217363
0.993855 0.015298 -0.10963 5.00956 -0.0150923 0.999882 0.00270551 119.418 0.109658 -0.00103432 0.993969 0.0340132
0.994802 0.0133297 -0.100954 5.16586 -0.013595 0.999906 -0.00194049 121.747 0.100919 0.00330288 0.994889 0.0287198
0.994875 0.011769 -0.100422 5.297 -0.0127074 0.999881 -0.00871021 124.082 0.100307 0.00994168 0.994907 0.141651
0.9959 0.0124674 -0.0895935 5.46876 -0.0122037 0.999919 0.0034907 126.424 0.0896298 -0.00238302 0.995972 0.205742
0.996779 0.0129455 -0.0791508 5.55538 -0.013178 0.99991 -0.00241604 128.652 0.0791124 0.00345131 0.99686 0.105466
0.996494 0.0145105 -0.082391 5.71183 -0.0154439 0.999823 -0.0107029 130.464 0.0822212 0.0119378 0.996543 0.0507007
0.996741 0.0163337 -0.0789977 5.83749 -0.0165936 0.999859 -0.00263477 132.7 0.0789435 0.00393704 0.996871 0.0222502
0.996232 0.0152043 -0.0853885 6.00307 -0.0161782 0.999812 -0.0107247 134.904 0.0852093 0.0120657 0.99629 0.0819821
0.997517 0.0163777 -0.0684985 6.14513 -0.0164405 0.999865 -0.000352822 137.051 0.0684835 0.0014781 0.997651 0.21626
0.997799 0.0133401 -0.06495 6.22122 -0.0133617 0.999911 0.000101087 139.213 0.0649455 0.000766979 0.997889 0.0827889
0.997671 0.0167823 -0.0661182 6.35973 -0.0167363 0.999859 0.00125001 141.329 0.0661298 -0.000140519 0.997811 0.0643319
0.997886 0.0203682 -0.0617076 6.51259 -0.0205333 0.999787 -0.00204331 143.372 0.0616528 0.00330606 0.998092 0.0631278
0.99749 0.023234 -0.0668878 6.64156 -0.0232485 0.99973 0.000562545 145.362 0.0668828 0.000993905 0.99776 0.0897051
0.997766 0.0259142 -0.0615702 6.82263 -0.0259264 0.999664 0.000601314 147.381 0.0615651 0.000996321 0.998103 0.222613
0.998551 0.0363513 -0.039676 6.9726 -0.0359982 0.999306 0.00957745 149.646 0.0399967 -0.00813531 0.999167 0.0155787
0.997356 0.0602219 -0.0406815 7.17746 -0.0600502 0.998181 0.00543125 151.752 0.0409346 -0.00297396 0.999157 -0.00780881
0.99351 0.107638 -0.0367735 7.47452 -0.107579 0.99419 0.00359499 153.642 0.0369468 0.000384398 0.999317 0.00769746
0.980385 0.194686 -0.0307124 7.80581 -0.194531 0.980864 0.00800312 155.637 0.0316828 -0.00187162 0.999496 -0.013418
0.937703 0.345275 -0.0387102 8.41843 -0.345914 0.938201 -0.0110341 157.244 0.0325081 0.0237371 0.99919 0.0664176
0.845363 0.532249 -0.0455281 9.22604 -0.533131 0.845984 -0.00910716 158.69 0.0336688 0.0319713 0.998922 -0.0332071
0.718463 0.692781 -0.0621748 10.1967 -0.694632 0.719256 -0.0125554 159.707 0.0360214 0.0522092 0.997986 -0.0107971
0.559401 0.824973 -0.0805627 11.4177 -0.828095 0.560489 -0.0105373 160.492 0.0364615 0.0726081 0.996694 0.0476002
0.376468 0.922775 -0.0822036 12.9138 -0.926085 0.377264 -0.00622152 161.115 0.0252714 0.0784697 0.996596 0.167539
0.235292 0.968423 -0.0824319 14.5133 -0.971801 0.235767 -0.00406602 161.468 0.0154971 0.0810641 0.996588 0.364759
0.140006 0.98611 -0.0893585 16.1674 -0.990093 0.140402 -0.00187944 161.7 0.0106927 0.0887363 0.995998 0.350553
0.0702339 0.993743 -0.0868463 17.9845 -0.997515 0.0704514 -0.000562868 161.796 0.0055591 0.08667 0.996222 0.47962
0.029024 0.995774 -0.0871311 19.9216 -0.999576 0.0287153 -0.0047947 161.765 -0.00227245 0.0872333 0.996185 0.586409
0.0131301 0.996524 -0.082266 21.875 -0.999891 0.013639 0.00562677 161.73 0.00672924 0.0821832 0.996594 0.747349
0.00669717 0.997035 -0.0766525 23.9283 -0.999899 0.00571659 -0.0130048 161.675 -0.0125281 0.0767319 0.996973 0.974409
-0.00352142 0.996816 -0.0796608 26.0139 -0.999894 -0.00463337 -0.0137778 161.571 -0.014103 0.0796038 0.996727 0.970981
-0.00962918 0.996962 -0.077287 28.2892 -0.999793 -0.0109844 -0.0171292 161.47 -0.0179261 0.077106 0.996862 1.03419
-0.0118319 0.99716 -0.074378 30.5066 -0.999907 -0.0123004 -0.00584475 161.346 -0.00674302 0.0743019 0.997213 1.13456
0.00268094 0.997549 -0.0699211 32.8925 -0.999528 0.000533625 -0.0307111 161.204 -0.0305985 0.0699705 0.99708 1.10938
0.0125364 0.997397 -0.0710113 35.2302 -0.999478 0.0103842 -0.0305962 161.159 -0.0297791 0.0713577 0.997006 1.24416
0.0149813 0.997342 -0.0713002 37.207 -0.999643 0.0133604 -0.0231556 161.072 -0.0221414 0.0716216 0.997186 1.34428
0.0141691 0.997218 -0.0731758 39.2339 -0.999639 0.0124555 -0.023821 161.039 -0.0228433 0.0734869 0.997035 1.46553
0.0122295 0.997139 -0.0745873 41.2599 -0.999828 0.0111529 -0.014833 160.978 -0.0139587 0.0747559 0.997104 1.59271
0.00774669 0.997517 -0.0699949 43.4089 -0.999943 0.00721398 -0.00786075 160.9 -0.00733631 0.0700518 0.997516 1.70717
0.00516043 0.997458 -0.0710708 45.5107 -0.999948 0.0045244 -0.00910686 160.838 -0.00876217 0.0711141 0.99743 1.80014
0.00249047 0.997448 -0.0713476 47.6546 -0.999942 0.00173491 -0.0106497 160.757 -0.0104988 0.07137 0.997395 1.92739
-0.00366213 0.997937 -0.0640927 49.903 -0.999992 -0.00373932 -0.00108401 160.684 -0.00132145 0.0640883 0.997943 2.00612
-0.00826497 0.997809 -0.0656389 52.1292 -0.999958 -0.00799426 0.00438532 160.545 0.00385098 0.0656724 0.997834 2.11751
-0.0139795 0.99802 -0.0613173 54.4066 -0.999886 -0.0143029 -0.00483824 160.441 -0.00570568 0.0612426 0.998107 2.29355
-0.0174845 0.998398 -0.0538073 56.6652 -0.999811 -0.0179186 -0.00759547 160.342 -0.00854746 0.0536643 0.998522 2.43953
-0.0203138 0.998105 -0.058088 58.8781 -0.999783 -0.0205516 -0.00349972 160.198 -0.00468688 0.0580043 0.998305 2.48175
-0.0206613 0.997973 -0.0601941 60.9883 -0.99976 -0.0210601 -0.00599793 160.049 -0.00725346 0.0600557 0.998169 2.64362
-0.0168753 0.998203 -0.0575004 63.111 -0.999647 -0.0180239 -0.0195161 159.906 -0.0205174 0.0571508 0.998155 2.67634
-0.0131545 0.998803 -0.0471165 65.0945 -0.999705 -0.0140985 -0.0197595 159.789 -0.0204002 0.0468427 0.998694 2.7622
-0.0130741 0.997955 -0.062569 67.1987 -0.999722 -0.0142736 -0.0187623 159.648 -0.019617 0.0623063 0.997864 2.83721
-0.0123954 0.998531 -0.0527507 69.2975 -0.999422 -0.0140428 -0.0309742 159.535 -0.0316694 0.0523363 0.998127 2.91081
-0.0117445 0.999028 -0.0424899 71.3866 -0.999522 -0.0129443 -0.028074 159.401 -0.0285967 0.0421399 0.998702 3.03701
-0.0134324 0.997714 -0.066224 73.4534 -0.999669 -0.0148531 -0.0210089 159.306 -0.0219445 0.0659199 0.997584 3.10414
-0.010901 0.997818 -0.0651145 75.5783 -0.999739 -0.0121831 -0.0193255 159.183 -0.0200766 0.0648869 0.997691 3.23698
-0.0101834 0.997122 -0.0751298 77.5972 -0.999701 -0.0118223 -0.0214019 159.098 -0.0222285 0.0748893 0.996944 3.37189
-0.0119421 0.997653 -0.0674249 79.7011 -0.999721 -0.0132852 -0.0195071 158.927 -0.020357 0.0671732 0.997534 3.52881
-0.0106615 0.998661 -0.0506218 81.6945 -0.999904 -0.0110962 -0.00831404 158.884 -0.00886462 0.0505283 0.998683 3.57033
-0.0145921 0.998669 -0.049468 83.6865 -0.999854 -0.0141364 0.00954887 158.766 0.00883685 0.0496002 0.99873 3.66009
-0.0174445 0.998328 -0.0551135 85.6839 -0.999841 -0.0172093 0.00474052 158.626 0.00378412 0.0551874 0.998469 3.6918
-0.0169037 0.998949 -0.0425924 87.6393 -0.999853 -0.0167702 0.00348826 158.552 0.0027703 0.0426451 0.999086 3.80887
-0.014827 0.998615 -0.0504859 89.6084 -0.999837 -0.0153286 -0.00956099 158.388 -0.0103216 0.0503359 0.998679 3.89549
-0.0189409 0.9987 -0.0473188 91.5423 -0.999817 -0.0190374 -0.00159001 158.298 -0.00248878 0.0472801 0.998879 3.97515
-0.0201883 0.99809 -0.0583854 93.4754 -0.999787 -0.0198986 0.00553706 158.202 0.0043647 0.0584847 0.998279 3.91785
-0.020555 0.998863 -0.0430029 95.436 -0.999787 -0.0206103 -0.000843488 158.071 -0.00172883 0.0429764 0.999075 4.04395
-0.0202637 0.998201 -0.0564353 97.3755 -0.999681 -0.021081 -0.0139237 157.952 -0.0150884 0.0561352 0.998309 4.07604
-0.0198945 0.998803 -0.0446912 99.3794 -0.9998 -0.0199722 -0.00129282 157.781 -0.00218386 0.0446565 0.999 4.16153
-0.0152641 0.998313 -0.0560207 101.285 -0.999825 -0.015843 -0.0099039 157.661 -0.0107747 0.0558597 0.99838 4.30085
-0.0118536 0.99826 -0.0577691 103.204 -0.999896 -0.0123055 -0.00747208 157.509 -0.00816995 0.0576746 0.998302 4.40738
-0.0104115 0.997902 -0.063901 105.093 -0.999815 -0.0114243 -0.0155035 157.405 -0.016201 0.0637277 0.997836 4.43211
-0.00639762 0.997982 -0.0631818 106.943 -0.999906 -0.00714986 -0.011687 157.298 -0.0121152 0.0631012 0.997934 4.60232
0.00276055 0.997986 -0.0633682 109.158 -0.999946 0.00211837 -0.0101997 157.208 -0.0100449 0.063393 0.997938 4.64277
0.00729371 0.998774 -0.0489676 111.421 -0.999948 0.00693506 -0.00749032 157.099 -0.00714154 0.0490197 0.998772 4.79083
0.0120224 0.99851 -0.0532245 113.569 -0.999916 0.0117512 -0.00540523 156.961 -0.00477172 0.053285 0.998568 4.9126
0.016528 0.998353 -0.0549416 115.561 -0.999863 0.0164835 -0.00126421 156.956 -0.000356496 0.054955 0.998489 4.97217
0.0185064 0.998506 -0.0514074 117.595 -0.999829 0.0184882 -0.000830687 156.9 0.000120984 0.051414 0.998677 5.10513
0.0217378 0.998567 -0.0489078 119.944 -0.999727 0.0221302 0.00749657 156.821 0.00856816 0.0487315 0.998775 5.10865
0.029606 0.998242 -0.0513532 122.069 -0.999478 0.0302283 0.0113823 156.778 0.0129146 0.0509894 0.998616 5.2467
0.0308044 0.998366 -0.048118 124.248 -0.99947 0.0312724 0.00900467 156.765 0.0104947 0.0478152 0.998801 5.33172
0.0139803 0.999182 -0.037938 126.175 -0.99987 0.0142726 0.00744573 156.683 0.00798112 0.037829 0.999252 5.41188
-0.0480191 0.997844 -0.0447372 127.946 -0.998816 -0.0476213 0.00991687 156.459 0.00776506 0.0451604 0.99895 5.48282
-0.161151 0.986231 -0.0371433 129.793 -0.986929 -0.161 0.00705987 156.144 0.000982614 0.0377955 0.999285 5.53248
-0.314886 0.948479 -0.0351254 131.442 -0.949128 -0.314602 0.0134975 155.601 0.00175158 0.0375886 0.999292 5.56525
-0.498797 0.86602 -0.0348055 132.781 -0.866706 -0.498606 0.014578 154.807 -0.00472944 0.0374376 0.999288 5.58292
-0.685592 0.726201 -0.0509566 134.015 -0.727612 -0.685803 0.0159652 153.73 -0.0233522 0.0480222 0.998573 5.5844
-0.819171 0.571815 -0.0445719 134.926 -0.573346 -0.818474 0.0370822 152.496 -0.0152768 0.0559318 0.998318 5.66417
-0.910905 0.411391 -0.0317762 135.616 -0.412427 -0.910117 0.0398908 151.157 -0.0125093 0.0494421 0.998699 5.72258
-0.96948 0.243805 -0.0258206 136.034 -0.244465 -0.969296 0.0265099 149.616 -0.0185645 0.0320131 0.999315 5.71427
-0.99293 0.116925 -0.0204709 136.284 -0.117695 -0.992174 0.0416979 147.834 -0.0154352 0.0438124 0.998921 5.83806
-0.998703 0.0500773 -0.00913671 136.335 -0.0503752 -0.998083 0.0359624 145.953 -0.00731829 0.036376 0.999311 5.82478
-0.999591 0.0259459 -0.0119922 136.375 -0.0264186 -0.998806 0.0410983 143.939 -0.0109116 0.0413983 0.999083 5.87065
-0.999696 0.0241813 -0.00470723 136.343 -0.0243364 -0.999044 0.0363025 141.851 -0.00382489 0.036406 0.99933 5.89221
-0.999745 0.0198603 -0.0107846 136.338 -0.02021 -0.999239 0.0333559 139.771 -0.010114 0.0335653 0.999385 5.91996
-0.999864 0.00784199 -0.0145339 136.265 -0.00831477 -0.999429 0.0327595 137.431 -0.0142687 0.0328759 0.999358 5.97818
-0.999985 -0.00507511 -0.00224813 136.152 0.00501264 -0.999624 0.0269689 135.519 -0.00238416 0.0269572 0.999634 6.00524
-0.999933 -0.0114871 -0.00144371 136.068 0.0114529 -0.999696 0.0218382 133.536 -0.00169413 0.0218202 0.999761 6.07344
-0.999891 -0.014763 -0.000825331 135.934 0.0147429 -0.999681 0.0205189 131.511 -0.00112798 0.0205045 0.999789 6.07093
-0.999836 -0.017573 -0.00433515 135.828 0.0174544 -0.999509 0.0260248 129.458 -0.00479035 0.0259449 0.999652 6.09054
-0.999797 -0.0201365 -0.000979517 135.66 0.0201091 -0.99954 0.0226791 127.29 -0.00143574 0.0226547 0.999742 6.15456
-0.999709 -0.0241223 0.00104244 135.533 0.024139 -0.999485 0.0211479 125.106 0.000531766 0.0211669 0.999776 6.21209
-0.999309 -0.0333858 -0.0163439 135.41 0.0329832 -0.99916 0.0243141 122.841 -0.0171419 0.0237582 0.999571 6.20316
-0.999389 -0.0346243 0.00487124 135.226 0.0347172 -0.999187 0.020494 120.585 0.00415769 0.0206506 0.999778 6.25914
-0.998894 -0.0469569 -0.00234986 134.986 0.0469219 -0.998811 0.0132305 118.274 -0.00296833 0.0131056 0.99991 6.26392
-0.998889 -0.0470991 0.00181747 134.785 0.0471212 -0.998775 0.0150872 115.931 0.00110465 0.0151561 0.999885 6.27763
-0.998814 -0.0479751 -0.00827291 134.57 0.0478741 -0.998781 0.0120042 113.996 -0.00883873 0.0115939 0.999894 6.35501
-0.999034 -0.0435517 -0.00578863 134.393 0.0434804 -0.998983 0.0119208 111.754 -0.00630191 0.0116576 0.999912 6.36166
-0.999162 -0.0397897 0.00957093 134.193 0.0398834 -0.999156 0.0097971 109.563 0.00917303 0.0101706 0.999906 6.3805
-0.99945 -0.0327975 -0.00490539 133.979 0.0327375 -0.999393 0.0118555 107.454 -0.00529124 0.0116884 0.999918 6.33278
-0.999907 -0.0130299 -0.00392127 133.873 0.012986 -0.999855 0.0110386 105.171 -0.00406454 0.0109867 0.999931 6.3101
-0.999962 0.00689005 -0.00524394 133.813 -0.00694161 -0.999927 0.00987818 102.952 -0.00517549 0.00991422 0.999937 6.33172
-0.999878 0.0152057 0.00359806 133.76 -0.0151727 -0.999844 0.00904918 100.753 0.0037351 0.00899348 0.999953 6.31527
-0.999827 0.018285 0.00326557 133.719 -0.0182471 -0.99977 0.0112668 98.7982 0.00347083 0.0112053 0.999931 6.37505
-0.999739 0.0202172 0.0106506 133.68 -0.0201159 -0.999752 0.00952781 96.726 0.0108406 0.00931107 0.999898 6.34927
-0.999775 0.0210762 0.00237095 133.686 -0.0210567 -0.999746 0.00798472 94.4535 0.00253864 0.007933 0.999965 6.32347
-0.999796 0.0195725 0.00505833 133.654 -0.0195278 -0.999771 0.0087351 92.1141 0.00522814 0.00863454 0.999949 6.26764
-0.999804 0.0171269 -0.00987413 133.64 -0.0172485 -0.999775 0.0123624 90.1432 -0.00966018 0.0125303 0.999875 6.26009
-0.999806 0.0113594 -0.0160834 133.582 -0.0116052 -0.999816 0.0152691 87.7636 -0.015907 0.0154528 0.999754 6.2894
-0.999992 0.00252855 -0.00303667 133.498 -0.00256842 -0.99991 0.0131964 85.382 -0.00300303 0.0132041 0.999908 6.22312
-0.999925 -0.00979427 -0.0074419 133.455 0.00972294 -0.999907 0.00956186 83.1115 -0.00753486 0.00948879 0.999927 6.26217
-0.999774 -0.0195095 -0.00847356 133.345 0.0193985 -0.999727 0.0129829 80.8689 -0.00872454 0.0128156 0.99988 6.29175
-0.999388 -0.0320887 -0.013934 133.172 0.0319392 -0.999431 0.0108207 78.6332 -0.0142733 0.0103691 0.999844 6.31492
-0.999058 -0.0404859 -0.0156398 132.983 0.0403815 -0.99916 0.0069347 76.3166 -0.0159074 0.0062966 0.999854 6.36464
-0.998513 -0.0496585 -0.0225057 132.797 0.0495293 -0.998753 0.00626247 74.0141 -0.0227887 0.00513846 0.999727 6.30954
-0.998166 -0.0578568 -0.0178194 132.612 0.0577934 -0.99832 0.00405609 71.7381 -0.0180241 0.00301881 0.999833 6.22537
-0.997777 -0.0629126 -0.0219881 132.403 0.0629239 -0.998019 0.000177386 69.7727 -0.0219557 -0.00120658 0.999758 6.20577
-0.998048 -0.0526833 -0.0335345 132.284 0.0524997 -0.998601 0.00633406 67.8648 -0.0338212 0.00456115 0.999417 6.20911
-0.998762 -0.0338858 -0.0364164 132.071 0.0336818 -0.999413 0.00620124 65.8467 -0.0366052 0.004967 0.999317 6.16641
-0.999114 -0.012672 -0.0401375 131.951 0.0124588 -0.999907 0.0055577 63.7978 -0.0402042 0.00505271 0.999179 6.15703
-0.999356 0.00597136 -0.0353731 131.932 -0.00624315 -0.999952 0.00757824 61.9309 -0.0353262 0.00779421 0.999345 6.10991
-0.999303 0.0137175 -0.0347056 131.914 -0.0141775 -0.999814 0.0130431 59.9472 -0.0345202 0.013526 0.999312 6.03514
-0.999273 0.0140687 -0.0354257 131.848 -0.0145451 -0.999807 0.013228 57.9129 -0.0352327 0.0137336 0.999285 6.07753
-0.999526 0.012406 -0.0281851 131.781 -0.0127685 -0.999838 0.0127187 55.8551 -0.0280227 0.0130725 0.999522 6.01581
-0.999505 0.0119611 -0.0291085 131.719 -0.0122715 -0.99987 0.0105074 53.6742 -0.0289791 0.0108594 0.999521 6.06744
-0.999434 0.0117354 -0.0315285 131.664 -0.012093 -0.999864 0.0111769 51.6438 -0.0313931 0.0115519 0.99944 5.96531
-0.999532 0.0128482 -0.0277564 131.638 -0.0131324 -0.999863 0.0100797 49.5806 -0.0276231 0.0104395 0.999564 5.99176
-0.999761 0.00837009 -0.0201657 131.582 -0.00849843 -0.999944 0.00628732 47.4123 -0.020112 0.0064572 0.999777 5.99645
-0.999699 0.00279774 -0.0243509 131.496 -0.00308497 -0.999926 0.0117657 45.3364 -0.0243162 0.0118373 0.999634 5.92261
-0.999585 -0.00152497 -0.0287624 131.406 0.00113377 -0.999907 0.0136127 43.1101 -0.0287805 0.0135744 0.999494 5.94632
-0.999568 -0.00275839 -0.0292675 131.324 0.00233593 -0.999893 0.0144587 40.909 -0.0293043 0.0143841 0.999467 5.92092
-0.99953 -0.00585432 -0.0300962 131.221 0.00554531 -0.999931 0.0103407 38.6995 -0.0301546 0.0101689 0.999494 5.94136
-0.998972 -0.00677935 -0.0448116 131.124 0.00635743 -0.999934 0.00955122 36.4283 -0.0448734 0.00925652 0.99895 5.90209
-0.999615 -0.00886285 -0.0263007 131.001 0.00833536 -0.999763 0.0200988 34.1773 -0.0264726 0.0198718 0.999452 5.93293
-0.999533 -0.00772691 -0.0295634 130.895 0.00724005 -0.999837 0.0165403 31.8603 -0.0296864 0.0163185 0.999426 5.92185
-0.999532 -0.00883879 -0.0292847 130.774 0.00828009 -0.999782 0.0191449 29.5777 -0.0294475 0.0188935 0.999388 5.93535
-0.999723 -0.0089299 -0.0217709 130.625 0.00874082 -0.999924 0.00876521 27.156 -0.0218475 0.00857249 0.999725 5.96076
-0.999911 -0.0115709 -0.00657822 130.474 0.0114538 -0.99978 0.0175676 24.7916 -0.00678005 0.0174907 0.999824 6.0133
-0.999715 -0.0174227 -0.0163227 130.335 0.0171616 -0.999725 0.016002 22.2265 -0.016597 0.0157173 0.999739 6.04698
-0.99935 -0.0278552 -0.0228769 130.22 0.0275773 -0.999543 0.0123759 20.4355 -0.0232112 0.0117369 0.999662 5.938
-0.998739 -0.039867 -0.0305255 130.047 0.0395801 -0.999167 0.00994459 18.5299 -0.0308965 0.00872384 0.999485 6.00878
-0.997019 -0.0506932 -0.0581731 129.901 0.0509364 -0.998698 -0.0027056 16.6357 -0.0579602 -0.00566067 0.998303 5.9221
-0.996599 -0.0614243 -0.05493 129.697 0.0612148 -0.998109 0.00549107 14.7267 -0.0551634 0.00210987 0.998475 5.8805
-0.995474 -0.0741305 -0.0594765 129.485 0.0738933 -0.997247 0.00618095 12.7771 -0.059771 0.00175805 0.998211 5.85674
-0.994236 -0.0844276 -0.0660812 129.202 0.0839151 -0.996418 0.0104983 10.7912 -0.0667308 0.00489257 0.997759 5.83251
-0.993649 -0.087593 -0.07064 128.977 0.087348 -0.996156 0.00655577 8.74445 -0.0709428 0.00034387 0.99748 5.76234
-0.991652 -0.0932273 -0.0890798 128.771 0.093286 -0.995633 0.00351278 6.91703 -0.0890183 -0.00482644 0.996018 5.66137
-0.9923 -0.096571 -0.0775509 128.469 0.0962065 -0.995326 0.00843066 4.99906 -0.0780025 0.000904851 0.996953 5.61735
-0.99283 -0.0895338 -0.0792045 128.216 0.0892145 -0.995984 0.00756807 3.06283 -0.079564 0.000447617 0.99683 5.5925
-0.993807 -0.0815099 -0.0755279 127.903 0.0813174 -0.996672 0.00562518 1.12811 -0.0757351 -0.000551388 0.997128 5.65361
-0.994343 -0.0702585 -0.0796645 127.755 0.0696139 -0.997515 0.010844 -0.700068 -0.0802284 0.00523688 0.996763 5.54067
-0.996097 -0.0578707 -0.0666439 127.537 0.0577813 -0.998324 0.00327025 -2.58245 -0.0667214 -0.000593282 0.997772 5.58544
-0.997149 -0.0451154 -0.0604852 127.357 0.0449248 -0.99898 0.00450868 -4.41645 -0.0606269 0.00177854 0.998159 5.63383
-0.996164 -0.0359765 -0.0797743 127.158 0.0364443 -0.999326 -0.00441489 -6.80296 -0.0795617 -0.00730527 0.996803 5.55624
-0.996726 -0.035336 -0.0727243 126.981 0.035597 -0.999363 -0.00229531 -9.15031 -0.0725969 -0.00487656 0.997349 5.5316
-0.996121 -0.0382432 -0.0792461 126.767 0.0385956 -0.999251 -0.00291892 -11.1619 -0.0790751 -0.00596615 0.996851 5.49703
-0.996276 -0.0466129 -0.0725379 126.583 0.0468762 -0.998899 -0.00192989 -13.1462 -0.072368 -0.005323 0.997364 5.47753
-0.994851 -0.0800918 -0.0621021 126.383 0.0796254 -0.996775 0.00995413 -15.1822 -0.0626991 0.00495797 0.99802 5.44332
-0.973481 -0.224979 -0.0414655 126.221 0.225057 -0.974342 0.00283175 -17.1522 -0.0410386 -0.00657543 0.999136 5.45436
-0.857356 -0.513398 -0.0369097 125.508 0.5136 -0.858018 0.00449587 -18.6554 -0.0339773 -0.0151023 0.999309 5.37407
-0.609589 -0.792106 -0.0311475 124.226 0.792303 -0.61007 0.00837746 -19.5615 -0.025638 -0.0195715 0.99948 5.18524
-0.306712 -0.951571 -0.0209808 122.482 0.951087 -0.307262 0.0319995 -20.1187 -0.0368963 -0.0101399 0.999268 5.0922
-0.0906741 -0.995583 -0.0243403 120.498 0.99588 -0.0906339 -0.00275085 -20.3134 0.000532646 -0.0244895 0.9997 4.96651
-0.0366837 -0.999133 -0.0196886 118.289 0.999323 -0.0366182 -0.00367764 -20.4049 0.00295349 -0.0198102 0.999799 4.95324
-0.0192974 -0.99959 -0.021149 116.096 0.999681 -0.019635 0.0158716 -20.3929 -0.0162804 -0.020836 0.99965 4.7871
-0.0071385 -0.999617 -0.0267293 113.726 0.999947 -0.0073356 0.00728163 -20.3565 -0.00747492 -0.0266759 0.999616 4.77488
-0.00116791 -0.999782 -0.0208377 111.549 0.999997 -0.001124 -0.00211514 -20.3074 0.00209126 -0.0208401 0.999781 4.7218
0.00114047 -0.99975 -0.0223379 109.274 0.999985 0.00125998 -0.0053398 -20.3188 0.00536661 -0.0223315 0.999736 4.70643
0.000237494 -0.999759 -0.0219645 106.894 0.999977 8.86217e-05 0.00677702 -20.1677 -0.00677343 -0.0219656 0.999736 4.59286
-0.00372581 -0.99965 -0.0262045 104.415 0.999991 -0.00367379 -0.00203537 -20.0027 0.00193839 -0.0262119 0.999655 4.58505
-0.00457636 -0.999606 -0.0276752 102.371 0.999983 -0.00467425 0.00347263 -19.9226 -0.00360063 -0.0276589 0.999611 4.50448
-0.00441183 -0.999792 -0.0198988 100.415 0.999973 -0.00452656 0.00572179 -19.8596 -0.00581068 -0.0198731 0.999786 4.47469
-0.00175084 -0.999816 -0.0191281 98.2566 0.999881 -0.00204313 0.015267 -19.7364 -0.0153033 -0.0190991 0.9997 4.45651
-0.0010038 -0.999901 -0.0140102 96.2057 0.999828 -0.00126325 0.0185176 -19.6153 -0.0185335 -0.0139892 0.99973 4.35582
-0.000781276 -0.999753 -0.0222182 93.9682 0.999851 -0.00116431 0.0172307 -19.531 -0.0172523 -0.0222015 0.999605 4.29974
-0.000520615 -0.999556 -0.02979 91.814 0.999955 -0.000802877 0.00946354 -19.4238 -0.00948326 -0.0297837 0.999511 4.2572
0.000170022 -0.999761 -0.0218468 89.5465 0.999961 -2.2657e-05 0.00882119 -19.3318 -0.00881958 -0.0218474 0.999722 4.1473
2.59965e-05 -0.999774 -0.0212772 87.2884 0.999936 -0.00021524 0.0113375 -19.2213 -0.0113395 -0.0212762 0.999709 4.08455
9.26945e-05 -0.999622 -0.0275067 84.9416 0.999916 -0.000264334 0.0129766 -19.1085 -0.012979 -0.0275056 0.999537 4.01149
0.000768268 -0.999608 -0.0279787 82.5929 0.999946 0.000477773 0.0103877 -18.978 -0.0103703 -0.0279852 0.999555 3.8801
-0.000736599 -0.999584 -0.0288413 80.2825 0.999878 -0.00118536 0.0155439 -18.8977 -0.0155717 -0.0288264 0.999463 3.86711
-0.000937716 -0.999709 -0.0241207 77.8793 0.999787 -0.00143488 0.0206036 -18.7424 -0.0206322 -0.0240962 0.999497 3.71528
-0.000789079 -0.99942 -0.0340416 75.5027 0.999897 -0.00127597 0.0142854 -18.5933 -0.0143206 -0.0340268 0.999318 3.76382
9.20848e-06 -0.999665 -0.0258969 73.0299 0.999745 -0.000575134 0.022556 -18.4915 -0.0225633 -0.0258905 0.99941 3.58871
0.0012835 -0.999364 -0.035629 70.5172 0.999843 0.000653508 0.0176868 -18.4006 -0.0176522 -0.0356461 0.999209 3.48972
0.00211325 -0.99956 -0.0295849 68.0056 0.999864 0.00162853 0.0164014 -18.3444 -0.016346 -0.0296155 0.999428 3.34639
-0.000896235 -0.999359 -0.0357799 65.491 0.999948 -0.00125831 0.0100987 -18.1822 -0.0101372 -0.035769 0.999309 3.25839
-0.00218461 -0.999727 -0.0232689 62.8673 0.999946 -0.00242049 0.010115 -18.0545 -0.0101686 -0.0232455 0.999678 3.14289
-0.00242373 -0.999611 -0.0278012 60.2864 0.999992 -0.00250807 0.00299957 -17.9557 -0.00306813 -0.0277937 0.999609 2.99074
-0.0025145 -0.999441 -0.0333202 57.547 0.999819 -0.00314026 0.0187431 -17.881 -0.0188373 -0.0332671 0.999269 2.86872
-0.00244934 -0.999241 -0.0388797 54.9918 0.99985 -0.00311331 0.0170247 -17.7156 -0.0171328 -0.0388322 0.999099 2.78057
-0.00412086 -0.998977 -0.0450258 53.0967 0.999729 -0.0051463 0.0226825 -17.6429 -0.022891 -0.0449202 0.998728 2.68573
-0.0031254 -0.999236 -0.038964 50.401 0.999854 -0.00377627 0.0166424 -17.5305 -0.0167769 -0.0389063 0.999102 2.56309
-0.00253606 -0.999312 -0.0369911 47.5633 0.99988 -0.00309957 0.0151831 -17.4888 -0.0152873 -0.0369482 0.9992 2.40809
-0.000429309 -0.999507 -0.0314072 44.9655 0.999952 -0.000734877 0.00971605 -17.3099 -0.00973434 -0.0314015 0.999459 2.3524
0.000562231 -0.999198 -0.0400407 42.2983 0.999991 0.00073434 -0.00428396 -17.1565 0.00430992 -0.0400379 0.999189 2.172
0.00368068 -0.999114 -0.0419361 39.5776 0.999983 0.00348957 0.0046298 -17.01 -0.00447936 -0.0419524 0.99911 2.06813
0.00632546 -0.99946 -0.0322388 36.9704 0.999975 0.00622395 0.00324808 -16.8668 -0.00304568 -0.0322585 0.999475 2.02805
0.0106776 -0.9991 -0.0410512 34.2764 0.999759 0.00987861 0.0196162 -16.7541 -0.019193 -0.0412507 0.998964 1.84158
0.0144282 -0.999382 -0.0320644 31.6564 0.999723 0.0138229 0.01902 -16.6141 -0.018565 -0.0323299 0.999305 1.69215
0.0178128 -0.999371 -0.0306499 29.0499 0.999686 0.0172616 0.0181529 -16.4776 -0.0176124 -0.0309636 0.999365 1.55793
0.0213694 -0.998829 -0.043408 26.6579 0.999458 0.0202549 0.025955 -16.3478 -0.0250454 -0.0439391 0.99872 1.44278
0.020998 -0.999112 -0.0365125 24.2257 0.999574 0.0202397 0.021017 -16.1675 -0.0202593 -0.0369383 0.999112 1.4088
0.0223473 -0.998681 -0.0462313 21.9153 0.999599 0.0215146 0.0184321 -16.0409 -0.0174131 -0.0466247 0.998761 1.27964
0.0202061 -0.999035 -0.0390084 19.5531 0.999614 0.0194429 0.0198464 -15.9183 -0.0190688 -0.0393944 0.999042 1.0925
0.0164926 -0.998693 -0.0483794 17.3766 0.999704 0.0156054 0.0186589 -15.7496 -0.0178795 -0.0486729 0.998655 1.0743
0.0118448 -0.998655 -0.0504859 15.2938 0.999661 0.0106565 0.023742 -15.6079 -0.0231721 -0.05075 0.998443 1.02022
0.00862313 -0.998612 -0.0519531 13.3162 0.999831 0.00776605 0.0166769 -15.4781 -0.0162503 -0.0520881 0.99851 0.93123
0.00526883 -0.998521 -0.0541201 11.3672 0.99973 0.00403435 0.0228959 -15.3788 -0.0226437 -0.0542261 0.998272 0.770131
0.00541499 -0.99833 -0.0575169 9.032 0.999704 0.00403966 0.0240019 -15.2833 -0.0237295 -0.0576298 0.998056 0.502848
0.0281725 -0.997748 -0.0608749 7.02819 0.999561 0.0275599 0.010879 -15.0192 -0.00917683 -0.0611547 0.998086 0.548123
0.0843078 -0.994549 -0.0613548 5.28657 0.996429 0.0838571 0.00988913 -14.7236 -0.00469018 -0.0619695 0.998067 0.492484
0.203019 -0.977338 -0.0599453 3.53267 0.979174 0.202581 0.0133577 -14.274 -0.000911145 -0.0614088 0.998112 0.364922
0.364152 -0.928984 -0.066197 2.12727 0.930938 0.365162 -0.00343583 -13.6628 0.0273645 -0.0603741 0.997801 0.272623
0.536885 -0.840784 -0.0695539 0.739106 0.843028 0.537839 0.0057843 -12.8294 0.0325454 -0.0617413 0.997561 0.229265
0.69907 -0.70886 -0.0939081 -0.384389 0.711661 0.702505 -0.00506997 -11.8101 0.0695648 -0.0632864 0.995568 0.240384
0.862502 -0.497058 -0.094993 -1.32656 0.498672 0.866757 -0.00761077 -10.4432 0.0861188 -0.0408061 0.995449 0.192269
0.964444 -0.250685 -0.0836924 -1.76892 0.251279 0.967908 -0.00353716 -8.87867 0.0818933 -0.0176187 0.996485 0.136425
0.994095 0.0717127 -0.0814377 -1.80541 -0.0735847 0.997084 -0.0202188 -6.80829 0.0797503 0.026092 0.996473 0.103013
0.980746 0.176626 -0.0833147 -1.52991 -0.179256 0.983481 -0.0251613 -4.85229 0.0774942 0.0396115 0.996206 0.175754
0.983816 0.160555 -0.0795487 -1.1657 -0.163053 0.986276 -0.0259406 -2.97633 0.0742921 0.0384915 0.996493 0.17344
0.993019 0.0940541 -0.0711791 -0.890568 -0.0967707 0.994665 -0.0357231 -1.1843 0.0674395 0.0423618 0.996824 0.174748
0.997542 0.0103983 -0.069299 -0.666497 -0.0130401 0.999201 -0.0377789 0.770392 0.0688508 0.0385897 0.99688 0.0443058
0.99528 -0.0655867 -0.0715288 -0.629073 0.0627139 0.99716 -0.0416982 2.94869 0.0740605 0.0370155 0.996567 0.124004
0.989941 -0.115368 -0.0818914 -0.663191 0.111804 0.992625 -0.0468617 4.82036 0.0866938 0.0372345 0.995539 0.232297
0.987566 -0.134863 -0.080774 -0.740179 0.131504 0.990267 -0.0455731 6.80038 0.086134 0.0343843 0.99569 0.228255
0.986806 -0.137863 -0.0849016 -0.871776 0.134601 0.989964 -0.04305 8.72791 0.0899846 0.0310542 0.995459 0.169018
0.985764 -0.134925 -0.100319 -1.05291 0.132809 0.99076 -0.0275158 10.8951 0.103104 0.0138009 0.994575 0.389034
0.989283 -0.114609 -0.0904641 -1.22375 0.112913 0.993323 -0.0236654 13.0098 0.0925724 0.0131972 0.995618 0.602081
0.991563 -0.0816344 -0.100693 -1.31184 0.0798377 0.996571 -0.0217529 15.1344 0.102124 0.0135302 0.99468 0.680248
0.993003 -0.048593 -0.107625 -1.27686 0.0464917 0.998677 -0.0219495 17.3028 0.108549 0.0167923 0.993949 0.640967
0.994843 -0.0138306 -0.100474 -1.1702 0.0115041 0.999653 -0.0236982 19.5656 0.100767 0.0224201 0.994657 0.465523
0.994408 0.0144946 -0.104604 -1.10787 -0.0170975 0.999565 -0.02403 21.6829 0.10421 0.0256841 0.994224 0.66234
0.993736 0.0332082 -0.106704 -0.978751 -0.0356512 0.999142 -0.0210692 23.9133 0.105913 0.0247414 0.994068 0.762279
0.994302 0.0389914 -0.0992129 -0.788228 -0.0406714 0.999061 -0.0149659 26.0952 0.0985361 0.0189158 0.994954 0.781505
0.991277 0.0405101 -0.125414 -0.54417 -0.0420064 0.999074 -0.00930787 28.3693 0.124921 0.0144949 0.992061 0.67437
0.991012 0.0382917 -0.128173 -0.288355 -0.040429 0.999083 -0.0141146 30.634 0.127515 0.0191697 0.991651 0.494509
0.990757 0.0366298 -0.130607 -0.14106 -0.0386324 0.999171 -0.0128315 32.9212 0.130029 0.0177586 0.991351 0.767494
0.990891 0.031231 -0.130993 0.0492167 -0.0325787 0.999436 -0.00815707 35.2225 0.130664 0.0123503 0.99135 0.849956
0.990115 0.0244005 -0.13812 0.177026 -0.0257824 0.999634 -0.00822463 37.5746 0.137868 0.0117044 0.990381 0.947382
0.98931 0.0179743 -0.144718 0.346949 -0.018101 0.999836 0.000440888 39.9162 0.144702 0.00218336 0.989473 0.98978
0.990345 0.0108735 -0.1382 0.495282 -0.0117074 0.999918 -0.00522241 42.3227 0.138132 0.00678995 0.990391 0.939327
0.990523 0.00411098 -0.137286 0.631146 -0.00520586 0.999957 -0.0076171 44.7874 0.137249 0.0082596 0.990502 0.931829
0.988783 -0.00299707 -0.149328 0.747812 0.00253218 0.999991 -0.00330323 47.2464 0.149336 0.00288806 0.988782 0.930808
0.989211 -0.00835224 -0.146259 0.860087 0.0087492 0.99996 0.00207102 49.6062 0.146236 -0.00332832 0.989244 0.804274
0.989781 -0.0122746 -0.14207 0.944224 0.0123963 0.999923 -2.81022e-05 51.9783 0.142059 -0.00173332 0.989857 0.757509
0.990859 -0.015342 -0.134029 0.989326 0.015446 0.999881 -0.000264213 54.311 0.134017 -0.0018084 0.990977 0.668192
0.990499 -0.0169694 -0.136465 1.05461 0.0155093 0.999811 -0.0117558 56.5446 0.136639 0.00952765 0.990575 0.451642
0.98881 -0.0184314 -0.148038 1.14772 0.0161447 0.999731 -0.016634 58.8282 0.148305 0.0140578 0.988842 0.6365
0.989799 -0.016571 -0.141506 1.23394 0.0154187 0.999838 -0.0092361 60.9346 0.141636 0.00696005 0.989894 0.75219
0.989038 -0.0187211 -0.146472 1.26862 0.0171936 0.999784 -0.0116874 63.1065 0.146659 0.00904091 0.989146 0.755118
0.985671 -0.0186993 -0.16764 1.29139 0.017802 0.999818 -0.00685376 65.1659 0.167738 0.00377122 0.985824 0.655698
0.98542 -0.00455692 -0.170075 1.33693 0.00321781 0.999962 -0.00814843 67.1419 0.170106 0.00748236 0.985397 0.556934
0.986821 0.0215181 -0.160378 1.4358 -0.0231515 0.999697 -0.00832339 69.0602 0.16015 0.0119267 0.987021 0.795113
0.983933 0.0427617 -0.17334 1.64993 -0.0452092 0.998926 -0.0101945 70.9928 0.172718 0.0178673 0.984809 0.918822
0.986245 0.0552326 -0.155791 1.83986 -0.0575214 0.998292 -0.0102182 72.9537 0.15496 0.019039 0.987737 0.95193
0.98479 0.0629639 -0.16194 2.10861 -0.0653196 0.997821 -0.00925854 74.9901 0.161004 0.0196955 0.986757 0.97867
0.9876 0.0658946 -0.142496 2.33004 -0.0677594 0.997667 -0.00826927 76.9595 0.141619 0.0178222 0.989761 1.03202
0.987998 0.0648209 -0.140207 2.55591 -0.0646647 0.997891 0.00567418 78.985 0.140279 0.00346037 0.990106 1.06126
0.989116 0.0639044 -0.132537 2.80752 -0.0637489 0.997951 0.00542128 81.1294 0.132612 0.0030868 0.991163 1.03014
0.988988 0.0604489 -0.13509 3.07447 -0.0608628 0.998146 0.00106809 83.2526 0.134904 0.00716563 0.990833 1.00363
0.988526 0.0577195 -0.139586 3.30362 -0.0583186 0.998298 -0.000201957 85.4812 0.139336 0.00834007 0.99021 0.994993
0.989353 0.0479749 -0.137404 3.53225 -0.0486025 0.998817 -0.00121482 87.6632 0.137183 0.00788007 0.990514 0.970226
0.990753 0.0397015 -0.129738 3.725 -0.0402631 0.999188 -0.001708 89.9667 0.129565 0.00691586 0.991547 0.901602
0.991012 0.0296925 -0.130437 3.91222 -0.0309573 0.999491 -0.00767954 92.24 0.130143 0.0116485 0.991427 0.75229
0.990607 0.0234871 -0.134709 4.10764 -0.0228482 0.999719 0.0062871 94.6133 0.134819 -0.00315018 0.990865 0.825953
0.991604 0.0150246 -0.128435 4.25016 -0.0139123 0.999858 0.00955329 96.9725 0.128561 -0.00768625 0.991672 0.920285
0.992204 0.00498 -0.124526 4.42049 -0.00461475 0.999984 0.00322136 99.3788 0.12454 -0.00262159 0.992211 0.826707
0.992189 -6.87527e-05 -0.124747 4.5051 0.000708271 0.999987 0.00508215 101.281 0.124745 -0.00513081 0.992176 0.791263
0.991851 -0.00433491 -0.127327 4.59923 0.0045516 0.999989 0.00141093 103.762 0.127319 -0.00197898 0.99186 0.634501
0.993725 -0.0058783 -0.111701 4.68603 0.00609414 0.99998 0.00159107 105.636 0.111689 -0.0022618 0.993741 0.767934
0.992994 -0.00846737 -0.117858 4.80238 0.00879369 0.999959 0.002249 107.611 0.117834 -0.00326965 0.993028 0.78582
0.992486 -0.00738461 -0.122132 4.87618 0.00757691 0.999971 0.00111005 109.537 0.122121 -0.00202709 0.992513 0.806297
0.99337 -0.0061984 -0.11479 4.95674 0.00642994 0.999978 0.00164694 111.513 0.114777 -0.00237412 0.993388 0.809756
0.993277 -0.00382663 -0.115697 5.05477 0.00307525 0.999973 -0.00667222 113.508 0.115719 0.00627157 0.993262 0.674634
0.993817 0.00192911 -0.111012 5.10845 -0.0029774 0.999953 -0.009278 115.479 0.110989 0.00955117 0.993776 0.556711
0.994257 0.00331001 -0.106967 5.26025 -0.00406373 0.999968 -0.00682908 117.555 0.106941 0.00722455 0.994239 0.727677
0.995032 0.00504318 -0.0994229 5.35948 -0.00446061 0.999972 0.00608094 119.618 0.0994507 -0.00560725 0.995027 0.706491
0.995187 0.00279477 -0.0979499 5.50468 -0.00287808 0.999996 -0.000709298 122.325 0.0979475 0.000987792 0.995191 0.703841
0.995922 0.000939777 -0.0902165 5.57787 -0.00141743 0.999985 -0.00523062 124.359 0.0902102 0.00533716 0.995908 0.616694
0.996106 0.00476393 -0.0880395 5.68427 -0.00442445 0.999982 0.00405072 126.465 0.0880572 -0.00364541 0.996109 0.490463
0.997197 0.00638715 -0.0745522 5.80653 -0.00666248 0.999972 -0.00344505 128.431 0.0745281 0.00393209 0.997211 0.650289
