0.480565 -0.87665 0.0232865 0.687383 0.876925 0.48061 -0.00401009 0.55236 -0.0076763 0.0223477 0.999721 0
0.477718 -0.878305 0.0191105 1.51101 0.878508 0.47768 -0.00678976 2.08272 -0.00316523 0.0200323 0.999794 0
0.47547 -0.879624 0.0137751 2.34391 0.87973 0.475445 -0.00525977 3.66902 -0.00192269 0.0146192 0.999891 0
0.47287 -0.88099 0.0158233 3.19944 0.881122 0.472873 -0.00373648 5.29405 -0.0041906 0.0157091 0.999868 0
0.470231 -0.882393 0.0162862 4.04862 0.882535 0.470228 -0.00427412 6.90015 -0.0038868 0.016383 0.999858 0
0.4686 -0.883247 0.0170114 4.91133 0.883397 0.468614 -0.00343754 8.54747 -0.00493559 0.0166387 0.999849 0
0.469093 -0.882965 0.0180108 5.78188 0.883073 0.469222 0.00349847 10.1992 -0.0115401 0.0142637 0.999832 0
0.47156 -0.881539 0.0228082 6.66573 0.881706 0.471775 0.00486239 11.8739 -0.0150467 0.0178172 0.999728 0
0.474045 -0.880244 0.0212596 7.54519 0.880451 0.474136 -0.000870686 13.5572 -0.0093135 0.0191307 0.999774 0
0.475883 -0.879339 0.0172561 8.45324 0.87948 0.475935 -0.00124162 15.2396 -0.00712099 0.0157673 0.99985 0
0.475105 -0.879524 0.0266959 9.38342 0.879798 0.47534 0.00286267 16.9607 -0.0152074 0.0221269 0.99964 0
0.472894 -0.880259 0.0389223 10.3115 0.881041 0.47298 -0.00754523 18.6691 -0.0117677 0.0378602 0.999214 0
0.469763 -0.882238 0.0313037 11.2399 0.882765 0.469731 -0.00880688 20.4321 -0.00693457 0.031771 0.999471 0
0.467787 -0.883341 0.0297237 12.1732 0.883773 0.467903 -0.00335213 22.2016 -0.0109467 0.0278371 0.999553 0
0.466131 -0.884398 0.0237189 13.1224 0.88459 0.466349 0.00436068 24.0334 -0.0149179 0.0189489 0.999709 0
0.464848 -0.885109 0.0223245 14.07 0.885146 0.465165 0.0117951 25.8058 -0.0208245 0.0142775 0.999681 0
0.465089 -0.885028 0.0204471 14.9819 0.885074 0.465344 0.00999329 27.5687 -0.0183593 0.0134494 0.999741 0
0.464778 -0.885261 0.0171757 15.85 0.885279 0.464968 0.00926046 29.3223 -0.0161841 0.0109012 0.99981 0
0.462328 -0.886492 0.0196037 16.7603 0.886538 0.46256 0.00942967 31.1381 -0.0174272 0.0130198 0.999763 0
0.462383 -0.886512 0.0172435 17.6781 0.88659 0.462526 0.00522564 32.7838 -0.0126082 0.0128717 0.999838 0
0.462074 -0.886789 0.00967185 18.6164 0.88675 0.462155 0.00932153 34.5327 -0.0127361 0.00426928 0.99991 0
0.461971 -0.886779 0.0143361 19.4739 0.886735 0.462134 0.0115 36.2781 -0.0168231 0.00739962 0.999831 0
0.461713 -0.886834 0.0186115 20.3721 0.886907 0.461896 0.00694539 37.9726 -0.014756 0.0132999 0.999803 0
0.459711 -0.887841 0.0200852 21.2418 0.887864 0.459973 0.0110469 39.6609 -0.0190465 0.0127545 0.999737 0
0.458682 -0.888279 0.0239061 22.1568 0.888182 0.459125 0.0183318 41.4238 -0.0272596 0.0128246 0.999546 0
0.45512 -0.890097 0.0243565 22.922 0.890227 0.45543 0.00889499 42.9922 -0.0190101 0.0176345 0.999664 0
0.452871 -0.891558 0.00563736 23.761 0.89149 0.452906 0.0110306 44.5782 -0.0123876 3.01953e-05 0.999923 0
0.451714 -0.892112 0.00954112 24.5562 0.892003 0.451809 0.0141309 46.2137 -0.0169171 0.0021276 0.999855 0
0.449202 -0.893403 0.00695931 25.3114 0.893273 0.449255 0.0152486 47.7579 -0.0167497 -0.000633156 0.99986 0
0.446914 -0.89456 0.00550032 26.0525 0.894405 0.44694 0.0168452 49.2665 -0.0175273 -0.00260881 0.999843 0
0.445285 -0.895374 0.00510996 26.7595 0.895155 0.445292 0.0202896 50.7136 -0.0204422 -0.00446046 0.999781 0
0.44246 -0.896761 0.00703613 27.4303 0.896401 0.442486 0.0259224 52.0952 -0.0263596 -0.00516244 0.999639 0
0.439823 -0.898075 0.00410194 28.0545 0.897923 0.439826 0.016952 53.4804 -0.0170283 -0.00377264 0.999848 0
0.437213 -0.899332 -0.00676589 28.953 0.899267 0.43705 0.017473 55.3612 -0.012757 -0.0137238 0.999824 0
0.435516 -0.900181 -0.000274276 29.7758 0.90013 0.435488 0.010781 57.0513 -0.00958537 -0.00494216 0.999942 0
0.442316 -0.896822 -0.00823258 30.5898 0.896847 0.442242 0.00941345 58.6692 -0.00480139 -0.0115471 0.999922 0
0.458828 -0.888515 0.00432331 31.3305 0.888395 0.458838 0.0149064 60.1093 -0.0152282 -0.00299864 0.99988 0
0.496767 -0.86788 -0.00257766 32.0439 0.867718 0.496612 0.0210058 61.4584 -0.0169504 -0.0126717 0.999776 0
0.592464 -0.805572 0.00633267 33.0917 0.805259 0.592425 0.0243073 62.8873 -0.0233329 -0.00930179 0.999685 0
0.727622 -0.685949 0.00637133 34.3217 0.685635 0.72752 0.0249026 64.0831 -0.0217171 -0.0137512 0.99967 0
0.871742 -0.489957 0.00295083 35.6949 0.489777 0.871557 0.0224996 65.0342 -0.0135957 -0.0181686 0.999743 0
0.967787 -0.251662 0.00737362 37.1486 0.251463 0.967639 0.0209894 65.5523 -0.0124172 -0.018459 0.999753 0
0.996026 0.088501 0.00998314 39.3787 -0.0886988 0.995826 0.0215068 65.6138 -0.00803809 -0.0223069 0.999719 0
0.960822 0.277107 0.00581921 41.1528 -0.277149 0.960788 0.0086126 65.0704 -0.00320442 -0.00988796 0.999946 0
0.927787 0.372994 -0.00928669 42.6512 -0.372949 0.927831 0.00629155 64.4465 0.0109632 -0.00237376 0.999937 0
0.899865 0.436081 -0.00870071 44.2754 -0.435989 0.899889 0.0106829 63.711 0.0124883 -0.00581978 0.999905 0
0.883263 0.468712 -0.0124481 45.6047 -0.468737 0.883337 0.00106738 62.9737 0.0114962 0.00489211 0.999922 0
0.87334 0.486846 -0.0160885 47.0707 -0.486944 0.873429 -0.00265784 62.1679 0.0127582 0.0101554 0.999867 0
0.865028 0.501495 -0.015122 48.6499 -0.501565 0.865119 -0.000945437 61.2028 0.0126082 0.00840249 0.999885 0
0.861821 0.506973 -0.015565 50.2978 -0.507062 0.861907 -0.00216554 60.1828 0.0123177 0.00975872 0.999877 0
0.865242 0.500957 -0.0199807 52.1919 -0.501211 0.865262 -0.010486 59.093 0.0120355 0.0190874 0.999745 0
0.869978 0.492676 -0.0202201 53.5023 -0.492941 0.869992 -0.0110715 58.3042 0.0121366 0.0195993 0.999734 0
0.873611 0.486292 -0.0179961 54.8689 -0.486526 0.873581 -0.0121993 57.5514 0.00978865 0.019413 0.999764 0
0.877457 0.47941 -0.0153313 56.2805 -0.479569 0.877458 -0.00906098 56.7673 0.00910867 0.015303 0.999842 0
0.879399 0.475709 -0.018917 57.7207 -0.475793 0.879557 2.61967e-05 56.0034 0.016651 0.00897753 0.999821 0
0.879158 0.476334 -0.0136769 59.1928 -0.476181 0.87925 0.0130394 55.2635 0.0182365 -0.00495099 0.999821 0
0.8796 0.475548 -0.0125814 60.6173 -0.47545 0.879685 0.0100456 54.4987 0.0158448 -0.00285426 0.99987 0
0.879962 0.474964 -0.0087593 62.0719 -0.474804 0.879954 0.0155575 53.7423 0.015097 -0.00953103 0.999841 0
0.8791 0.476527 -0.0102539 63.5491 -0.476291 0.879078 0.0191955 52.951 0.0181612 -0.0119909 0.999763 0
0.876001 0.482262 -0.00679263 64.978 -0.482075 0.875927 0.0188705 52.1663 0.0150504 -0.013256 0.999799 0
0.871121 0.491065 0.00199293 66.4245 -0.490965 0.870845 0.0241527 51.4041 0.010125 -0.0220184 0.999706 0
0.862767 0.505601 0.000195729 67.8774 -0.50548 0.862552 0.022243 50.5806 0.0110773 -0.0192895 0.999753 0
0.851935 0.523643 -0.00241964 69.2167 -0.523532 0.851834 0.0171403 49.801 0.0110365 -0.0133356 0.99985 0
0.840737 0.541438 0.00222293 70.5801 -0.541359 0.840528 0.0210586 48.9376 0.00953349 -0.0189081 0.999776 0
0.827053 0.562119 0.00226299 71.9068 -0.562039 0.826853 0.0206555 48.0662 0.00973971 -0.0183551 0.999784 0
0.815115 0.579298 0.00131375 73.1628 -0.57919 0.814916 0.0212216 47.2081 0.011223 -0.018059 0.999774 0
0.803467 0.595349 0.000385152 74.4041 -0.5952 0.803252 0.0229 46.3148 0.0133241 -0.0186286 0.999738 0
0.792955 0.609275 -0.00244019 75.5988 -0.609145 0.792857 0.0178969 45.3885 0.0128388 -0.012705 0.999837 0
0.785786 0.618496 0.00172919 76.7029 -0.618405 0.785617 0.0195234 44.5252 0.0107167 -0.0164106 0.999808 0
0.781614 0.623762 -0.000606831 77.8457 -0.623713 0.781564 0.0118296 43.6112 0.00785312 -0.00886767 0.99993 0
0.779552 0.626311 -0.00577719 79.4535 -0.626268 0.77957 0.00768207 42.3744 0.00931509 -0.0023705 0.999954 0
0.791122 0.611631 -0.00569599 80.8666 -0.611544 0.791121 0.0118913 41.1858 0.0117793 -0.00592414 0.999913 0
0.816045 0.57791 -0.00950867 82.2096 -0.577809 0.816091 0.0115287 40.1927 0.0144225 -0.00391373 0.999888 0
0.852265 0.522967 -0.0121986 83.5562 -0.522738 0.852307 0.017839 39.4149 0.0197262 -0.00882691 0.999766 0
0.904292 0.426774 -0.0109787 84.904 -0.426599 0.904312 0.0152538 38.7844 0.0164381 -0.00911035 0.999823 0
0.97168 0.236275 -0.00346987 86.8586 -0.23619 0.97157 0.0163138 38.2944 0.00722578 -0.0150323 0.999861 0
0.999506 -0.0271683 -0.0158114 88.8195 0.0273814 0.999535 0.0134233 38.3288 0.0154393 -0.0138496 0.999785 0
0.95311 -0.302222 -0.0155912 90.6405 0.302435 0.953071 0.0137771 38.8644 0.0106958 -0.0178464 0.999784 0
0.847481 -0.53082 0.00247109 92.2776 0.530622 0.847274 0.0238214 39.7796 -0.0147386 -0.018877 0.999713 0
0.747709 -0.664007 -0.00510349 93.7008 0.663746 0.747146 0.0348486 40.9847 -0.0193266 -0.029444 0.99938 0
0.712858 -0.701296 -0.00428765 94.7376 0.701002 0.712351 0.0339573 41.9659 -0.0207598 -0.0272124 0.999414 0
0.704224 -0.709705 -0.0196683 95.8799 0.709834 0.703254 0.0396013 43.0474 -0.0142734 -0.0418494 0.999022 0
0.710405 -0.703227 -0.0282264 97.0475 0.703788 0.709673 0.0323555 44.2401 -0.00272178 -0.0428509 0.999078 0
0.721525 -0.691385 -0.0372696 98.2858 0.692389 0.720441 0.0395246 45.4908 -0.000476201 -0.054323 0.998523 0
0.730624 -0.682413 -0.0223871 99.636 0.682657 0.729477 0.0429285 46.8448 -0.0129641 -0.0466473 0.998827 0
0.734332 -0.678484 -0.0204006 101.128 0.67876 0.733681 0.0315743 48.1761 -0.0064551 -0.0370331 0.999293 0
0.729233 -0.683598 -0.0302119 102.626 0.684263 0.728633 0.0296454 49.6557 0.00174779 -0.0422913 0.999104 0
0.728393 -0.684922 -0.018022 103.721 0.685112 0.727784 0.0308355 50.6654 -0.00800377 -0.0348075 0.999362 0
0.725106 -0.688229 -0.0237056 104.775 0.688611 0.72435 0.0336461 51.7173 -0.00598503 -0.0407209 0.999153 0
0.720618 -0.692676 -0.0301737 105.898 0.693332 0.719992 0.0300352 52.7993 0.000920148 -0.0425643 0.999093 0
0.714985 -0.698712 -0.0244443 107.042 0.699137 0.714448 0.0277685 53.8646 -0.00193801 -0.036944 0.999316 0
0.712212 -0.701558 -0.0239049 108.225 0.701933 0.711444 0.0337247 54.9474 -0.00665286 -0.0407988 0.999145 0
0.712396 -0.701523 -0.0188858 109.401 0.70172 0.711734 0.0320019 56.1571 -0.00900845 -0.0360506 0.999309 0
0.711674 -0.702231 -0.0198055 110.565 0.702481 0.711105 0.0291637 57.3609 -0.00639584 -0.034668 0.999378 0
0.713091 -0.700322 -0.0324084 111.726 0.70106 0.712055 0.0386372 58.5487 -0.00398191 -0.0502721 0.998728 0
0.717875 -0.695523 -0.0300642 112.911 0.69616 0.716928 0.0370862 59.7461 -0.00424041 -0.0475527 0.99886 0
0.720294 -0.693025 -0.0298828 114.199 0.693663 0.719439 0.0352156 60.983 -0.00290649 -0.0460942 0.998933 0
0.720855 -0.692469 -0.029226 115.44 0.693083 0.720098 0.0330869 62.1448 -0.00186608 -0.0441069 0.999025 0
0.72331 -0.689963 -0.0278279 116.664 0.690462 0.722116 0.0425467 63.3399 -0.00926066 -0.0499886 0.998707 0
0.72424 -0.68907 -0.0256552 117.894 0.689475 0.723122 0.0414684 64.534 -0.0100228 -0.0477217 0.99881 0
0.723626 -0.689409 -0.0328776 119.09 0.690116 0.723433 0.0196167 65.6955 0.0102608 -0.0368845 0.999267 0
0.721918 -0.691569 -0.023819 120.314 0.691948 0.721133 0.0342854 66.8809 -0.00653405 -0.0412328 0.999128 0
0.721088 -0.692773 -0.00991266 121.576 0.692424 0.720078 0.0451292 68.0502 -0.0241264 -0.0394059 0.998932 0
0.719464 -0.693859 -0.0305267 122.722 0.69453 0.718783 0.0312946 69.1721 0.000228065 -0.043717 0.999044 0
0.716079 -0.697332 -0.0309698 123.901 0.698019 0.71532 0.0329641 70.341 -0.000833623 -0.0452224 0.998977 0
0.710149 -0.703388 -0.0305695 125.093 0.704048 0.709611 0.0277198 71.5485 0.00219469 -0.0412076 0.999148 0
0.706028 -0.707275 -0.0358733 126.193 0.708184 0.705116 0.0358752 72.7148 -7.8762e-05 -0.0507338 0.998712 0
0.704332 -0.708981 -0.0355253 127.371 0.709859 0.703152 0.0409588 73.9065 -0.00405929 -0.0540666 0.998529 0
0.700438 -0.712981 -0.0323338 128.488 0.713713 0.699687 0.0324314 75.0247 -0.000499434 -0.0457933 0.998951 0
0.693073 -0.720215 -0.0306492 129.707 0.720866 0.692515 0.0278207 76.2261 0.00118814 -0.0413758 0.999143 0
0.684036 -0.729013 -0.0251854 130.78 0.729426 0.683344 0.0312824 77.4101 -0.00559504 -0.0397692 0.999193 0
0.678122 -0.73478 -0.0157734 131.89 0.734686 0.677148 0.0413214 78.6145 -0.0196812 -0.0396095 0.999021 0
0.670607 -0.741323 -0.0269336 132.926 0.741778 0.669785 0.0339651 79.752 -0.00713945 -0.042756 0.99906 0
0.659441 -0.75109 -0.0316622 134.018 0.751755 0.658761 0.029984 80.9984 -0.00166287 -0.0435749 0.999049 0
0.648192 -0.760681 -0.0348176 135.11 0.761465 0.647249 0.0352037 82.2704 -0.0042431 -0.0493312 0.998774 0
0.634646 -0.771733 -0.0406495 136.098 0.772796 0.63398 0.0292356 83.5457 0.00320885 -0.049968 0.998746 0
0.620804 -0.782882 -0.0412134 137.105 0.783962 0.619776 0.0357945 84.8804 -0.00247973 -0.0545311 0.998509 0
0.609152 -0.792255 -0.0355661 138.121 0.792918 0.607607 0.0457773 86.2061 -0.0146571 -0.0560863 0.998318 0
0.599372 -0.79958 -0.0377518 139.12 0.800316 0.597665 0.0478516 87.5412 -0.0156982 -0.0588943 0.998141 0
0.592828 -0.80395 -0.0471152 140.051 0.805308 0.591377 0.0418571 88.8571 -0.00578817 -0.0627564 0.998012 0
0.587887 -0.807118 -0.0543026 141.021 0.808942 0.586448 0.0411278 90.2286 -0.00134931 -0.0681062 0.997677 0
0.583017 -0.810938 -0.0497037 141.988 0.812197 0.580179 0.0610671 91.631 -0.0206847 -0.0759723 0.996895 0
0.574194 -0.817765 -0.0395182 142.909 0.81864 0.572801 0.0415648 92.8795 -0.0113542 -0.0562175 0.998354 0
0.564015 -0.824354 -0.0482541 143.844 0.825756 0.562778 0.0375177 94.2541 -0.00377153 -0.0610067 0.99813 0
0.550705 -0.83395 -0.0353878 144.761 0.834535 0.549257 0.0432234 95.6865 -0.0166091 -0.0533357 0.998439 0
0.541452 -0.840598 -0.0150024 145.7 0.840526 0.540839 0.0317633 97.0955 -0.0185863 -0.0298082 0.999383 0
0.530177 -0.847739 -0.0158111 146.602 0.847858 0.529913 0.0181514 98.4636 -0.00700914 -0.023029 0.99971 0
0.518589 -0.854526 -0.0291705 147.469 0.855001 0.518024 0.0249973 99.8803 -0.00624987 -0.0379041 0.999262 0
0.50993 -0.860012 -0.0187115 148.325 0.859796 0.508881 0.042324 101.35 -0.0268772 -0.0376704 0.998929 0
0.505453 -0.862705 -0.0160526 149.158 0.862665 0.504866 0.0303208 102.777 -0.0180535 -0.0291737 0.999411 0
0.501097 -0.864727 -0.0338835 149.931 0.865379 0.500499 0.0248867 104.225 -0.00456153 -0.0417927 0.999116 0
0.499185 -0.86604 -0.0280873 150.813 0.866371 0.4983 0.0331437 105.751 -0.0147078 -0.0408788 0.999056 0
0.497216 -0.867283 -0.0244255 151.646 0.867367 0.496182 0.0384452 107.262 -0.0212233 -0.0403014 0.998962 0
0.49344 -0.869648 -0.0151532 152.442 0.869768 0.493267 0.0138337 108.697 -0.0045559 -0.0200059 0.999789 0
0.490359 -0.871098 -0.0271497 153.242 0.8715 0.489893 0.0222148 110.186 -0.00605086 -0.0345542 0.999385 0
0.488661 -0.872119 -0.0248603 154.13 0.872316 0.487833 0.0329007 111.731 -0.0165657 -0.0377634 0.999149 0
0.486948 -0.873147 -0.0222707 154.89 0.873382 0.486493 0.0229792 113.227 -0.00922967 -0.0306405 0.999488 0
0.48668 -0.872808 -0.0367295 155.701 0.873513 0.485691 0.0328403 114.705 -0.0108241 -0.0480664 0.998786 0
0.486125 -0.873062 -0.0379988 156.524 0.87375 0.484814 0.038936 116.229 -0.0155712 -0.0521292 0.998519 0
0.484599 -0.873782 -0.0408445 157.306 0.874639 0.48332 0.0375354 117.665 -0.0130567 -0.0539138 0.99846 0
0.482524 -0.875038 -0.0384643 158.045 0.875838 0.481589 0.0313169 119.093 -0.00887953 -0.0487996 0.998769 0
0.47991 -0.876754 -0.0314417 158.826 0.876932 0.478328 0.0468245 120.478 -0.0260142 -0.0500438 0.998408 0
0.478037 -0.877901 -0.0277533 159.589 0.878045 0.47682 0.0409721 121.831 -0.0227361 -0.0439549 0.998775 0
0.479934 -0.876767 -0.0307002 160.588 0.877273 0.479326 0.0252756 123.673 -0.00744544 -0.0390631 0.999209 0
0.490621 -0.870887 -0.0291023 161.548 0.871333 0.490005 0.0259616 125.506 -0.0083494 -0.0380951 0.999239 0
0.506569 -0.861698 -0.0294068 162.551 0.862019 0.505472 0.0376981 127.273 -0.01762 -0.044446 0.998856 0
0.526385 -0.849259 -0.040962 163.545 0.850236 0.526006 0.0204232 128.912 0.00420163 -0.0455779 0.998952 0
0.541405 -0.840209 -0.0304779 164.562 0.840731 0.54072 0.028157 130.535 -0.00717774 -0.0408681 0.999139 0
0.550148 -0.834574 -0.0287028 165.61 0.835009 0.549376 0.0307736 132.074 -0.00991423 -0.0408971 0.999114 0
0.550457 -0.834584 -0.0215839 166.684 0.834711 0.549678 0.0333454 133.689 -0.0159653 -0.0363715 0.999211 0
0.546318 -0.836882 -0.0341183 167.727 0.837559 0.546126 0.0155604 135.324 0.0056107 -0.037077 0.999297 0
0.536087 -0.843537 -0.0324921 168.767 0.844078 0.535093 0.0347384 137.04 -0.0119168 -0.0460487 0.998868 0
0.526768 -0.8499 -0.0136331 169.926 0.849477 0.525803 0.0438053 138.809 -0.0300618 -0.0346562 0.998947 0
0.519156 -0.854471 -0.0188723 170.99 0.8546 0.518679 0.0251222 140.614 -0.0116775 -0.0291706 0.999506 0
0.516434 -0.856326 0.00122546 172.111 0.856093 0.516325 0.022654 142.388 -0.020032 -0.0106502 0.999743 0
0.513737 -0.857914 0.00766096 173.174 0.857873 0.513789 0.00860731 144.135 -0.0113204 0.00215024 0.999934 0
0.51275 -0.858414 0.014573 173.949 0.858342 0.512922 0.0126633 145.378 -0.0183452 0.00601553 0.999814 0
0.511472 -0.859127 0.0172414 174.953 0.859204 0.511612 0.00468359 147.101 -0.0128447 0.0124184 0.99984 0
0.512109 -0.858902 0.00560081 175.986 0.858917 0.512114 -0.000584679 148.866 -0.00236607 0.00511006 0.999984 0
0.511678 -0.859007 0.0171159 177.007 0.858996 0.511878 0.0103893 150.548 -0.0176857 0.00938656 0.9998 0
0.504168 -0.863154 0.0279142 177.909 0.863292 0.504593 0.0106293 152.135 -0.0232601 0.0187392 0.999554 0
0.476148 -0.878946 0.0271415 178.669 0.879244 0.476368 0.00190286 153.503 -0.0146018 0.0229579 0.99963 0
0.422175 -0.905869 0.034192 179.268 0.906435 0.422336 -0.00272206 155.004 -0.0119747 0.032142 0.999412 0
0.299393 -0.953753 0.026815 179.893 0.954086 0.299531 0.00117685 156.729 -0.00915434 0.0252315 0.99964 0
0.0578806 -0.998236 -0.0131788 180.037 0.998322 0.0578557 0.00226015 158.922 -0.0014937 -0.0132875 0.999911 0
-0.174203 -0.98367 -0.0452419 179.698 0.984422 -0.175078 0.0161317 160.589 -0.0237891 -0.041727 0.998846 0
-0.391771 -0.917832 -0.064027 179.016 0.918513 -0.3942 0.0306578 162.18 -0.0533781 -0.0467988 0.997477 0
-0.596401 -0.80163 -0.0411634 178.056 0.801528 -0.597511 0.0230968 163.522 -0.0431107 -0.0192187 0.998885 0
-0.743047 -0.6678 -0.0438775 176.752 0.66769 -0.74419 0.0192661 164.768 -0.0455191 -0.014981 0.998851 0
-0.811195 -0.583369 -0.0405356 175.597 0.583291 -0.812126 0.0149461 165.587 -0.0416391 -0.0115199 0.999066 0
-0.850177 -0.52491 -0.0408503 174.263 0.525042 -0.851036 0.00828501 166.313 -0.0391139 -0.0144044 0.999131 0
-0.865195 -0.499826 -0.0401431 172.772 0.500253 -0.865879 -0.000671381 167.209 -0.0344235 -0.0206626 0.999194 0
-0.870232 -0.491038 -0.0397172 171.225 0.491456 -0.870902 -0.000879057 168.041 -0.0341582 -0.0202842 0.999211 0
-0.869832 -0.492121 -0.0347669 169.395 0.492335 -0.870402 0.00270668 169.044 -0.0315932 -0.0147626 0.999392 0
-0.868906 -0.493861 -0.0332136 168.154 0.494145 -0.869379 -0.000385393 169.754 -0.0286849 -0.0167472 0.999448 0
-0.86767 -0.496168 -0.0310919 166.797 0.496398 -0.868095 0.00036497 170.482 -0.0271719 -0.0151173 0.999516 0
-0.865875 -0.499283 -0.0312535 165.368 0.499497 -0.866315 0.00106746 171.318 -0.0276083 -0.0146867 0.999511 0
-0.864709 -0.501458 -0.0285872 163.91 0.501442 -0.865152 0.00824401 172.155 -0.0288663 -0.00720615 0.999557 0
-0.863236 -0.50359 -0.0349493 162.389 0.503581 -0.863894 0.00968244 173.024 -0.0350685 -0.0092416 0.999342 0
-0.863175 -0.503534 -0.0371716 160.821 0.503402 -0.863947 0.0135166 173.961 -0.0389204 -0.0070451 0.999218 0
-0.863867 -0.502695 -0.0321176 159.284 0.502639 -0.864434 0.0103945 174.826 -0.0329888 -0.00716404 0.99943 0
-0.866685 -0.497675 -0.0342913 157.798 0.497587 -0.867335 0.0116598 175.693 -0.0355448 -0.00695756 0.999344 0
-0.869811 -0.491761 -0.0400036 156.218 0.491374 -0.870727 0.0196639 176.581 -0.0445021 -0.0025529 0.999006 0
-0.872377 -0.487344 -0.0381195 154.695 0.486774 -0.873207 0.0236769 177.444 -0.044825 0.00209964 0.998993 0
-0.87556 -0.481814 -0.0353642 153.176 0.481414 -0.876274 0.0196263 178.28 -0.0404449 0.000159214 0.999182 0
-0.876261 -0.480569 -0.034929 151.653 0.480257 -0.876956 0.0173697 179.069 -0.0389785 -0.00155452 0.999239 0
-0.87668 -0.47994 -0.0330121 150.118 0.479935 -0.877262 0.00858368 179.882 -0.0330799 -0.00831852 0.999418 0
-0.876114 -0.480826 -0.035093 148.646 0.480941 -0.876735 0.00562677 180.664 -0.0334727 -0.011948 0.999368 0
-0.874436 -0.483901 -0.0346785 147.113 0.484071 -0.87502 0.00387488 181.502 -0.0322194 -0.0133985 0.999391 0
-0.872439 -0.487441 -0.0353778 145.667 0.487472 -0.873099 0.00831583 182.284 -0.0349418 -0.00999065 0.999339 0
-0.870581 -0.4911 -0.0301732 144.168 0.490802 -0.871103 0.0171147 183.141 -0.034689 9.06745e-05 0.999398 0
-0.869262 -0.493278 -0.0325521 142.764 0.493218 -0.869843 0.0104229 183.932 -0.0334566 -0.00699502 0.999416 0
-0.86953 -0.492434 -0.037767 141.273 0.49229 -0.870324 0.0136716 184.766 -0.0396019 -0.00670441 0.999193 0
-0.871541 -0.488887 -0.0374971 139.864 0.488516 -0.872346 0.0191226 185.562 -0.0420592 -0.0016518 0.999114 0
-0.874568 -0.483754 -0.0333541 138.404 0.4836 -0.875191 0.0130936 186.362 -0.0355253 -0.00467878 0.999358 0
-0.879034 -0.475527 -0.0342629 136.991 0.475536 -0.879656 0.00841714 187.13 -0.0341422 -0.00889429 0.999377 0
-0.883709 -0.466395 -0.0391817 135.59 0.466614 -0.884452 0.00389003 187.835 -0.0364686 -0.0148451 0.999225 0
-0.887147 -0.459626 -0.0413898 134.107 0.459834 -0.887991 0.00490791 188.567 -0.0390096 -0.0146784 0.999131 0
-0.889313 -0.455077 -0.0450243 132.75 0.455609 -0.890178 -0.00176705 189.257 -0.0392755 -0.0220849 0.998984 0
-0.890428 -0.452877 -0.0451776 131.329 0.45354 -0.891221 -0.00511362 189.925 -0.0379474 -0.0250432 0.998966 0
-0.890651 -0.451955 -0.0497712 129.416 0.452984 -0.891448 -0.0111769 190.866 -0.039317 -0.0325003 0.998698 0
-0.888612 -0.455982 -0.0494919 127.562 0.456782 -0.889561 -0.00560167 191.769 -0.0414718 -0.0275847 0.998759 0
-0.884751 -0.463292 -0.0507552 125.85 0.464301 -0.885625 -0.00962659 192.646 -0.0404901 -0.0320828 0.998665 0
-0.880494 -0.471756 -0.0466457 124.259 0.472448 -0.881347 -0.004442 193.45 -0.0390155 -0.0259488 0.998902 0
-0.874321 -0.482736 -0.0502851 122.812 0.483694 -0.875199 -0.00822914 194.242 -0.040037 -0.0315175 0.998701 0
-0.867932 -0.494088 -0.0507078 121.489 0.494959 -0.868899 -0.00547845 195.006 -0.0413531 -0.0298532 0.998699 0
-0.857291 -0.511687 -0.0568103 119.95 0.512879 -0.858426 -0.00776108 195.912 -0.0447962 -0.0357903 0.998355 0
-0.845114 -0.532467 -0.0475521 118.73 0.532952 -0.84614 0.00288048 196.682 -0.0417695 -0.0229087 0.998865 0
-0.830883 -0.555034 -0.0396214 117.473 0.555377 -0.831594 0.00275445 197.529 -0.0344777 -0.0197162 0.999211 0
-0.818195 -0.57458 -0.0203832 116.238 0.57478 -0.818291 -0.0053251 198.376 -0.0136197 -0.0160729 0.999778 0
-0.752498 -0.658035 -0.0271405 115.092 0.65838 -0.752666 -0.00547383 199.293 -0.0168258 -0.0219878 0.999617 0
-0.639583 -0.768396 -0.0223856 114.1 0.768502 -0.639825 0.00531273 200.344 -0.0184052 -0.0138055 0.999735 0
-0.436164 -0.899265 -0.0329166 113.301 0.899321 -0.436882 0.0188769 201.801 -0.031356 -0.0213692 0.99928 0
-0.148709 -0.988627 -0.0224256 112.997 0.988687 -0.149091 0.0164448 203.6 -0.0196012 -0.0197264 0.999613 0
0.159175 -0.987175 -0.0121552 113.294 0.987113 0.158936 0.0186235 205.749 -0.0164527 -0.014963 0.999753 0
0.349001 -0.937051 -0.0115573 113.979 0.937063 0.348813 0.0155962 207.756 -0.0105831 -0.016273 0.999812 0
0.439746 -0.898109 -0.00479132 114.755 0.898051 0.439638 0.0149613 209.341 -0.0113304 -0.010882 0.999877 0
0.486331 -0.87376 -0.00507198 115.645 0.873707 0.486213 0.0152434 210.986 -0.010853 -0.0118447 0.999871 0
0.509377 -0.860537 -0.00338578 116.617 0.860499 0.509308 0.0121229 212.758 -0.00870778 -0.00908858 0.999921 0
0.514283 -0.85762 -0.000947649 117.361 0.857582 0.514249 0.010093 214.009 -0.0081686 -0.00600333 0.999949 0
0.517873 -0.855453 -0.00274213 118.125 0.855384 0.517785 0.0147364 215.323 -0.0111865 -0.00997717 0.999888 0
0.517476 -0.855693 0.00283199 118.911 0.85557 0.517453 0.0155346 216.65 -0.0147583 -0.00561583 0.999875 0
0.515136 -0.857057 0.00938859 119.702 0.857039 0.515203 0.00710644 217.981 -0.0109276 0.00438561 0.999931 0
0.513435 -0.858129 -0.000281084 120.591 0.858126 0.513433 0.00243596 219.479 -0.00194605 -0.00149191 0.999997 0
0.512308 -0.858726 -0.0114054 121.452 0.85879 0.512187 0.0120027 220.993 -0.00446529 -0.0159439 0.999863 0
0.512505 -0.858658 0.00668452 122.363 0.858448 0.512531 0.019494 222.503 -0.0201647 -0.00425244 0.999788 0
0.511011 -0.859505 0.0108804 123.302 0.859483 0.5111 0.00805127 224.059 -0.0124811 0.00523727 0.999908 0
0.509021 -0.860731 0.00631939 124.237 0.860754 0.509015 -0.00267449 225.68 -0.000914645 0.00680081 0.999977 0
0.507636 -0.861567 0.00289193 125.188 0.861571 0.507636 -0.000755797 227.34 -0.000816877 0.00287527 0.999996 0
0.506929 -0.861963 0.00662197 126.209 0.861901 0.506972 0.0103533 229.094 -0.0122813 0.000459103 0.999924 0
0.507181 -0.86178 0.0100845 127.229 0.861678 0.507278 0.0134253 230.799 -0.0166853 0.00188053 0.999859 0
0.507603 -0.861535 0.00986062 128.266 0.861538 0.507665 0.00528288 232.605 -0.00955728 0.0058137 0.999937 0
0.506327 -0.862306 0.00786149 129.266 0.862322 0.506356 0.00216474 234.322 -0.00584738 0.00568307 0.999967 0
0.502466 -0.864454 0.0157422 130.336 0.864522 0.502579 0.00400823 236.171 -0.0113766 0.0115954 0.999868 0
0.500245 -0.865712 0.0172709 131.388 0.865856 0.500289 -0.00202615 238.019 -0.00688637 0.0159677 0.999849 0
0.496979 -0.867666 0.0129432 132.403 0.867762 0.496929 -0.00706122 239.84 -0.000305052 0.0147409 0.999891 0
0.494254 -0.869292 0.00665096 133.448 0.869311 0.494265 -4.36269e-05 241.724 -0.00324941 0.00580332 0.999978 0
0.491359 -0.870896 0.0102756 134.447 0.87089 0.491434 0.00662249 243.504 -0.0108173 0.00569486 0.999925 0
0.490095 -0.87146 0.0190641 135.447 0.87159 0.490228 0.00277317 245.347 -0.0117625 0.015257 0.999814 0
0.490336 -0.871412 0.0145668 136.513 0.871507 0.490384 -0.000331323 247.249 -0.00685459 0.0128575 0.999894 0
0.48958 -0.871956 0.00222381 137.463 0.871957 0.489582 0.000436037 248.973 -0.00146894 0.0017256 0.999997 0
0.490558 -0.871404 0.00263446 138.515 0.871398 0.490565 0.00342425 250.882 -0.00427628 0.000615872 0.999991 0
0.491268 -0.871004 -0.00267998 139.491 0.87096 0.491206 0.0120962 252.639 -0.00921938 -0.00827661 0.999923 0
0.492264 -0.870446 0.000168949 140.475 0.870296 0.492184 0.0184277 254.425 -0.0161235 -0.00892429 0.99983 0
0.493063 -0.869953 0.00837558 141.506 0.869903 0.493128 0.009703 256.293 -0.0125714 0.00250175 0.999918 0
0.493098 -0.869973 -0.00155706 142.456 0.869959 0.493078 0.00674448 258.038 -0.00509976 -0.00468026 0.999976 0
0.493745 -0.869584 -0.00623348 143.454 0.869602 0.493708 0.0066296 259.834 -0.00268748 -0.00869398 0.999959 0
0.493286 -0.869813 -0.00969784 144.492 0.869851 0.493178 0.0116136 261.746 -0.00531887 -0.0141645 0.999886 0
0.493205 -0.869811 -0.0132956 145.461 0.869866 0.492961 0.0179766 263.494 -0.009082 -0.0204315 0.99975 0
0.493439 -0.869646 -0.0152927 146.487 0.869756 0.493216 0.0161909 265.344 -0.00653776 -0.0212901 0.999752 0
0.494769 -0.868775 -0.0207967 147.502 0.869006 0.494461 0.0183776 267.165 -0.00568281 -0.0271651 0.999615 0
0.496053 -0.868061 -0.0200097 148.535 0.86827 0.495744 0.0185858 269.007 -0.00621395 -0.0265934 0.999627 0
0.4966 -0.867743 -0.0202801 149.594 0.867976 0.496392 0.0146044 270.869 -0.00260602 -0.0248552 0.999688 0
0.496139 -0.868013 -0.0199895 150.633 0.868243 0.496027 0.0105614 272.761 0.0007479 -0.0225957 0.999744 0
0.496919 -0.867601 -0.0184583 151.694 0.867775 0.49664 0.0177676 274.654 -0.00624803 -0.0248467 0.999672 0
0.497082 -0.867562 -0.0156487 152.732 0.867638 0.496742 0.021266 276.502 -0.0106762 -0.0241484 0.999651 0
0.496471 -0.868036 -0.00539841 153.801 0.868002 0.496365 0.013926 278.404 -0.00940867 -0.0115997 0.999889 0
0.496113 -0.868238 -0.00593459 154.863 0.868243 0.496053 0.00923391 280.286 -0.00507336 -0.00973373 0.99994 0
0.495111 -0.868825 -0.0029411 155.928 0.868801 0.495065 0.00972016 282.182 -0.00698908 -0.00736779 0.999948 0
0.494363 -0.869142 0.0140356 156.963 0.869153 0.494488 0.00733791 283.954 -0.0133181 0.00857152 0.999875 0
0.493776 -0.869312 0.0219364 158.006 0.869565 0.493794 -0.00497251 285.806 -0.0065094 0.0215304 0.999747 0
0.492802 -0.870086 0.00982427 159.029 0.87013 0.492822 -0.000454203 287.64 -0.00444642 0.00877223 0.999952 0
0.491259 -0.870834 0.0176998 160.044 0.870958 0.491355 0.00129577 289.446 -0.00982528 0.0147792 0.999843 0
0.489133 -0.871785 0.0271794 160.996 0.872069 0.489375 0.00264245 291.193 -0.0156046 0.0224098 0.999627 0
0.487509 -0.872612 0.0297275 161.973 0.87304 0.487638 -0.00323995 292.919 -0.0116691 0.0275328 0.999553 0
0.485319 -0.873998 0.0243512 162.894 0.874272 0.485434 -0.00132298 294.606 -0.0106646 0.0219317 0.999703 0
0.484271 -0.874603 0.0234829 163.809 0.874861 0.48437 -0.00165348 296.279 -0.0099283 0.021345 0.999723 0
0.483371 -0.874996 0.0271131 164.711 0.875357 0.483466 -0.00335621 297.958 -0.0101716 0.0253559 0.999627 0
0.483729 -0.874806 0.026843 165.568 0.875184 0.483753 -0.00602816 299.53 -0.00771189 0.0264085 0.999622 0
0.486546 -0.873282 0.0255502 166.413 0.873617 0.486589 -0.00488888 301.06 -0.00816309 0.0246998 0.999662 0
0.489044 -0.871769 0.0292361 167.185 0.872213 0.489088 -0.00611319 302.477 -0.00896972 0.0284897 0.999554 0
0.492339 -0.869861 0.0307259 167.962 0.87032 0.492473 -0.00354921 303.831 -0.0120444 0.0284888 0.999522 0
0.495897 -0.867685 0.0347793 168.995 0.868255 0.496111 -0.00280728 305.719 -0.0148186 0.0315894 0.999391 0
0.500326 -0.865344 0.0292246 169.974 0.865817 0.500258 -0.0101254 307.377 -0.0058579 0.0303692 0.999522 0
0.500826 -0.864999 0.0308287 170.866 0.865468 0.500947 -0.00423328 308.936 -0.0117817 0.0288013 0.999516 0
0.491247 -0.87051 0.0297975 171.602 0.870972 0.491292 -0.00629637 310.308 -0.0091582 0.0290458 0.999536 0
0.444601 -0.895415 0.0237034 172.379 0.895724 0.444528 -0.00856977 311.964 -0.00286332 0.0250418 0.999682 0
0.349085 -0.936776 0.024303 172.922 0.937067 0.349144 -0.00192823 313.615 -0.00667891 0.0234466 0.999703 0
0.13497 -0.990631 0.0207983 173.28 0.990784 0.135173 0.00866663 315.623 -0.0113968 0.0194369 0.999746 0
-0.145682 -0.989298 0.00806647 173.059 0.989042 -0.145438 0.0253562 317.833 -0.0239117 0.011672 0.999646 0
-0.391689 -0.919789 0.0238326 172.416 0.919714 -0.390646 0.0390136 319.651 -0.0265742 0.0372003 0.998954 0
-0.57341 -0.818722 0.0299116 171.585 0.819221 -0.5726 0.0317292 320.94 -0.00885001 0.0426981 0.999049 0
-0.730573 -0.681707 0.0392345 170.435 0.682833 -0.729497 0.0396698 322.053 0.00157822 0.0557723 0.998442 0
-0.832378 -0.554172 0.00632987 169.067 0.554139 -0.83204 0.0252827 322.955 -0.00874425 0.0245524 0.99966 0
-0.879526 -0.475634 -0.0143592 167.524 0.475409 -0.879609 0.0165432 323.716 -0.020499 0.00772366 0.99976 0
-0.894071 -0.447883 -0.00624705 165.848 0.44784 -0.894085 0.00709947 324.435 -0.00876512 0.00354975 0.999955 0
-0.894728 -0.446592 0.00410779 164.089 0.446602 -0.894731 0.0019048 325.203 0.00282469 0.00353882 0.99999 0
-0.89256 -0.450923 -0.00223547 162.215 0.450912 -0.892558 0.0042677 326.211 -0.00391969 0.00280118 0.999988 0
-0.889086 -0.457713 -0.00498681 160.254 0.457738 -0.889064 -0.00651388 327.091 -0.0014521 -0.00807405 0.999966 0
-0.884404 -0.466593 -0.0109887 158.909 0.4667 -0.884348 -0.0109199 327.782 -0.00462268 -0.0147861 0.99988 0
-0.881024 -0.472901 -0.0127215 157.478 0.472989 -0.881055 -0.00485466 328.508 -0.00891255 -0.0102942 0.999907 0
-0.877568 -0.479401 -0.00706903 156.056 0.47942 -0.877585 -0.00117776 329.297 -0.00563905 -0.00442259 0.999974 0
-0.87485 -0.484156 -0.0152041 154.46 0.484278 -0.874897 -0.00553972 330.124 -0.01062 -0.0122095 0.999869 0
-0.871526 -0.489962 -0.0194733 152.906 0.48988 -0.871742 0.00912681 331.01 -0.0214475 -0.00158531 0.999769 0
-0.86908 -0.494402 -0.0163466 151.304 0.494216 -0.869223 0.0142387 331.923 -0.0212485 0.00429585 0.999765 0
-0.867509 -0.497292 -0.0113114 149.758 0.4972 -0.867578 0.0100479 332.806 -0.0148103 0.00309263 0.999886 0
-0.867317 -0.497615 -0.0118468 148.159 0.497513 -0.867392 0.0106038 333.741 -0.0155524 0.00330296 0.999874 0
-0.868664 -0.495196 -0.0142568 146.55 0.495059 -0.868774 0.0121729 334.612 -0.0184139 0.00351619 0.999824 0
-0.869554 -0.493513 -0.0178852 144.963 0.493464 -0.869735 0.00739783 335.529 -0.0192063 -0.00239291 0.999813 0
-0.87061 -0.491606 -0.0190365 143.295 0.491589 -0.870807 0.00588253 336.432 -0.019469 -0.00423674 0.999801 0
-0.872403 -0.488578 -0.0143291 141.683 0.488488 -0.872519 0.00943093 337.33 -0.0171102 0.00122797 0.999853 0
-0.875092 -0.483606 -0.0184241 140.099 0.483599 -0.875275 0.00511807 338.165 -0.0186013 -0.00443109 0.999817 0
-0.878981 -0.476207 -0.024889 138.46 0.476127 -0.879326 0.00942525 339.055 -0.0263739 -0.00356572 0.999646 0
-0.882298 -0.470151 -0.0225376 136.871 0.470216 -0.882547 0.00263054 339.818 -0.0211272 -0.00827662 0.999743 0
-0.883788 -0.467467 -0.0198256 135.247 0.467601 -0.883936 -0.00251242 340.705 -0.0163501 -0.0114909 0.9998 0
-0.884469 -0.465755 -0.0280441 133.673 0.466191 -0.884611 -0.0113982 341.51 -0.0194993 -0.0231553 0.999542 0
-0.883917 -0.46703 -0.023973 132.052 0.467294 -0.884077 -0.00662544 342.339 -0.0180997 -0.0170588 0.999691 0
-0.880982 -0.472205 -0.0298719 130.474 0.472811 -0.880983 -0.0178484 343.151 -0.0178885 -0.0298479 0.999394 0
-0.87628 -0.480589 -0.034169 128.885 0.48143 -0.876186 -0.0228773 343.99 -0.0189438 -0.0364968 0.999154 0
-0.872019 -0.488231 -0.0348463 127.326 0.488971 -0.872137 -0.016873 344.837 -0.0221528 -0.0317524 0.99925 0
-0.866619 -0.49792 -0.032359 125.799 0.498548 -0.866731 -0.0150857 345.713 -0.020535 -0.0292061 0.999362 0
-0.862609 -0.504989 -0.0298721 124.231 0.505581 -0.862611 -0.0170567 346.57 -0.0171545 -0.0298161 0.999408 0
-0.857136 -0.514137 -0.0313134 122.773 0.514819 -0.857073 -0.0196966 347.456 -0.0167111 -0.0330034 0.999316 0
-0.852129 -0.522219 -0.0341176 121.29 0.522952 -0.852183 -0.0174681 348.295 -0.0199523 -0.0327269 0.999265 0
-0.848519 -0.528057 -0.0342255 119.767 0.5287 -0.848709 -0.0130127 349.215 -0.0221761 -0.0291365 0.999329 0
-0.844875 -0.533991 -0.0322397 118.348 0.534508 -0.845108 -0.00969674 350.16 -0.022068 -0.0254249 0.999433 0
-0.843606 -0.536256 -0.0275427 116.986 0.536616 -0.843795 -0.00735233 351.007 -0.0192977 -0.0209823 0.999594 0
-0.844003 -0.535839 -0.0231584 115.687 0.536022 -0.844202 -0.00205449 351.868 -0.0184495 -0.0141474 0.99973 0
-0.846331 -0.532068 -0.0250341 113.904 0.532335 -0.846518 -0.00505994 352.998 -0.0184996 -0.0176089 0.999674 0
-0.855426 -0.517502 -0.0209403 112.282 0.517491 -0.855665 0.0063516 353.94 -0.0212049 -0.00540312 0.999761 0
-0.865812 -0.500071 -0.0172586 110.744 0.500089 -0.865967 0.00359199 354.881 -0.0167416 -0.00552084 0.999845 0
-0.876663 -0.480905 -0.0138541 109.109 0.480852 -0.876772 0.00716494 355.762 -0.0155925 -0.000380512 0.999878 0
-0.886286 -0.463075 -0.00765385 107.627 0.46308 -0.886316 0.00127791 356.539 -0.00737549 -0.00241175 0.99997 0
-0.893261 -0.449526 -0.00337955 105.97 0.44953 -0.893265 -0.000488704 357.32 -0.00279915 -0.00195575 0.999994 0
-0.89887 -0.438195 -0.00432742 104.346 0.438207 -0.898871 -0.0024963 358.125 -0.00279593 -0.00414015 0.999988 0
-0.902066 -0.431579 -0.00414289 102.646 0.431599 -0.902019 -0.00920561 358.921 0.000235982 -0.0100921 0.999949 0
-0.902242 -0.431165 -0.0075323 100.844 0.431224 -0.90219 -0.00998599 359.762 -0.00248996 -0.0122579 0.999922 0
-0.900551 -0.433544 -0.0323654 98.9196 0.433913 -0.900941 -0.005053 360.642 -0.0269686 -0.0185943 0.999463 0
-0.896782 -0.442065 -0.0189818 96.949 0.442346 -0.896727 -0.0145305 361.541 -0.0105981 -0.0214272 0.999714 0
-0.893007 -0.449447 -0.0231567 95.5468 0.449837 -0.892973 -0.0156758 362.228 -0.0136329 -0.0244153 0.999609 0
-0.888612 -0.456729 -0.0420316 94.111 0.457233 -0.889342 -0.00271979 362.957 -0.0361383 -0.0216351 0.999113 0
-0.886021 -0.463273 -0.0185935 92.6943 0.463517 -0.886007 -0.0119777 363.676 -0.010925 -0.0192309 0.999755 0
-0.881832 -0.471123 -0.0204018 91.1268 0.471532 -0.881451 -0.0264781 364.463 -0.00550876 -0.0329694 0.999441 0
-0.87642 -0.480082 -0.0375419 89.5237 0.481186 -0.876116 -0.029676 365.311 -0.0186441 -0.0440733 0.998854 0
-0.868966 -0.494695 -0.0132024 87.9617 0.494858 -0.868442 -0.0303936 366.198 0.00357006 -0.0329443 0.999451 0
-0.861942 -0.506864 -0.0120696 86.3366 0.506961 -0.861296 -0.0340519 367.151 0.00686418 -0.0354696 0.999347 0
-0.854659 -0.518497 -0.0268122 84.61 0.519041 -0.854511 -0.0201801 368.153 -0.012448 -0.0311637 0.999437 0
-0.85013 -0.526277 -0.0176208 82.9516 0.526476 -0.850138 -0.00934673 369.194 -0.0100611 -0.0172229 0.999801 0
-0.848778 -0.52845 -0.0178136 81.2349 0.528694 -0.848695 -0.0141035 370.265 -0.00766529 -0.0213887 0.999742 0
-0.848428 -0.528908 -0.0206462 79.5579 0.529202 -0.8484 -0.0127567 371.33 -0.0107691 -0.0217492 0.999706 0
-0.850615 -0.524958 -0.0295453 77.794 0.525469 -0.850714 -0.0129456 372.443 -0.0183387 -0.0265369 0.99948 0
-0.854516 -0.519153 -0.0168343 76.1553 0.51933 -0.854531 -0.00856506 373.457 -0.00993881 -0.0160615 0.999822 0
-0.858319 -0.513025 -0.0096718 74.4163 0.513112 -0.858235 -0.01221 374.475 -0.00203665 -0.0154428 0.999879 0
-0.861217 -0.507934 -0.0175486 72.7157 0.508094 -0.86128 -0.00601453 375.49 -0.0120593 -0.0140962 0.999828 0
-0.863854 -0.503537 -0.0143639 70.9257 0.503623 -0.863918 -0.00292502 376.447 -0.0109364 -0.00976077 0.999893 0
-0.866144 -0.499671 -0.0111053 69.2586 0.499757 -0.866138 -0.00691543 377.394 -0.00616327 -0.0115397 0.999914 0
-0.867915 -0.49657 -0.0118832 67.5322 0.49667 -0.867905 -0.00768746 378.394 -0.00649613 -0.0125741 0.9999 0
-0.870839 -0.490813 -0.0272334 65.8126 0.491156 -0.87104 -0.0073614 379.362 -0.0201083 -0.0197865 0.999602 0
-0.873458 -0.486117 -0.0275973 64.1577 0.486435 -0.873697 -0.00586915 380.301 -0.0212585 -0.0185507 0.999602 0
-0.877093 -0.480003 -0.0174488 62.4447 0.480208 -0.877095 -0.0102385 381.211 -0.0103898 -0.0173592 0.999795 0
-0.879103 -0.476077 -0.0229821 60.7296 0.476377 -0.879187 -0.00976514 382.075 -0.0155566 -0.0195327 0.999688 0
-0.880507 -0.473384 -0.0248114 59.0214 0.473502 -0.880792 0.00125159 383.035 -0.0224462 -0.0106462 0.999691 0
-0.880186 -0.473884 -0.026564 57.4033 0.473991 -0.880526 0.0025049 383.922 -0.0245773 -0.0103863 0.999644 0
-0.879667 -0.474934 -0.0249663 55.7641 0.475117 -0.879921 -0.00165314 384.75 -0.0211832 -0.0133161 0.999687 0
-0.878381 -0.477406 -0.0230373 54.0696 0.477644 -0.878534 -0.00588829 385.702 -0.0174279 -0.0161758 0.999717 0
-0.877162 -0.479976 -0.0144752 52.4794 0.480007 -0.877263 0.00146331 386.519 -0.013401 -0.00566466 0.999894 0
-0.875688 -0.482281 -0.024004 50.8196 0.482319 -0.875984 0.0045386 387.429 -0.023216 -0.00760321 0.999702 0
-0.87496 -0.483529 -0.0253707 49.2653 0.483457 -0.875318 0.00931316 388.261 -0.0267107 -0.00411702 0.999635 0
-0.874008 -0.485515 -0.0196069 47.7494 0.485427 -0.874227 0.0093596 389.085 -0.0216852 -0.00133735 0.999764 0
-0.872719 -0.487486 -0.0268114 46.2423 0.487548 -0.873084 0.00460682 389.933 -0.0256543 -0.00905136 0.99963 0
-0.872837 -0.487574 -0.0206729 44.8501 0.487464 -0.873081 0.0104266 390.726 -0.0231329 -0.000976578 0.999732 0
-0.87237 -0.488728 -0.0107357 43.4992 0.488643 -0.87243 0.00963166 391.491 -0.0140734 0.00315644 0.999896 0
-0.873337 -0.486798 -0.017594 42.1617 0.486497 -0.873478 0.0188801 392.209 -0.0245588 0.00792928 0.999667 0
-0.876996 -0.480415 -0.00893762 40.3811 0.480263 -0.876997 0.0149935 393.247 -0.0150414 0.00885683 0.999848 0
-0.881491 -0.472101 -0.00976702 38.7483 0.472055 -0.881544 0.00671376 394.051 -0.0117796 0.00130754 0.99993 0
-0.889711 -0.456187 -0.017551 37.1884 0.456162 -0.889879 0.00567658 394.864 -0.0182078 -0.00295557 0.99983 0
-0.910369 -0.413608 -0.0125547 35.6973 0.413523 -0.910451 0.00885491 395.54 -0.0150929 0.00286957 0.999882 0
-0.954896 -0.296761 -0.0102869 33.7717 0.296644 -0.954919 0.0115019 396.187 -0.0132365 0.00793156 0.999881 0
-0.995205 -0.0969885 -0.0126331 31.782 0.0968159 -0.995209 0.0136286 396.418 -0.0138944 0.0123402 0.999827 0
-0.988696 0.148501 -0.0206997 29.7967 -0.148636 -0.988878 0.00516938 396.091 -0.0197018 0.00818767 0.999772 0
-0.93687 0.34902 -0.0214278 28.3201 -0.349155 -0.937061 0.00279136 395.524 -0.0191049 0.0100968 0.999767 0
