0.472852 -0.880732 0.0268514 0.676587 0.881137 0.472724 -0.0113522 0.554334 -0.00269506 0.0290277 0.999575 0
0.470039 -0.882353 0.0227127 1.4814 0.882644 0.46983 -0.0141453 2.0928 0.00181003 0.026696 0.999642 0
0.467861 -0.883631 0.017404 2.2938 0.883797 0.467701 -0.0125866 3.68848 0.00298203 0.0212704 0.999769 0
0.465384 -0.884894 0.0195224 3.13026 0.885109 0.465257 -0.0108863 5.33314 0.000550259 0.0223458 0.99975 0
0.462997 -0.886131 0.020137 3.96666 0.88636 0.462864 -0.0111403 6.98834 0.000551062 0.0230065 0.999735 0
0.461839 -0.886713 0.0210939 4.82295 0.886963 0.461735 -0.00984601 8.72956 -0.00100919 0.0232568 0.999729 0
0.462442 -0.886367 0.0224088 5.66963 0.886617 0.462495 -0.00302858 10.3001 -0.00767953 0.0212685 0.999744 0
0.464938 -0.884916 0.0275035 6.53658 0.885273 0.465067 -0.00186838 11.941 -0.0111376 0.0252168 0.99962 0
0.467457 -0.883625 0.0262751 7.40432 0.884 0.46742 -0.00791242 13.62 -0.00528989 0.0269259 0.999623 0
0.469349 -0.882725 0.0225487 8.30125 0.883008 0.469279 -0.00862057 15.3231 -0.00297202 0.0239567 0.999709 0
0.468663 -0.882788 0.0322563 9.22106 0.883309 0.468768 -0.00470772 17.088 -0.0109648 0.0306986 0.999469 0
0.466804 -0.88322 0.0449083 10.144 0.884329 0.466618 -0.0151865 18.8796 -0.00754203 0.0468028 0.998876 0
0.463796 -0.88512 0.0381498 11.0646 0.885939 0.463468 -0.0175744 20.6135 -0.00212574 0.0419493 0.999117 0
0.461863 -0.886163 0.0373896 11.9984 0.886934 0.461708 -0.0131921 22.4048 -0.00557275 0.0392551 0.999214 0
0.460267 -0.887196 0.032225 12.9449 0.887735 0.46031 -0.00651824 24.268 -0.0090505 0.0316073 0.999459 0
0.459108 -0.887814 0.0317279 13.8876 0.888261 0.45934 1.21859e-05 26.0861 -0.0145847 0.028177 0.999497 0
0.459612 -0.887583 0.0308796 14.8002 0.88804 0.459759 -0.00255655 27.8962 -0.011928 0.0285973 0.99952 0
0.459586 -0.887669 0.0287253 15.6724 0.888079 0.459674 -0.00386871 29.6938 -0.00977013 0.0272883 0.99958 0
0.45706 -0.8889 0.0308798 16.577 0.889368 0.457178 -0.00355114 31.5249 -0.010961 0.0290866 0.999517 0
0.457263 -0.888883 0.0282399 17.4774 0.889311 0.457238 -0.00769586 33.2079 -0.00607164 0.0286331 0.999572 0
0.457137 -0.889164 0.0203232 18.3982 0.889375 0.457164 -0.00361328 34.9749 -0.00607821 0.0197267 0.999787 0
0.457116 -0.889065 0.0246498 19.256 0.88935 0.457225 -0.00137927 36.7244 -0.0100442 0.0225528 0.999695 0
0.456872 -0.889071 0.0286388 20.1616 0.889497 0.456903 -0.00584697 38.4136 -0.0078868 0.0281455 0.999573 0
0.454777 -0.890072 0.030832 21.0034 0.890526 0.454926 -0.00237854 40.1448 -0.0119092 0.0285384 0.999522 0
0.453755 -0.890426 0.0353122 21.8961 0.890907 0.454167 0.00419663 41.9336 -0.0197744 0.0295556 0.999368 0
0.450412 -0.892074 0.0365034 22.6653 0.892752 0.45051 -0.00598389 43.546 -0.0111071 0.0352837 0.999316 0
0.448419 -0.893633 0.0184624 23.5035 0.893814 0.448412 -0.00471117 45.1614 -0.00406871 0.0186145 0.999818 0
0.447312 -0.894081 0.023053 24.302 0.89434 0.447381 -0.00231604 46.8017 -0.00824275 0.0216532 0.999732 0
0.444768 -0.895395 0.0211999 25.0716 0.895612 0.444832 -0.00186687 48.3421 -0.00775883 0.0198172 0.999774 0
0.442186 -0.896689 0.0205119 25.8412 0.896885 0.442264 -0.000822791 49.8322 -0.00833389 0.0187606 0.999789 0
0.440352 -0.897599 0.0201283 26.5249 0.897756 0.440486 0.00256163 51.3166 -0.0111656 0.0169423 0.999794 0
0.437319 -0.899037 0.0220102 27.1892 0.899148 0.437571 0.00806984 52.7228 -0.0168861 0.0162614 0.999725 0
0.434668 -0.900388 0.019097 27.8131 0.900561 0.434729 -0.00109408 54.1116 -0.00731692 0.0176736 0.999817 0
0.43193 -0.90187 0.00819576 28.7071 0.901903 0.431938 -0.00081535 55.9983 -0.00280473 0.00774396 0.999966 0
0.43005 -0.902685 0.014711 29.5258 0.902805 0.429983 -0.00761514 57.6895 0.000548605 0.016556 0.999863 0
0.43666 -0.899601 0.00678403 30.3292 0.899612 0.436596 -0.00910272 59.2909 0.00522694 0.0100778 0.999936 0
0.452612 -0.891497 0.0193708 31.0795 0.891689 0.452634 -0.0034895 60.7039 -0.00565701 0.0188521 0.999806 0
0.490274 -0.871471 0.0130525 31.7511 0.871523 0.490346 0.00283248 62.0974 -0.00886864 0.00998682 0.999911 0
0.586185 -0.809865 0.0224878 32.7642 0.809969 0.586438 0.00636191 63.5733 -0.01834 0.0144852 0.999727 0
0.722241 -0.691259 0.023006 33.9612 0.691308 0.722526 0.00705201 64.794 -0.0214972 0.010811 0.99971 0
0.86784 -0.49644 0.0200215 35.314 0.496453 0.868051 0.00466719 65.7283 -0.0196967 0.00588934 0.999789 0
0.965517 -0.259158 0.024791 36.7701 0.259159 0.965829 0.00321395 66.217 -0.0247768 0.0033217 0.999687 0
0.996406 0.0800872 0.0276029 39.0225 -0.080221 0.99677 0.00377334 66.2644 -0.0272115 -0.00597411 0.999612 0
0.962929 0.268718 0.0236351 40.8396 -0.268575 0.963216 -0.00910373 65.7405 -0.0252121 0.00241845 0.999679 0
0.931077 0.364724 0.00852648 42.3725 -0.364622 0.931085 -0.0114631 65.1448 -0.0121197 0.00756409 0.999898 0
0.903805 0.427853 0.00889688 44.0276 -0.427804 0.903845 -0.00690888 64.4365 -0.0109974 0.00243816 0.999937 0
0.887468 0.460844 0.00491939 45.3756 -0.460716 0.887397 -0.0163238 63.7382 -0.0118882 0.0122204 0.999855 0
0.877601 0.479392 0.000802602 46.8568 -0.479285 0.877438 -0.0197401 62.9832 -0.0101675 0.0169393 0.999805 0
0.86905 0.494724 0.000976142 48.4676 -0.494633 0.868925 -0.0175124 62.0923 -0.00951198 0.0147363 0.999846 0
0.865153 0.501508 -0.00060659 50.1778 -0.501436 0.865007 -0.0179956 61.1622 -0.00850021 0.0158731 0.999838 0
0.867177 0.497955 -0.00671317 52.1664 -0.497954 0.866835 -0.025267 60.2027 -0.00676261 0.0252538 0.999658 0
0.872232 0.48904 -0.00714403 53.3804 -0.489046 0.871854 -0.0265616 59.3737 -0.00676113 0.0266616 0.999622 0
0.876217 0.481891 -0.00501814 54.7127 -0.481827 0.875805 -0.0284324 58.6216 -0.00930642 0.0273309 0.999583 0
0.880355 0.47431 -0.00249344 56.1286 -0.474208 0.880028 -0.0260256 57.8696 -0.0101499 0.0240941 0.999658 0
0.882527 0.470219 -0.00637531 57.6083 -0.470255 0.882354 -0.0176427 57.1619 -0.00267063 0.0185681 0.999824 0
0.882124 0.471014 -0.00169699 59.173 -0.471017 0.882109 -0.00516451 56.5098 -0.000935622 0.00535505 0.999985 0
0.882899 0.469563 -0.000498556 60.5182 -0.469551 0.882868 -0.00805524 55.6973 -0.00334228 0.00734606 0.999967 0
0.883706 0.468029 0.00347155 61.9397 -0.468023 0.883713 -0.00246818 54.9357 -0.00422304 0.000556382 0.999991 0
0.883314 0.468777 0.00211864 63.4123 -0.46878 0.883314 0.00121052 54.1752 -0.00130396 -0.00206245 0.999997 0
0.88049 0.474031 0.00563082 64.8749 -0.474043 0.880501 0.0010302 53.4467 -0.0044696 -0.00357633 0.999984 0
0.875587 0.482853 0.0141756 66.3999 -0.482973 0.87561 0.00662797 52.7733 -0.009212 -0.0126498 0.999878 0
0.867609 0.497092 0.0124336 67.764 -0.497177 0.867635 0.00485129 51.9037 -0.00837633 -0.0103907 0.999911 0
0.857324 0.514679 0.0100132 69.0767 -0.514703 0.857368 -0.000183365 51.1065 -0.00867938 -0.00499663 0.99995 0
0.846684 0.531891 0.0147561 70.4417 -0.531994 0.846739 0.00388171 50.2602 -0.0104299 -0.0111367 0.999884 0
0.833513 0.5523 0.0148476 71.8015 -0.552402 0.83357 0.00364124 49.4313 -0.0103655 -0.0112369 0.999883 0
0.821766 0.56966 0.0137405 73.142 -0.569759 0.8218 0.00449398 48.649 -0.00873188 -0.0115218 0.999896 0
0.810345 0.585818 0.0125938 74.3165 -0.585915 0.81035 0.0059782 47.7049 -0.00670329 -0.0122233 0.999903 0
0.800144 0.599728 0.00980006 75.4896 -0.599761 0.800179 0.00063127 46.7677 -0.00746321 -0.0063828 0.999952 0
0.793253 0.608732 0.0139917 76.6032 -0.608812 0.793312 0.00194629 45.9046 -0.00991501 -0.0100622 0.9999 0
0.789262 0.613944 0.0117796 77.7643 -0.613918 0.789346 -0.00612879 45.0139 -0.0130609 -0.00239451 0.999912 0
0.787213 0.616647 0.0065494 79.4188 -0.616571 0.787228 -0.0105894 43.8213 -0.0116858 0.00429798 0.999922 0
0.798149 0.602428 0.00621977 80.9266 -0.602395 0.798172 -0.00643449 42.715 -0.00884077 0.00138892 0.99996 0
0.8228 0.56833 0.000926491 82.2554 -0.568314 0.822787 -0.00636479 41.6694 -0.00437961 0.00471041 0.999979 0
0.858659 0.512539 -0.0029471 83.6074 -0.51254 0.858663 0.000185337 40.8522 0.00262556 0.00135137 0.999996 0
0.909773 0.415099 -0.00250785 84.9705 -0.415104 0.909771 -0.00224707 40.1896 0.00134881 0.00308534 0.999994 0
0.974884 0.222667 0.00450816 86.9232 -0.222665 0.974894 -0.00102172 39.6772 -0.00462248 -7.7559e-06 0.999989 0
0.999062 -0.0425454 -0.00800943 88.8596 0.0425142 0.999088 -0.00401674 39.6923 0.00817302 0.00367246 0.99996 0
0.947937 -0.318361 -0.00782737 90.6529 0.318342 0.947969 -0.00353586 40.2308 0.00854579 0.000859987 0.999963 0
0.837501 -0.546342 0.0101409 92.262 0.546297 0.837562 0.00703324 41.186 -0.0123362 -0.000350404 0.999924 0
0.734467 -0.67864 0.00251622 93.6597 0.678495 0.734379 0.0182195 42.4577 -0.0142123 -0.0116744 0.999831 0
0.698158 -0.715935 0.00354248 94.6766 0.715784 0.698098 0.0176714 43.502 -0.0151246 -0.00980177 0.999838 0
0.688823 -0.724834 -0.011735 95.7833 0.724875 0.688484 0.0233458 44.6434 -0.00884249 -0.0245875 0.999659 0
0.694718 -0.719007 -0.0198931 96.9232 0.719279 0.694531 0.0162749 45.8754 0.00211463 -0.0256152 0.99967 0
0.705601 -0.708022 -0.0288436 98.1379 0.7086 0.705215 0.0236156 47.1585 0.00362057 -0.0371018 0.999305 0
0.714256 -0.699749 -0.0137826 99.461 0.699819 0.713782 0.0277383 48.5353 -0.00957208 -0.0294576 0.99952 0
0.7176 -0.696364 -0.0112607 100.911 0.696446 0.717412 0.0168142 49.8977 -0.00363023 -0.0199083 0.999795 0
0.711925 -0.701949 -0.02076 102.365 0.702243 0.711779 0.015026 51.4034 0.00422901 -0.0252759 0.999672 0
0.710469 -0.70368 -0.00833633 103.421 0.703704 0.710293 0.0169036 52.4379 -0.00597347 -0.0178758 0.999822 0
0.706652 -0.707427 -0.0138211 104.438 0.707548 0.706383 0.0199607 53.5195 -0.00435775 -0.0238843 0.999705 0
0.701724 -0.712171 -0.0199067 105.519 0.712446 0.701531 0.0165808 54.6395 0.00215678 -0.0258176 0.999664 0
0.695624 -0.718273 -0.0138107 106.622 0.718405 0.695466 0.0148909 55.7601 -0.00109083 -0.0202801 0.999794 0
0.692562 -0.721239 -0.0131102 107.766 0.721331 0.692263 0.021311 56.9046 -0.00629464 -0.024216 0.999687 0
0.692594 -0.721286 -0.00770694 108.91 0.721269 0.692361 0.0201877 58.1571 -0.00922516 -0.0195407 0.999767 0
0.691763 -0.722078 -0.00820088 110.048 0.722089 0.691571 0.0177962 59.4054 -0.00717873 -0.0182325 0.999808 0
0.693149 -0.720497 -0.0207241 111.189 0.720775 0.692628 0.0273902 60.6444 -0.00538046 -0.0339228 0.99941 0
0.697988 -0.715884 -0.0179929 112.351 0.716082 0.697518 0.0263706 61.8925 -0.00632789 -0.0312908 0.99949 0
0.700482 -0.713458 -0.0174116 113.601 0.713648 0.700059 0.0249764 63.1799 -0.00563046 -0.0299212 0.999536 0
0.701138 -0.712838 -0.016345 114.813 0.713007 0.700769 0.0233371 64.402 -0.00518157 -0.0280166 0.999594 0
0.703669 -0.710373 -0.0148554 116.011 0.710405 0.703004 0.033316 65.6533 -0.0132234 -0.0339968 0.999334 0
0.704718 -0.709382 -0.0122783 117.218 0.709337 0.704106 0.0327925 66.891 -0.0146172 -0.0318189 0.999387 0
0.704434 -0.709529 -0.0185106 118.398 0.709752 0.704362 0.0112485 68.0847 0.00505701 -0.0210618 0.999765 0
0.702427 -0.711693 -0.0094808 119.602 0.711649 0.702029 0.0266677 69.3041 -0.0123234 -0.0254791 0.999599 0
0.701296 -0.712856 0.00448303 120.835 0.712217 0.700909 0.0383826 70.5077 -0.0305034 -0.0237246 0.999253 0
0.69993 -0.714045 -0.0154128 121.966 0.71418 0.699536 0.0244349 71.6583 -0.00666577 -0.0281102 0.999583 0
0.696288 -0.717592 -0.0156241 123.123 0.717716 0.695832 0.026498 72.8468 -0.00814303 -0.0296639 0.999527 0
0.690016 -0.723642 -0.0148429 124.284 0.723773 0.689699 0.0216223 74.0667 -0.00540969 -0.0256626 0.999656 0
0.685451 -0.727839 -0.0201912 125.36 0.728076 0.684843 0.0299333 75.2524 -0.00795877 -0.0352185 0.999348 0
0.683326 -0.729844 -0.0198577 126.501 0.730012 0.682523 0.0352769 76.4673 -0.0121932 -0.038602 0.99918 0
0.679082 -0.733881 -0.0163225 127.581 0.73401 0.6786 0.0270472 77.6173 -0.00877296 -0.0303482 0.999501 0
0.671287 -0.741057 -0.0144469 128.742 0.741164 0.670942 0.0226506 78.8453 -0.00709233 -0.0259126 0.999639 0
0.661653 -0.749756 -0.00906563 129.777 0.749683 0.66127 0.0264017 80.0639 -0.0138 -0.0242651 0.99961 0
0.655171 -0.75548 3.66531e-05 130.842 0.754967 0.654728 0.036827 81.3109 -0.0278461 -0.0241003 0.999322 0
0.647547 -0.761947 -0.0109039 131.838 0.761873 0.647066 0.0292268 82.495 -0.0152137 -0.0272331 0.999513 0
0.636102 -0.771449 -0.0155267 132.881 0.771546 0.635675 0.0251834 83.7721 -0.00955773 -0.0279988 0.999562 0
0.624472 -0.780819 -0.0188655 133.92 0.780955 0.623847 0.0303813 85.07 -0.0119531 -0.0337054 0.99936 0
0.610614 -0.791548 -0.0245393 134.873 0.791917 0.610145 0.0243037 86.3632 -0.00426504 -0.0342732 0.999403 0
0.596193 -0.802441 -0.0253492 135.84 0.802783 0.595471 0.0308938 87.714 -0.00969575 -0.0387685 0.999201 0
0.583927 -0.811558 -0.0200666 136.806 0.811518 0.582882 0.0410885 89.0629 -0.0216493 -0.0402771 0.998954 0
0.573789 -0.818697 -0.0223745 137.755 0.818694 0.572608 0.0431274 90.424 -0.0224965 -0.043064 0.998819 0
0.567162 -0.822999 -0.0316131 138.641 0.823512 0.5661 0.0368599 91.7696 -0.0124394 -0.0469393 0.99882 0
0.562109 -0.826149 -0.0388619 139.561 0.827026 0.561017 0.0358947 93.1688 -0.00785221 -0.0523166 0.9986 0
0.556769 -0.829929 -0.0350113 140.48 0.830229 0.554611 0.0559241 94.6034 -0.0269954 -0.0602042 0.997821 0
0.54791 -0.836183 -0.024321 141.363 0.836357 0.546957 0.0366699 95.9012 -0.0173602 -0.0404329 0.999031 0
0.537667 -0.842508 -0.0330753 142.251 0.843105 0.536782 0.0322407 97.3087 -0.00940876 -0.0452207 0.998933 0
0.523911 -0.851525 -0.0205628 143.12 0.851495 0.52297 0.0381962 98.7651 -0.0217712 -0.0375206 0.999059 0
0.514525 -0.857475 -7.5532e-06 144.008 0.857159 0.514334 0.0271913 100.208 -0.023312 -0.0139971 0.99963 0
0.503362 -0.864076 -0.000587756 144.862 0.864003 0.50331 0.0133579 101.621 -0.0112464 -0.00723166 0.999911 0
0.491757 -0.870614 -0.0143609 145.686 0.870675 0.491468 0.019588 103.082 -0.00999565 -0.0221362 0.999705 0
0.482877 -0.875676 -0.00464224 146.498 0.875168 0.4824 0.0370352 104.597 -0.0301914 -0.0219462 0.999303 0
0.478722 -0.877965 -0.00179158 147.291 0.877714 0.478534 0.0249488 106.069 -0.0210468 -0.013516 0.999687 0
0.474729 -0.879913 -0.0196208 148.032 0.880102 0.474411 0.0188428 107.554 -0.0072717 -0.0262136 0.99963 0
0.472847 -0.88103 -0.0142246 148.872 0.880976 0.47238 0.0271729 109.103 -0.0172207 -0.0253801 0.99953 0
0.470903 -0.882118 -0.0108457 149.67 0.881869 0.47037 0.0325314 110.638 -0.0235951 -0.0248836 0.999412 0
0.467364 -0.884065 -0.000938398 150.443 0.884039 0.467341 0.00819667 112.102 -0.00680783 -0.0046604 0.999966 0
0.464173 -0.885645 -0.0132584 151.214 0.885706 0.463962 0.0162652 113.608 -0.00825378 -0.019293 0.99978 0
0.462226 -0.886689 -0.0113402 152.051 0.886563 0.461813 0.0271113 115.161 -0.0188023 -0.0225853 0.999568 0
0.460419 -0.887661 -0.00848556 152.776 0.887627 0.460235 0.0174025 116.66 -0.0115421 -0.0155444 0.999813 0
0.459925 -0.887653 -0.0232632 153.54 0.887859 0.459324 0.0269857 118.146 -0.0132686 -0.0330658 0.999365 0
0.459079 -0.888051 -0.0247348 154.308 0.88821 0.458236 0.0332136 119.672 -0.018161 -0.0372174 0.999142 0
0.457345 -0.888862 -0.027551 155.039 0.889149 0.456504 0.0319018 121.117 -0.0157791 -0.0390871 0.999111 0
0.455066 -0.890107 -0.0249962 155.723 0.890381 0.454478 0.0259205 122.54 -0.0117118 -0.0340517 0.999351 0
0.451959 -0.891847 -0.0184962 156.427 0.89157 0.450952 0.0417813 123.89 -0.0289216 -0.0353741 0.998956 0
0.4499 -0.892959 -0.0146729 157.119 0.892709 0.44918 0.0361553 125.218 -0.0256944 -0.0293649 0.999238 0
0.451817 -0.891945 -0.0171961 158.062 0.892049 0.451476 0.0204242 127.088 -0.0104536 -0.0245678 0.999644 0
0.462418 -0.886523 -0.0157321 158.986 0.886588 0.462077 0.0211419 128.984 -0.0114733 -0.0237243 0.999653 0
0.478391 -0.877991 -0.0165571 159.95 0.877899 0.477722 0.0327945 130.855 -0.0208836 -0.0302241 0.999325 0
0.498982 -0.866169 -0.0277209 160.907 0.866612 0.498757 0.0150272 132.624 0.000809857 -0.0315216 0.999503 0
0.514425 -0.857353 -0.0176908 161.88 0.857471 0.514024 0.0228844 134.347 -0.0105265 -0.0269416 0.999582 0
0.523789 -0.851693 -0.0162238 162.877 0.851748 0.523341 0.0253097 135.972 -0.0130655 -0.0270755 0.999548 0
0.524693 -0.851239 -0.00942543 163.89 0.851085 0.524291 0.0278171 137.654 -0.0187373 -0.0226173 0.999569 0
0.521556 -0.852942 -0.0216756 164.869 0.853211 0.521482 0.00937435 139.34 0.00330766 -0.0233831 0.999721 0
0.511789 -0.858858 -0.0208591 165.848 0.859003 0.511188 0.0283083 141.085 -0.0136499 -0.0324059 0.999382 0
0.503044 -0.864257 -0.00247766 166.93 0.863695 0.502609 0.0376297 142.863 -0.0312764 -0.0210694 0.999289 0
0.496372 -0.868079 -0.00740402 167.93 0.868021 0.49618 0.0185904 144.641 -0.0124642 -0.0156546 0.9998 0
0.494236 -0.869237 0.0125906 168.995 0.869085 0.494389 0.0164919 146.397 -0.02056 0.00279141 0.999785 0
0.492207 -0.870265 0.0192594 170.012 0.8704 0.492339 0.002542 148.132 -0.0116944 0.0155122 0.999811 0
0.491679 -0.870389 0.0259889 170.745 0.870576 0.491987 0.0067682 149.357 -0.0186772 0.0192976 0.999639 0
0.49088 -0.87075 0.0288307 171.715 0.871126 0.491058 -0.00102465 151.08 -0.0132653 0.0256181 0.999584 0
0.491956 -0.870447 0.0173828 172.709 0.870615 0.491925 -0.00629452 152.839 -0.00307201 0.0182304 0.999829 0
0.491475 -0.870416 0.0287912 173.704 0.870688 0.491807 0.00538822 154.517 -0.0188497 0.02242 0.999571 0
0.483574 -0.874397 0.0398339 174.618 0.874946 0.484176 0.00653448 156.096 -0.0250003 0.0316926 0.999185 0
0.455947 -0.889128 0.0395482 175.36 0.889838 0.456276 -0.000798185 157.63 -0.0173352 0.0355554 0.999217 0
0.40215 -0.914371 0.0469123 175.995 0.915448 0.402417 -0.00403778 159.364 -0.0151862 0.0445695 0.998891 0
0.278618 -0.95957 0.0399545 176.534 0.960333 0.278856 0.000395711 160.969 -0.0115213 0.0382593 0.999201 0
0.0366161 -0.999329 0.000441695 176.623 0.999329 0.0366165 0.00108785 163.135 -0.00110329 0.000401566 0.999999 0
-0.195276 -0.980246 -0.0313982 176.268 0.980535 -0.195801 0.0145927 164.809 -0.0204522 -0.0279375 0.9994 0
-0.412085 -0.909777 -0.04992 175.596 0.909935 -0.413743 0.0288983 166.434 -0.046945 -0.0335154 0.998335 0
-0.615023 -0.788073 -0.0262192 174.694 0.787802 -0.61554 0.0218889 167.891 -0.033389 -0.00719341 0.999417 0
-0.758832 -0.650641 -0.0289684 173.272 0.650411 -0.759368 0.0180607 168.974 -0.0337487 -0.00513634 0.999417 0
-0.824948 -0.564628 -0.0256161 172.045 0.564466 -0.82534 0.0138689 169.729 -0.0289728 -0.0030183 0.999576 0
-0.862559 -0.505296 -0.0258351 170.672 0.50529 -0.862919 0.00723775 170.444 -0.0259508 -0.00681125 0.99964 0
-0.877082 -0.479695 -0.0249042 169.168 0.47988 -0.877332 -0.00170741 171.347 -0.0210303 -0.0134486 0.999688 0
-0.882439 -0.469796 -0.0243427 167.633 0.469977 -0.882677 -0.00198892 172.254 -0.0205524 -0.0131956 0.999702 0
-0.882563 -0.469794 -0.0193999 165.74 0.469858 -0.882741 0.00140523 173.083 -0.0177853 -0.00787502 0.999811 0
-0.881948 -0.471015 -0.0176762 164.463 0.471118 -0.882068 -0.00196393 173.674 -0.0146666 -0.0100597 0.999842 0
-0.880956 -0.472946 -0.0154484 163.091 0.473023 -0.881049 -0.00148821 174.324 -0.0129069 -0.00861847 0.99988 0
-0.879525 -0.475602 -0.0154505 161.658 0.475675 -0.879621 -0.00114684 175.133 -0.0130451 -0.00835806 0.99988 0
-0.879085 -0.476495 -0.0127367 160.209 0.476462 -0.879177 0.00570122 176.047 -0.0139145 -0.00105672 0.999903 0
-0.877994 -0.478316 -0.0184678 158.671 0.478278 -0.878183 0.00671516 176.65 -0.0194301 -0.00293687 0.999807 0
-0.877859 -0.478494 -0.0201652 157.095 0.478384 -0.878091 0.0102709 177.413 -0.0226214 -0.000630297 0.999744 0
-0.878157 -0.478156 -0.0143931 155.55 0.478104 -0.878275 0.00709244 178.181 -0.0160324 -0.00065312 0.999871 0
-0.88065 -0.473498 -0.0159624 154.045 0.473429 -0.880795 0.0080883 179.016 -0.0178894 -0.000434091 0.99984 0
-0.883834 -0.46732 -0.021208 152.459 0.467073 -0.88408 0.0156856 179.944 -0.0260798 0.00395776 0.999652 0
-0.887006 -0.46138 -0.0186742 150.926 0.461051 -0.887161 0.0194449 180.989 -0.0255385 0.00863801 0.999637 0
-0.889629 -0.45643 -0.0152266 149.38 0.456219 -0.889733 0.0154605 181.589 -0.0206042 0.00680743 0.999765 0
-0.889768 -0.456195 -0.0141349 147.826 0.456034 -0.889864 0.0131957 182.273 -0.018598 0.00529504 0.999813 0
-0.889544 -0.456708 -0.011351 146.256 0.456688 -0.889616 0.00442055 183.047 -0.0121169 -0.0012516 0.999926 0
-0.888636 -0.458437 -0.0126897 144.745 0.458459 -0.888715 0.00134407 183.848 -0.0118937 -0.00462333 0.999919 0
-0.886945 -0.461733 -0.0115019 143.187 0.461768 -0.887 -0.000513722 184.758 -0.00996498 -0.00576685 0.999934 0
-0.885605 -0.464296 -0.011516 141.716 0.464285 -0.885678 0.00374789 185.715 -0.0119396 -0.00202756 0.999927 0
-0.883848 -0.467731 -0.00631972 140.184 0.467641 -0.883839 0.0118237 186.377 -0.0111159 0.00749499 0.99991 0
-0.882403 -0.470421 -0.00831633 138.745 0.470402 -0.882442 0.00423315 187.07 -0.00933004 -0.000176679 0.999956 0
-0.882599 -0.469934 -0.0134342 137.236 0.469889 -0.882702 0.0065201 187.85 -0.0149224 -0.000557937 0.999888 0
-0.884444 -0.466461 -0.0131266 135.809 0.466343 -0.884534 0.0111498 188.633 -0.0168119 0.00373986 0.999852 0
-0.887269 -0.461172 -0.00863906 134.345 0.461151 -0.887311 0.00440314 189.465 -0.00969614 -7.71444e-05 0.999953 0
-0.892007 -0.451929 -0.00919309 132.934 0.451957 -0.892039 -0.00115558 190.353 -0.00767835 -0.00518566 0.999957 0
-0.896647 -0.442547 -0.0132878 131.496 0.442653 -0.896671 -0.00628009 190.884 -0.00913551 -0.0115129 0.999892 0
-0.899946 -0.435744 -0.0149798 129.997 0.435863 -0.899995 -0.00570781 191.51 -0.0109946 -0.0116659 0.999871 0
-0.901935 -0.431497 -0.0180179 128.614 0.43174 -0.901907 -0.0128059 192.147 -0.0107248 -0.0193291 0.999756 0
-0.902951 -0.429376 -0.0177555 127.18 0.42965 -0.902846 -0.0164444 192.8 -0.00896965 -0.0224772 0.999707 0
-0.903434 -0.428166 -0.0219263 125.234 0.42861 -0.903199 -0.0228893 193.766 -0.0100034 -0.0300768 0.999498 0
-0.902312 -0.430547 -0.0215156 123.362 0.430922 -0.902218 -0.0175885 194.773 -0.0118391 -0.0251418 0.999614 0
-0.898935 -0.437496 -0.0226587 121.613 0.437949 -0.898733 -0.0218777 195.478 -0.0107927 -0.02959 0.999504 0
-0.895059 -0.44555 -0.0188061 119.994 0.445848 -0.894952 -0.0167422 196.196 -0.00937104 -0.0233699 0.999683 0
-0.889452 -0.456475 -0.0224857 118.524 0.456908 -0.889271 -0.0207813 196.949 -0.0105098 -0.0287578 0.999531 0
-0.883793 -0.467305 -0.0231478 117.181 0.467725 -0.883687 -0.0181905 197.728 -0.0119549 -0.0269034 0.999567 0
-0.874617 -0.48393 -0.0292764 115.612 0.484566 -0.874506 -0.0208555 198.732 -0.0155098 -0.0324269 0.999354 0
-0.863151 -0.504532 -0.0204626 114.361 0.504783 -0.863194 -0.00951896 199.351 -0.0128606 -0.0185455 0.999745 0
-0.849555 -0.527347 -0.012672 113.066 0.527465 -0.84953 -0.00895123 200.143 -0.00604483 -0.0142886 0.99988 0
-0.837213 -0.546835 0.00669797 111.809 0.546688 -0.837184 -0.0159553 201.006 0.0143323 -0.00969626 0.99985 0
-0.775151 -0.631777 -0.000117515 110.635 0.631698 -0.775051 -0.0159628 202.008 0.00999384 -0.0124478 0.999873 0
-0.666833 -0.745198 0.00385475 109.64 0.745179 -0.666843 -0.0053759 202.914 0.00657662 -0.000712351 0.999978 0
-0.469153 -0.883084 -0.00762972 108.781 0.883058 -0.469204 0.00753227 204.295 -0.0102315 -0.00320371 0.999943 0
-0.185201 -0.982698 0.00246547 108.365 0.982689 -0.185186 0.00526754 206.084 -0.00471983 0.00339835 0.999983 0
0.122725 -0.992366 0.0121649 108.531 0.9924 0.122822 0.0075964 208.292 -0.00903253 0.0111402 0.999897 0
0.31508 -0.948985 0.0123558 109.103 0.949032 0.315152 0.00429203 210.436 -0.00796702 0.0103737 0.999914 0
0.407903 -0.912822 0.019262 109.804 0.912955 0.408043 0.0038316 211.904 -0.0113573 0.0160224 0.999807 0
0.455895 -0.889828 0.0191394 110.638 0.889947 0.456045 0.00413453 213.523 -0.0124074 0.0151482 0.999808 0
0.479916 -0.87706 0.0211106 111.56 0.877244 0.480044 0.00112916 215.322 -0.0111243 0.0179772 0.999776 0
0.485528 -0.873898 0.0237722 112.26 0.874154 0.485648 -0.00080211 216.64 -0.010844 0.02117 0.999717 0
0.490056 -0.871415 0.021932 112.969 0.871579 0.490241 0.0036914 218.097 -0.0139687 0.0173065 0.999753 0
0.490102 -0.871265 0.0264086 113.743 0.871488 0.490388 0.00530173 219.339 -0.0175697 0.0204164 0.999637 0
0.488153 -0.872164 0.0322026 114.513 0.872649 0.488344 -0.00219998 220.659 -0.0138072 0.0291755 0.999479 0
0.486902 -0.873188 0.0216741 115.357 0.873443 0.486885 -0.00642423 222.166 -0.00494321 0.022059 0.999744 0
0.486013 -0.873903 0.00923391 116.175 0.873919 0.486059 0.00350367 223.723 -0.00755009 0.00636686 0.999951 0
0.486429 -0.873333 0.0260124 117.036 0.87341 0.486834 0.0121562 225.323 -0.0232801 0.0168064 0.999588 0
0.486016 -0.873456 0.0293811 117.917 0.873814 0.486259 0.00130693 227.024 -0.0154284 0.0250385 0.999567 0
0.484743 -0.874313 0.0245085 118.813 0.874649 0.484664 -0.0094595 228.576 -0.00360784 0.0260218 0.999655 0
0.483737 -0.874974 0.0204801 119.719 0.875207 0.483692 -0.00741834 230.223 -0.00341522 0.0215129 0.999763 0
0.483221 -0.875186 0.023392 120.685 0.875372 0.483433 0.00406989 231.99 -0.0148704 0.01851 0.999718 0
0.483878 -0.874742 0.0262584 121.654 0.874923 0.484204 0.00751145 233.737 -0.019285 0.0193394 0.999627 0
0.485002 -0.874136 0.0256926 122.644 0.87443 0.485152 -0.00043666 235.604 -0.0120831 0.0226782 0.99967 0
0.484599 -0.874431 0.023121 123.61 0.874699 0.484653 -0.00358625 237.442 -0.0080697 0.0219618 0.999726 0
0.480971 -0.87621 0.0303759 124.629 0.87663 0.481165 -0.00104828 239.232 -0.0136973 0.0271326 0.999538 0
0.479002 -0.877246 0.0315518 125.635 0.877762 0.479054 -0.00640642 241.063 -0.00949499 0.0307637 0.999482 0
0.47591 -0.879084 0.0268699 126.615 0.879488 0.475797 -0.0108594 242.9 -0.00323829 0.0287999 0.99958 0
0.473212 -0.880724 0.0199169 127.625 0.880925 0.473244 -0.00334328 244.823 -0.00648106 0.0191274 0.999796 0
0.470363 -0.882178 0.022828 128.599 0.882359 0.470561 0.00394976 246.681 -0.0142264 0.0182847 0.999732 0
0.469447 -0.882415 0.0310506 129.569 0.882831 0.469691 0.000649262 248.632 -0.0151571 0.0271077 0.999518 0
0.469823 -0.882331 0.0275286 130.585 0.882703 0.469919 -0.00325159 250.462 -0.0100673 0.0258273 0.999616 0
0.469059 -0.883019 0.0161607 131.502 0.883155 0.46907 -0.0032959 252.175 -0.00467016 0.0158184 0.999864 0
0.469886 -0.882553 0.0175383 132.502 0.882694 0.469947 -0.000724325 254.08 -0.00760284 0.0158213 0.999846 0
0.470443 -0.882334 0.0130662 133.436 0.882339 0.470555 0.00741067 255.87 -0.0126871 0.00804257 0.999887 0
0.471361 -0.881781 0.0167739 134.376 0.881721 0.471583 0.0133299 257.711 -0.0196644 0.00850671 0.99977 0
0.472475 -0.880957 0.0261086 135.36 0.881199 0.472727 0.00415388 259.662 -0.0160017 0.0210443 0.99965 0
0.472775 -0.88102 0.0169537 136.258 0.881139 0.472856 0.000892449 261.352 -0.00880293 0.0145167 0.999856 0
0.473524 -0.880684 0.0130406 137.202 0.880755 0.473573 0.000701421 263.123 -0.00679338 0.0111534 0.999915 0
0.472981 -0.881013 0.0102319 138.186 0.881018 0.473049 0.00566027 265.016 -0.00982696 0.0063373 0.999932 0
0.472749 -0.881168 0.00722458 139.121 0.881087 0.472804 0.0119355 266.785 -0.013933 0.000722981 0.999903 0
0.472994 -0.881046 0.0059324 140.108 0.88099 0.473031 0.00995745 268.676 -0.0115792 0.000516569 0.999933 0
0.474486 -0.880262 0.000915111 141.09 0.880198 0.474464 0.0116179 270.584 -0.010661 -0.00470708 0.999932 0
0.475569 -0.879678 0.00106382 142.076 0.879604 0.475544 0.0124248 272.372 -0.0114358 -0.00497313 0.999922 0
0.475889 -0.879505 0.000311503 143.086 0.879467 0.475872 0.00912582 274.219 -0.00817444 -0.00406892 0.999958 0
0.475132 -0.879915 0.000138265 144.079 0.879899 0.475125 0.00580349 276.121 -0.00517227 -0.00263576 0.999983 0
0.47545 -0.879742 0.000888496 145.095 0.879655 0.475416 0.0136736 278.043 -0.0124516 -0.00571953 0.999906 0
0.475257 -0.879842 0.00291656 146.092 0.879684 0.47523 0.0177033 279.94 -0.0169621 -0.00584795 0.999839 0
0.474436 -0.880201 0.0125119 147.123 0.880154 0.474564 0.0108158 281.9 -0.0154578 0.00588103 0.999863 0
0.473895 -0.880514 0.0108777 148.102 0.880516 0.473975 0.00634518 283.775 -0.0107428 0.00657104 0.999921 0
0.472727 -0.881117 0.0127415 149.095 0.881121 0.472835 0.00732409 285.688 -0.012478 0.00776453 0.999892 0
0.47192 -0.881174 0.0286966 150.07 0.881443 0.472254 0.00586437 287.508 -0.0187196 0.0225269 0.999571 0
0.471542 -0.881116 0.0358178 151.06 0.881764 0.471655 -0.00577494 289.397 -0.0118053 0.034306 0.999342 0
0.470644 -0.882038 0.0224399 152.05 0.882272 0.470738 -0.00123215 291.263 -0.00947654 0.020378 0.999747 0
0.468843 -0.882806 0.0289808 153.061 0.883166 0.46906 0.000812593 293.105 -0.0143111 0.0252139 0.99958 0
0.466657 -0.883597 0.0385756 153.914 0.88421 0.467084 0.00236703 294.873 -0.0201095 0.0330043 0.999253 0
0.465276 -0.884192 0.0415032 154.818 0.885014 0.465552 -0.0033526 296.624 -0.0163576 0.0382908 0.999133 0
0.463368 -0.885421 0.0363337 155.684 0.886029 0.463627 -0.00144018 298.336 -0.0155701 0.0328601 0.999339 0
0.462609 -0.885843 0.0356945 156.556 0.886435 0.462849 -0.00171991 300.024 -0.0149976 0.0324365 0.999361 0
0.461854 -0.886075 0.0395075 157.432 0.886825 0.462093 -0.00340728 301.71 -0.0152371 0.0366099 0.999213 0
0.46208 -0.885965 0.0393351 158.305 0.88675 0.462206 -0.00638043 303.296 -0.0125281 0.0378287 0.999206 0
0.465326 -0.88431 0.0383014 159.037 0.885043 0.465479 -0.0053691 304.842 -0.0130805 0.0363968 0.999252 0
0.468384 -0.88251 0.0423503 159.75 0.883413 0.468551 -0.00651195 306.282 -0.0140964 0.0404629 0.999082 0
0.472229 -0.880371 0.0441233 160.495 0.881304 0.472534 -0.00391149 307.658 -0.0174062 0.0407332 0.999018 0
0.476154 -0.878026 0.0484449 161.514 0.879128 0.476576 -0.00317618 309.57 -0.0202989 0.0441016 0.998821 0
0.480784 -0.875773 0.043232 162.51 0.876767 0.480791 -0.0109102 311.246 -0.0112307 0.0431498 0.999005 0
0.481882 -0.875112 0.0443755 163.314 0.876065 0.482172 -0.00464567 312.836 -0.0173311 0.0411145 0.999004 0
0.47293 -0.880045 0.0430915 164.016 0.880975 0.47312 -0.00632809 314.231 -0.0148185 0.0409553 0.999051 0
0.426397 -0.90379 0.0367245 164.797 0.9045 0.426392 -0.00837704 315.918 -0.00808796 0.0367893 0.99929 0
0.330086 -0.943234 0.0367812 165.398 0.943891 0.330254 -0.001598 317.617 -0.0106398 0.0352449 0.999322 0
0.114923 -0.992828 0.0329315 165.632 0.993296 0.115266 0.00871522 319.615 -0.0124486 0.0317091 0.99942 0
-0.165362 -0.986036 0.0196878 165.327 0.985993 -0.164849 0.0253492 321.795 -0.0217497 0.0236038 0.999485 0
-0.409439 -0.911668 0.0349388 164.634 0.912074 -0.4081 0.0396785 323.576 -0.0219151 0.0481127 0.998601 0
-0.588493 -0.807467 0.0409094 163.782 0.808499 -0.587579 0.0328863 324.833 -0.00251711 0.0524285 0.998622 0
-0.742668 -0.667797 0.0499114 162.632 0.669593 -0.741579 0.0412978 325.937 0.00943472 0.0640909 0.997899 0
-0.842169 -0.538935 0.0173212 161.269 0.539213 -0.841752 0.0264953 326.857 0.000300945 0.0316534 0.999499 0
-0.888319 -0.459219 -0.0028026 159.769 0.459108 -0.888211 0.0173682 327.685 -0.0104651 0.0141418 0.999845 0
-0.902404 -0.430857 0.0054164 157.993 0.430889 -0.902366 0.0083495 328.362 0.00129013 0.00986849 0.99995 0
-0.903099 -0.429144 0.0157039 156.187 0.429246 -0.90318 0.00366965 329.113 0.0126086 0.0100549 0.99987 0
-0.901336 -0.433022 0.00921915 154.301 0.433084 -0.901332 0.00619232 330.094 0.00562811 0.00957402 0.999938 0
-0.898499 -0.438922 0.00687571 152.374 0.4389 -0.898525 -0.00449113 330.996 0.00814925 -0.00101753 0.999966 0
-0.894434 -0.4472 0.000925361 150.934 0.447172 -0.894398 -0.00947454 331.6 0.00506466 -0.00806055 0.999955 0
-0.891509 -0.453001 -0.00117628 149.451 0.453002 -0.891502 -0.00380882 332.264 0.000676744 -0.00392845 0.999992 0
-0.888366 -0.459117 0.00410819 147.997 0.45912 -0.888374 -0.000335697 333.002 0.00380374 0.00158793 0.999991 0
-0.886042 -0.463587 -0.00411661 146.406 0.463604 -0.886027 -0.00526152 333.788 -0.00120826 -0.00657041 0.999978 0
-0.883282 -0.468761 -0.00870488 144.868 0.468693 -0.883317 0.00879106 334.647 -0.0118101 0.00368508 0.999923 0
-0.881505 -0.472145 -0.00530934 143.314 0.472048 -0.881473 0.0132608 335.564 -0.0109411 0.00918323 0.999898 0
-0.880075 -0.474834 0.00018647 141.673 0.474815 -0.880035 0.00943522 336.336 -0.00431607 0.00839224 0.999955 0
-0.879863 -0.475228 -0.000177798 140.016 0.475201 -0.879817 0.0103131 337.192 -0.00505748 0.00898959 0.999947 0
-0.881101 -0.472922 -0.00248719 138.372 0.472861 -0.881053 0.0121792 338.014 -0.00795113 0.00955498 0.999923 0
-0.88189 -0.471419 -0.00576799 136.771 0.471375 -0.8819 0.00762621 338.889 -0.00868194 0.00400659 0.999954 0
-0.882958 -0.469408 -0.00642962 135.122 0.469373 -0.882978 0.00627934 339.768 -0.00862478 0.00252651 0.99996 0
-0.884957 -0.465671 -0.00100725 133.552 0.46564 -0.884919 0.00994619 340.676 -0.00552299 0.00833294 0.99995 0
-0.887536 -0.460711 -0.00502807 131.904 0.460686 -0.887547 0.00538098 341.428 -0.00694172 0.00245945 0.999973 0
-0.891257 -0.453343 -0.011829 130.233 0.453255 -0.891331 0.0094697 342.257 -0.0148366 0.00307837 0.999885 0
-0.894301 -0.447364 -0.00957436 128.624 0.44736 -0.89435 0.00270875 342.987 -0.00977462 -0.00186075 0.99995 0
-0.89565 -0.444706 -0.00692691 126.994 0.44473 -0.895661 -0.00243329 343.837 -0.00512207 -0.00525999 0.999973 0
-0.896437 -0.442919 -0.0149142 125.422 0.443095 -0.896399 -0.0116898 344.63 -0.00819144 -0.0170875 0.99982 0
-0.896233 -0.443455 -0.0106198 123.834 0.443537 -0.896227 -0.0071556 345.471 -0.0063446 -0.0111234 0.999918 0
-0.89334 -0.449086 -0.0162863 122.208 0.449338 -0.893167 -0.0186243 346.203 -0.00618252 -0.0239559 0.999694 0
-0.888725 -0.457973 -0.0207128 120.594 0.45838 -0.888439 -0.0237576 346.985 -0.00752167 -0.0306083 0.999503 0
-0.884546 -0.465941 -0.0218599 119.02 0.466322 -0.884437 -0.0177372 347.789 -0.0110692 -0.0258831 0.999604 0
-0.879258 -0.47594 -0.0196613 117.484 0.476247 -0.879168 -0.0158895 348.632 -0.00972315 -0.0233346 0.99968 0
-0.875397 -0.4831 -0.0171551 115.923 0.483362 -0.875237 -0.0179091 349.475 -0.00636294 -0.0239697 0.999692 0
-0.870374 -0.492054 -0.0182154 114.476 0.492359 -0.870141 -0.0208999 350.375 -0.00556611 -0.0271593 0.999616 0
-0.865645 -0.500198 -0.0214469 112.945 0.500573 -0.865492 -0.0186965 351.14 -0.00921023 -0.0269203 0.999595 0
-0.862166 -0.506139 -0.0222215 111.403 0.506484 -0.862134 -0.0140902 351.996 -0.0120263 -0.0234029 0.999654 0
-0.858577 -0.512258 -0.0209108 109.965 0.512531 -0.858604 -0.010545 352.884 -0.0125524 -0.0197711 0.999726 0
-0.857259 -0.514612 -0.0167672 108.591 0.514783 -0.857284 -0.00795852 353.697 -0.0102787 -0.015454 0.999828 0
-0.857636 -0.514098 -0.012784 107.288 0.514167 -0.857686 -0.00257654 354.542 -0.00964004 -0.00878283 0.999915 0
-0.860165 -0.509814 -0.0143326 105.502 0.509931 -0.860195 -0.00597311 355.688 -0.00928361 -0.0124465 0.999879 0
-0.868708 -0.495195 -0.011293 103.837 0.495171 -0.868781 0.00505476 356.538 -0.0123143 -0.00120087 0.999923 0
-0.878345 -0.477954 -0.00835387 102.278 0.477955 -0.878382 0.00194031 357.413 -0.00826527 -0.00228851 0.999963 0
-0.888521 -0.458801 -0.00573083 100.654 0.458777 -0.888537 0.00508167 358.257 -0.00742353 0.001886 0.999971 0
-0.897659 -0.44069 0.000212298 99.1906 0.44069 -0.897658 -0.00131398 359.052 0.000769629 -0.00108595 0.999999 0
-0.904218 -0.427049 0.0043521 97.5081 0.427036 -0.904228 -0.00360828 359.734 0.0054762 -0.00140417 0.999984 0
-0.909439 -0.415826 0.00309705 95.8645 0.415803 -0.909434 -0.00619033 360.474 0.00539066 -0.00434196 0.999976 0
-0.91236 -0.409376 0.00309664 94.1567 0.409303 -0.912299 -0.0134482 361.226 0.00833042 -0.0110021 0.999905 0
-0.91257 -0.40892 -0.000406308 92.3611 0.408879 -0.912466 -0.0149669 362.049 0.00574951 -0.0138245 0.999888 0
-0.91142 -0.410715 -0.0250337 90.4587 0.411079 -0.911527 -0.0115257 362.95 -0.0180851 -0.0207956 0.99962 0
-0.907799 -0.419243 -0.0116892 88.4339 0.419402 -0.907563 -0.0207813 363.746 -0.0018963 -0.0237677 0.999716 0
-0.904213 -0.42677 -0.0162888 86.9987 0.427048 -0.90396 -0.0220634 364.374 -0.00530845 -0.0269061 0.999624 0
-0.9001 -0.434192 -0.0360139 85.5294 0.434765 -0.900493 -0.00958629 365.067 -0.028268 -0.0242862 0.999305 0
-0.897517 -0.440794 -0.01281 84.0865 0.440967 -0.897337 -0.0182782 365.769 -0.003438 -0.0220538 0.999751 0
-0.893615 -0.448599 -0.0145059 82.5145 0.44883 -0.89301 -0.032939 366.549 0.00182247 -0.0359455 0.999352 0
-0.888863 -0.457093 -0.0314309 80.9166 0.458039 -0.888166 -0.0368826 367.419 -0.0110571 -0.0471801 0.998825 0
-0.881862 -0.471459 -0.00677709 79.2997 0.471376 -0.881183 -0.0363524 368.185 0.0111668 -0.0352523 0.999316 0
-0.875208 -0.483716 -0.0054674 77.6402 0.483538 -0.874443 -0.0392441 369.051 0.0142021 -0.0369905 0.999215 0
-0.86836 -0.495508 -0.0205822 75.8958 0.495905 -0.868017 -0.0249957 369.982 -0.00548012 -0.0319121 0.999476 0
-0.863988 -0.503378 -0.0116238 74.2198 0.503501 -0.863894 -0.0131794 370.964 -0.00340755 -0.0172394 0.999846 0
-0.862737 -0.505524 -0.0114126 72.5013 0.505652 -0.862563 -0.0173267 371.998 -0.00108505 -0.0207192 0.999785 0
-0.862751 -0.505445 -0.0136311 70.837 0.505614 -0.862618 -0.0156765 373.072 -0.00383482 -0.0204169 0.999784 0
-0.864788 -0.501635 -0.0224502 69.0165 0.502007 -0.864718 -0.0158714 374.022 -0.0114514 -0.0249955 0.999622 0
-0.868174 -0.496159 -0.00999231 67.3314 0.496249 -0.868113 -0.0107939 374.944 -0.00331895 -0.0143297 0.999892 0
-0.871457 -0.490463 -0.00291782 65.5766 0.490453 -0.871357 -0.01387 375.904 0.00426028 -0.0135182 0.9999 0
-0.874074 -0.485666 -0.011045 63.8701 0.485755 -0.874062 -0.00755521 376.888 -0.0059847 -0.011969 0.99991 0
-0.876611 -0.481136 -0.00779212 62.1009 0.481175 -0.876614 -0.00418427 377.843 -0.00481749 -0.00741735 0.999961 0
-0.879142 -0.476545 -0.00390809 60.4559 0.47656 -0.879105 -0.00808309 378.83 0.000416327 -0.00896862 0.99996 0
-0.880814 -0.473441 -0.00457475 58.6972 0.473463 -0.88077 -0.00871755 379.694 9.79466e-05 -0.00984451 0.999952 0
-0.883543 -0.467921 -0.02005 56.9576 0.468149 -0.883609 -0.00852226 380.575 -0.0137286 -0.0169162 0.999763 0
-0.885875 -0.463464 -0.0206401 55.2814 0.463675 -0.88598 -0.00672664 381.461 -0.0151691 -0.0155293 0.999764 0
-0.889183 -0.457432 -0.0105019 53.5629 0.45753 -0.889131 -0.0105557 382.34 -0.00450908 -0.0141909 0.999889 0
-0.891214 -0.453301 -0.0159596 51.8474 0.453479 -0.89121 -0.0100467 383.206 -0.00966916 -0.0161911 0.999822 0
-0.892953 -0.449805 -0.0176328 50.1364 0.449861 -0.893098 0.000882435 384.197 -0.0161448 -0.00714435 0.999844 0
-0.892614 -0.450405 -0.0193921 48.4745 0.450454 -0.892797 0.00200053 384.956 -0.0182143 -0.00694957 0.99981 0
-0.891938 -0.451808 -0.0178051 46.8041 0.451912 -0.89206 -0.00212671 385.708 -0.0149224 -0.00994324 0.999839 0
-0.89047 -0.454764 -0.0159171 45.0909 0.454902 -0.890519 -0.00630832 386.594 -0.0113057 -0.0128581 0.999853 0
-0.889116 -0.45762 -0.00759801 43.4774 0.457624 -0.889145 0.00120718 387.389 -0.00730816 -0.00240371 0.99997 0
-0.887736 -0.460037 -0.017046 41.7981 0.460042 -0.887889 0.00387976 388.298 -0.0169197 -0.00439766 0.999847 0
-0.887311 -0.460819 -0.0180638 40.2121 0.460745 -0.887494 0.00829836 389.191 -0.0198556 -0.000959607 0.999802 0
-0.88642 -0.46273 -0.0118788 38.6689 0.462653 -0.886497 0.00870289 389.882 -0.0145576 0.00221866 0.999892 0
-0.885102 -0.46502 -0.018706 37.1358 0.46503 -0.885285 0.00406531 390.636 -0.0184506 -0.00510064 0.999817 0
-0.885003 -0.465416 -0.0125175 35.7155 0.465313 -0.885086 0.0103707 391.368 -0.0159058 0.00335356 0.999868 0
-0.884294 -0.466924 -0.00231876 34.3495 0.466881 -0.884262 0.0101293 392.097 -0.00678003 0.00787474 0.999946 0
-0.885206 -0.465111 -0.00902193 33.0113 0.464887 -0.885157 0.0194356 392.812 -0.0170255 0.0130103 0.99977 0
-0.888813 -0.45827 0.000430226 31.2239 0.458219 -0.888699 0.0158216 393.881 -0.00686821 0.0142595 0.999875 0
-0.893298 -0.449465 0.000944012 29.5356 0.44946 -0.893273 0.00705146 394.562 -0.00232612 0.00672335 0.999975 0
-0.90127 -0.433215 -0.00604803 27.9301 0.433186 -0.901288 0.00553264 395.3 -0.00784783 0.00236648 0.999966 0
-0.92084 -0.389939 -0.00064341 26.3925 0.38992 -0.920808 0.00866942 395.937 -0.003973 0.00773227 0.999962 0
-0.962371 -0.271734 0.00181454 24.4042 0.271737 -0.962305 0.0112744 396.56 -0.00131751 0.0113433 0.999935 0
-0.997518 -0.0704074 -0.000515339 22.3663 0.0703944 -0.997431 0.0132551 396.784 -0.00144727 0.013186 0.999912 0
-0.984394 0.175779 -0.00841677 20.3593 -0.175821 -0.984412 0.00446322 396.462 -0.00750103 0.0058734 0.999955 0
-0.926563 0.376026 -0.00921916 18.8838 -0.376058 -0.926594 0.00190774 395.897 -0.00782506 0.00523457 0.999956 0
