-0.0203061 -0.999316 0.0308907 0.0781316 0.999743 -0.0199842 0.0106927 0.102272 -0.0100681 0.0310998 0.999466 0
-0.357231 -0.933171 0.0397274 0.0707265 0.934011 -0.356765 0.0184847 1.31166 -0.00307604 0.0437091 0.99904 0
-0.35204 -0.935301 0.0357832 -0.200743 0.935956 -0.351467 0.0214143 2.34773 -0.00745219 0.0410302 0.99913 0
-0.21173 -0.976513 0.0399092 -0.697715 0.97721 -0.210894 0.0241697 3.91588 -0.0151854 0.0441171 0.998911 0
-0.145286 -0.98876 0.0352984 -1.04208 0.989246 -0.144564 0.0222196 5.6389 -0.016867 0.038147 0.99913 0
-0.105548 -0.993959 0.0300978 -1.26776 0.994249 -0.104931 0.0213985 7.55634 -0.018111 0.0321833 0.999318 0
-0.0859609 -0.996131 0.0182963 -1.29739 0.996147 -0.0856124 0.0190468 11.6269 -0.0174067 0.0198631 0.999651 0
-0.0654202 -0.99762 0.0217996 -1.35338 0.997602 -0.0648936 0.024043 13.7186 -0.0225711 0.0233202 0.999473 0
-0.0410442 -0.998994 0.0180568 -1.36873 0.998944 -0.0406551 0.0214165 15.9104 -0.0206609 0.0189168 0.999608 0
-0.0203962 -0.999584 0.0203992 -1.31698 0.999579 -0.0199664 0.0210556 18.2671 -0.0206396 0.0208201 0.99957 0
-0.0124922 -0.99981 0.014963 -1.25 0.999729 -0.0121948 0.0198051 20.6614 -0.0196189 0.0152064 0.999692 0
-0.00565982 -0.999857 0.0159365 -1.1763 0.99979 -0.00534451 0.0197598 22.6284 -0.0196718 0.016045 0.999678 0
0.00116116 -0.999791 0.0204111 -1.1026 0.999872 0.00148594 0.0159022 24.5951 -0.0159292 0.0203901 0.999665 0
0.010173 -0.999846 0.0142861 -0.958477 0.999831 0.0103896 0.0151749 26.9288 -0.015321 0.0141293 0.999783 0
0.0100517 -0.999794 0.0176435 -0.813287 0.999808 0.0103451 0.0166188 29.2609 -0.0167979 0.017473 0.999706 0
0.00810838 -0.999837 0.0161148 -0.688187 0.999736 0.00845188 0.0213613 31.4328 -0.0214941 0.0159373 0.999642 0
0.000319481 -0.999864 0.0164711 -0.563463 0.99991 0.000540078 0.0133927 33.6017 -0.0133998 0.0164654 0.999775 0
-0.00755644 -0.999952 0.00618308 -0.481855 0.999962 -0.00752938 0.00438219 35.6921 -0.00433543 0.00621596 0.999971 0
-0.0141118 -0.999785 0.0151648 -0.401005 0.999879 -0.0140108 0.00673659 37.7812 -0.00652267 0.0152581 0.999862 0
-0.0179989 -0.99978 0.0107702 -0.32901 0.999811 -0.0179187 0.00750868 39.813 -0.00731404 0.0109033 0.999914 0
-0.016572 -0.999811 0.0101559 -0.257152 0.999862 -0.0165637 0.000898811 41.8437 -0.000730424 0.0101694 0.999948 0
-0.0106918 -0.999836 0.0146096 -0.176749 0.999937 -0.0107385 -0.00312741 43.8292 0.00328379 0.0145753 0.999888 0
0.00020051 -0.999832 0.0183495 -0.0962123 0.999999 0.000224113 0.00128558 45.8141 -0.00128948 0.0183492 0.999831 0
0.00202674 -0.999904 0.0136881 -0.0137307 0.999995 0.00206017 0.00242758 47.9426 -0.00245555 0.0136831 0.999903 0
0.00324219 -0.999925 0.0118227 0.0687715 0.999993 0.00322169 -0.00175308 50.0726 0.00171486 0.0118283 0.999929 0
0.00212747 -0.999957 0.00900618 0.159129 0.999998 0.00213236 0.000534128 51.9674 -0.00055331 0.00900502 0.999959 0
0.000589132 -0.999959 0.00899503 0.249796 0.999998 0.000571847 -0.00192669 53.8646 0.00192147 0.00899615 0.999958 0
-0.00205445 -0.999949 0.00989076 0.340692 0.999998 -0.00204778 0.000677566 55.7758 -0.000657277 0.00989213 0.999951 0
-0.00356627 -0.999891 0.0143192 0.431801 0.999987 -0.00361812 -0.00360047 57.7011 0.00365189 0.0143061 0.999891 0
-0.00423861 -0.999884 0.0146348 0.522912 0.999969 -0.00414097 0.00669454 59.6264 -0.00663316 0.0146628 0.99987 0
0.000920892 -0.9999 0.0141175 0.640267 0.999966 0.00103593 0.00814519 61.9414 -0.008159 0.0141095 0.999867 0
0.00416028 -0.999872 0.0154223 0.757662 0.999991 0.00417835 0.00113972 64.2562 -0.00120401 0.0154174 0.99988 0
0.00762767 -0.99986 0.0148878 0.863169 0.999959 0.00755548 -0.00490149 66.4297 0.00478832 0.0149246 0.999877 0
0.0110222 -0.99986 0.0126273 0.968613 0.999929 0.0109628 -0.00475485 68.6024 0.00461576 0.0126788 0.999909 0
0.0195726 -0.99968 0.016023 1.12881 0.999794 0.0194823 -0.00577909 70.8335 0.00546507 0.0161328 0.999855 0
0.0365536 -0.999168 0.0180683 1.28916 0.999326 0.0366093 0.00276117 73.0649 -0.00342034 0.0179552 0.999833 0
0.0460102 -0.998787 0.017517 1.46232 0.998933 0.0460712 0.00309517 74.9934 -0.00389844 0.0173559 0.999842 0
0.0494606 -0.99861 0.0182036 1.63562 0.998753 0.0495744 0.00585237 76.9223 -0.00674667 0.0178915 0.999817 0
0.0473275 -0.998838 0.00911817 1.81119 0.998693 0.0474932 0.0189037 78.9004 -0.0193147 0.00821159 0.99978 0
0.0387794 -0.999211 0.00856142 1.98906 0.998956 0.0389736 0.0238291 80.9278 -0.024144 0.00762841 0.999679 0
0.0261956 -0.999556 0.0141711 2.16678 0.999442 0.0264814 0.0203719 82.9552 -0.0207381 0.0136296 0.999692 0
0.0161884 -0.999697 0.0185361 2.29373 0.999674 0.0165483 0.0194303 85.0462 -0.0197312 0.0182155 0.999639 0
0.0142388 -0.999793 0.0145328 2.4207 0.999839 0.0143954 0.0107286 87.1372 -0.0109356 0.0143777 0.999837 0
0.0244117 -0.999435 0.0230945 2.57324 0.99956 0.0247914 0.0162953 89.259 -0.0168586 0.0226866 0.9996 0
0.0355858 -0.999245 0.0156086 2.75107 0.999096 0.0359349 0.0226917 91.4114 -0.0232355 0.014787 0.999621 0
0.0428383 -0.999009 0.0120655 2.92896 0.998951 0.0430254 0.0156967 93.564 -0.0162002 0.0113804 0.999804 0
0.0475749 -0.998834 0.00822176 3.11893 0.99867 0.0477276 0.0195112 95.7504 -0.0198808 0.00728258 0.999776 0
0.0490966 -0.998755 0.008818 3.30887 0.998569 0.0492709 0.0207861 97.9366 -0.0211947 0.00778486 0.999745 0
0.047254 -0.998811 0.0119983 3.50366 0.998533 0.047552 0.0259095 100.168 -0.0264493 0.0107564 0.999592 0
0.0426709 -0.999046 0.00924049 3.70316 0.998647 0.0429253 0.0293456 102.443 -0.0297143 0.00797578 0.999527 0
0.0385028 -0.999227 0.00798228 3.90247 0.998846 0.0387152 0.0284206 104.719 -0.0287076 0.0068788 0.999564 0
0.0361318 -0.99929 0.0106985 4.08762 0.998912 0.0364297 0.0291017 107.06 -0.0294708 0.00963538 0.999519 0
0.0337077 -0.999394 0.00869498 4.22653 0.999014 0.033944 0.0286235 108.815 -0.0289013 0.00772157 0.999552 0
0.029986 -0.999453 0.0139672 4.40648 0.999072 0.0304011 0.0305219 111.161 -0.0309298 0.013039 0.999436 0
0.0260115 -0.99948 0.0190411 4.57173 0.999098 0.0266317 0.0330727 113.523 -0.0335626 0.0181636 0.999272 0
0.0230953 -0.999607 0.0158638 4.73702 0.999186 0.0236046 0.0327079 115.886 -0.0330695 0.0150955 0.999339 0
0.0208566 -0.999742 0.00895343 4.88875 0.999251 0.0211365 0.032404 118.243 -0.0325849 0.0082709 0.999435 0
0.0197793 -0.999767 0.00861733 5.03642 0.999132 0.0200814 0.0365073 120.599 -0.0366718 0.00788776 0.999296 0
0.0191286 -0.99971 0.0146217 5.18298 0.999216 0.0196222 0.0343978 122.947 -0.0346747 0.0139522 0.999301 0
0.0187978 -0.999798 0.00713639 5.32647 0.999194 0.0190386 0.0353285 125.276 -0.0354572 0.00646655 0.99935 0
0.0185104 -0.999827 0.00190274 5.43409 0.998785 0.018578 0.0456513 127.023 -0.0456787 0.00105541 0.998956 0
0.0195088 -0.999668 0.016845 5.57711 0.999033 0.020155 0.039083 129.314 -0.0394095 0.0160662 0.999094 0
0.0224836 -0.999712 0.00843772 5.71959 0.998946 0.0228026 0.0398367 131.57 -0.0400176 0.00753316 0.999171 0
0.0213795 -0.999663 0.0147508 5.86174 0.999038 0.0219267 0.0379878 133.823 -0.0382984 0.0139244 0.999169 0
0.0205413 -0.999708 0.0127504 5.99018 0.999196 0.0209668 0.0341817 135.997 -0.034439 0.0120381 0.999334 0
0.0199812 -0.999753 0.00976845 6.11861 0.99932 0.0202736 0.0308065 138.17 -0.0309969 0.00914625 0.999478 0
0.0207539 -0.999776 0.00408483 6.24873 0.999283 0.0208728 0.0316006 140.296 -0.0316788 0.00342606 0.999492 0
0.0217592 -0.999713 0.0100533 6.38042 0.999282 0.0220597 0.030821 142.381 -0.0310339 0.00937539 0.999474 0
0.0256886 -0.99965 0.00624175 6.51232 0.999282 0.0258521 0.0276887 144.461 -0.0278404 0.00552598 0.999597 0
0.0284361 -0.999558 0.00862767 6.65323 0.999165 0.0286762 0.0291169 146.418 -0.0293514 0.00779249 0.999539 0
0.0331348 -0.999451 0.000151007 6.79412 0.998853 0.0331202 0.034594 148.374 -0.03458 -0.000995435 0.999401 0
0.0453456 -0.998971 0.000565462 6.95177 0.998486 0.0453412 0.0311561 150.15 -0.0311497 -0.000848189 0.999514 0
0.0746285 -0.997211 -0.00116215 7.16756 0.996767 0.0745604 0.0299313 152.168 -0.0297611 -0.00339212 0.999551 0
0.128572 -0.991699 -0.00166144 7.44567 0.990997 0.128417 0.0378589 154.017 -0.0373313 -0.00651406 0.999282 0
0.211279 -0.977423 0.00217233 7.80819 0.976847 0.21123 0.0339239 155.636 -0.0336169 -0.00504537 0.999422 0
0.369282 -0.929135 0.0183914 8.42846 0.928845 0.369653 0.0245656 157.321 -0.0296232 0.00801111 0.999529 0
0.560185 -0.828157 0.0186815 9.21857 0.82818 0.560396 0.00866335 158.769 -0.0176437 0.0106186 0.999788 0
0.7215 -0.69195 0.0253632 10.2361 0.692357 0.721427 -0.0135987 159.736 -0.0088881 0.0273718 0.999586 0
0.850664 -0.525061 0.0261176 11.3857 0.5257 0.849907 -0.0360158 160.568 -0.003287 0.0443673 0.99901 0
0.929611 -0.367884 0.0220395 12.671 0.368522 0.928538 -0.0448204 161.068 -0.00397583 0.0497876 0.998752 0
0.980564 -0.195682 0.0142309 14.3963 0.196163 0.979186 -0.052108 161.539 -0.00373816 0.0538868 0.99854 0
0.995555 -0.0930744 0.0143914 16.4473 0.0937916 0.993672 -0.0617918 161.784 -0.00854911 0.062867 0.997985 0
0.99953 -0.0241866 0.0188534 18.6725 0.0252487 0.99798 -0.0582932 161.839 -0.0174054 0.0587418 0.998121 0
0.999309 0.000141712 0.0371728 20.5905 0.00184249 0.998575 -0.053338 161.816 -0.0371274 0.0533696 0.997884 0
0.999454 0.00901437 0.0317779 22.631 -0.00737566 0.998655 -0.0513128 161.749 -0.0321977 0.0510504 0.998177 0
0.99948 0.0173476 0.0271849 24.6962 -0.0160665 0.998782 -0.0466557 161.675 -0.0279611 0.0461946 0.998541 0
0.999378 0.0240556 0.0257891 26.8997 -0.0227547 0.99851 -0.0496033 161.564 -0.0269439 0.0489856 0.998436 0
0.999323 0.0247435 0.0272338 28.684 -0.0233055 0.99838 -0.0519079 161.47 -0.028474 0.0512381 0.99828 0
0.999423 0.0185829 0.0284434 30.9883 -0.0172061 0.998704 -0.0479066 161.357 -0.0292968 0.0473895 0.998447 0
0.999466 0.00671784 0.0319833 32.8652 -0.0049575 0.998485 -0.0548039 161.27 -0.0323031 0.0546161 0.997985 0
0.999415 -0.0020081 0.0341287 34.7693 0.0038703 0.998502 -0.0545859 161.184 -0.0339679 0.0546861 0.997926 0
0.999284 -0.00626885 0.0373154 36.7373 0.00827213 0.998519 -0.0537751 161.104 -0.0369231 0.0540452 0.997856 0
0.999411 -0.00657491 0.0336865 38.705 0.00838554 0.998511 -0.0538935 161.023 -0.033282 0.0541442 0.997978 0
0.999688 -0.00621462 0.0241888 40.7695 0.0076095 0.998287 -0.058008 160.965 -0.0237869 0.0581739 0.998023 0
0.999844 -0.00186665 0.0175634 42.8578 0.00281088 0.998543 -0.0538907 160.911 -0.0174373 0.0539317 0.998392 0
0.999862 0.000773484 0.0166208 44.9739 0.000166725 0.998403 -0.0564925 160.849 -0.0166379 0.0564875 0.998265 0
0.999896 0.00425099 0.013813 47.1535 -0.00341792 0.998205 -0.0597844 160.766 -0.0140423 0.059731 0.998116 0
0.999899 0.00950891 0.0105349 49.3334 -0.00896029 0.998661 -0.0509531 160.683 -0.0110053 0.0508536 0.998645 0
0.999784 0.0136756 0.0156272 51.5757 -0.0127803 0.998348 -0.0560178 160.582 -0.0163675 0.055806 0.998307 0
0.999738 0.0201724 0.0107883 53.8335 -0.019597 0.998505 -0.0510169 160.476 -0.0118013 0.0507921 0.99864 0
0.999597 0.0252619 0.0129579 56.0727 -0.0246842 0.998772 -0.0429583 160.362 -0.0140272 0.0426212 0.998993 0
0.999508 0.0288202 0.0123728 58.2724 -0.0282062 0.998486 -0.047216 160.229 -0.0137149 0.0468438 0.998808 0
0.999381 0.0296796 0.0188844 60.4725 -0.0286886 0.998299 -0.0507467 160.096 -0.0203585 0.0501735 0.998533 0
0.999202 0.0278287 0.028635 62.5616 -0.0264735 0.99856 -0.0466621 159.952 -0.0298923 0.0458669 0.9985 0
0.999269 0.0241104 0.0296821 64.6242 -0.0228432 0.998843 -0.0423159 159.805 -0.030668 0.0416069 0.998663 0
0.999304 0.0231511 0.029249 66.6943 -0.0213698 0.997981 -0.0598121 159.669 -0.0305747 0.0591455 0.997781 0
0.998963 0.0226164 0.0395122 68.7811 -0.0208651 0.998805 -0.0441868 159.557 -0.0404644 0.0433165 0.998242 0
0.998888 0.0225937 0.0413893 70.8683 -0.0210191 0.999053 -0.0380919 159.446 -0.0422108 0.0371795 0.998417 0
0.999022 0.0250129 0.0364618 72.9561 -0.0227467 0.99786 -0.0612955 159.351 -0.037917 0.0604062 0.997453 0
0.999164 0.0230839 0.0337378 75.0447 -0.0209999 0.997925 -0.0608703 159.26 -0.035073 0.0601109 0.997575 0
0.999312 0.0232273 0.0289286 77.1131 -0.0210882 0.997169 -0.0721717 159.165 -0.0305231 0.071512 0.996973 0
0.999131 0.0246373 0.0336269 79.1385 -0.0223481 0.997514 -0.0668305 159.064 -0.0351898 0.066021 0.997198 0
0.999412 0.0250109 0.0234662 81.1632 -0.0237847 0.998408 -0.0511532 158.962 -0.0247082 0.050565 0.998415 0
0.999553 0.0269659 0.0129259 83.1682 -0.026395 0.998749 -0.0424739 158.848 -0.0140551 0.0421137 0.999014 0
0.999356 0.0313013 0.017518 85.1684 -0.0303904 0.998284 -0.0500498 158.731 -0.0190546 0.0494852 0.998593 0
0.999445 0.0323435 0.00802283 87.1448 -0.0319968 0.998682 -0.0401249 158.618 -0.00931004 0.0398459 0.999162 0
0.999428 0.0322664 0.0101398 89.071 -0.0318144 0.998613 -0.041958 158.511 -0.0114795 0.0416114 0.999068 0
0.999259 0.0359177 0.0138667 90.9966 -0.0353632 0.998638 -0.0383511 158.404 -0.0152253 0.0378323 0.999168 0
0.999084 0.0393404 0.0168247 92.9544 -0.0384158 0.997901 -0.0521403 158.274 -0.0188406 0.0514462 0.998498 0
0.998827 0.0399618 0.0273414 94.9195 -0.0388637 0.99846 -0.0395799 158.14 -0.028881 0.0384709 0.998842 0
0.998916 0.0397876 0.0241526 96.8801 -0.0386036 0.998118 -0.0476541 158.01 -0.0260032 0.0466701 0.998572 0
0.998957 0.03779 0.0256407 98.8342 -0.0367693 0.998556 -0.0391729 157.889 -0.027084 0.0381893 0.998903 0
0.999166 0.0355934 0.0200255 100.788 -0.0345629 0.998169 -0.0496476 157.769 -0.021756 0.0489141 0.998566 0
0.999091 0.0342797 0.0253213 102.69 -0.0329322 0.998112 -0.0518401 157.644 -0.0270506 0.0509591 0.998334 0
0.998809 0.0328695 0.0360627 104.581 -0.0306703 0.997731 -0.0599277 157.519 -0.0379507 0.0587502 0.997551 0
0.998904 0.0277869 0.0376626 106.891 -0.0255982 0.998023 -0.057399 157.375 -0.0391831 0.056372 0.997641 0
0.999288 0.0192633 0.0324303 109.138 -0.0174781 0.998363 -0.05446 157.247 -0.0334263 0.0538545 0.997989 0
0.999414 0.0147492 0.0308827 111.328 -0.0133444 0.998888 -0.0452092 157.137 -0.0315151 0.0447706 0.9985 0
0.999388 0.0107579 0.0332864 113.453 -0.00918071 0.998844 -0.0471788 157.046 -0.0337555 0.0468443 0.998332 0
0.999598 0.00755884 0.0273086 115.529 -0.00614991 0.998664 -0.0513132 156.972 -0.02766 0.0511246 0.998309 0
0.999624 0.00574152 0.0268255 117.551 -0.00449967 0.998925 -0.0461268 156.915 -0.0270615 0.0459888 0.998575 0
0.999609 0.00319965 0.0277753 119.506 -0.00197968 0.999037 -0.0438398 156.858 -0.0278888 0.0437677 0.998652 0
0.999811 -0.00372842 0.0190663 121.762 0.00469809 0.998684 -0.051069 156.787 -0.0188508 0.051149 0.998513 0
0.999787 -0.00503649 0.0200069 123.847 0.00600585 0.998796 -0.0486906 156.72 -0.0197376 0.0488004 0.998614 0
0.999606 0.0109238 0.0258632 125.852 -0.0100184 0.999341 -0.034883 156.649 -0.0262273 0.0346102 0.999057 0
0.996332 0.0818687 0.0249202 127.911 -0.0807748 0.995842 -0.0421236 156.474 -0.0282651 0.0399561 0.998802 0
0.97911 0.202629 0.0168915 129.764 -0.201988 0.978813 -0.0335676 156.138 -0.0233353 0.0294545 0.999294 0
0.933426 0.358603 0.0109718 131.426 -0.358156 0.93318 -0.0300017 155.639 -0.0209974 0.0240748 0.99949 0
0.841562 0.540072 0.00977668 132.815 -0.539592 0.841369 -0.0306407 154.867 -0.024774 0.0205107 0.999483 0
0.715383 0.69872 -0.00415563 133.884 -0.698244 0.714648 -0.0416273 153.886 -0.026116 0.0326811 0.999125 0
0.558556 0.829189 -0.0214469 134.864 -0.82921 0.557554 -0.0392975 152.641 -0.0206273 0.0397338 0.998997 0
0.395923 0.918029 -0.0216083 135.606 -0.918192 0.395441 -0.0234618 151.291 -0.0129939 0.0291296 0.999491 0
0.226979 0.973718 -0.0188131 136.071 -0.973884 0.226823 -0.0101028 149.783 -0.00557005 0.0206149 0.999772 0
0.0850255 0.995948 -0.0293051 136.27 -0.996372 0.0850966 0.00118649 147.866 0.00367544 0.0290979 0.99957 0
0.013338 0.999649 -0.0228996 136.33 -0.999897 0.0134534 0.00489491 145.736 0.00520127 0.022832 0.999726 0
0.000273228 0.999497 -0.0317056 136.338 -0.999985 0.000444174 0.00538623 143.638 0.0053976 0.0317036 0.999483 0
-0.00347388 0.999684 -0.0248786 136.322 -0.999893 -0.00311863 0.0143038 141.547 0.0142217 0.0249256 0.999588 0
-0.00806296 0.999645 -0.025384 136.29 -0.999825 -0.00763094 0.0170705 139.46 0.0168707 0.0255172 0.999532 0
-0.0201008 0.999442 -0.0266594 136.211 -0.999746 -0.0198201 0.0107515 137.164 0.0102171 0.0268688 0.999587 0
-0.0321976 0.99922 -0.0228616 136.131 -0.999428 -0.0319499 0.0111199 135.192 0.0103808 0.0232065 0.999677 0
-0.03476 0.999134 -0.0228832 136.026 -0.999261 -0.0343695 0.0172409 133.197 0.0164395 0.0234656 0.999589 0
-0.0373508 0.999087 -0.0207582 135.919 -0.999244 -0.0371163 0.0115672 131.2 0.0107862 0.0211745 0.999718 0
-0.0394742 0.998772 -0.0299474 135.792 -0.999125 -0.0390373 0.0150364 129.076 0.0138489 0.0305148 0.999438 0
-0.042984 0.998769 -0.0247528 135.662 -0.998982 -0.0426269 0.0147791 126.938 0.0137058 0.0253628 0.999584 0
-0.0484692 0.998533 -0.0241328 135.543 -0.998688 -0.0480493 0.0176869 125.166 0.0165014 0.0249584 0.999552 0
-0.0593498 0.997854 -0.0276607 135.392 -0.998 -0.0587087 0.0234398 122.939 0.0217656 0.0289965 0.999343 0
-0.0616205 0.997791 -0.0248154 135.237 -0.997814 -0.060989 0.0254456 121.083 0.0238759 0.0263292 0.999368 0
-0.0731031 0.997082 -0.0219846 135.019 -0.997169 -0.072685 0.0192519 118.705 0.0175978 0.0233297 0.999573 0
-0.0755382 0.996795 -0.026357 134.847 -0.997039 -0.0751225 0.0164198 116.819 0.0143872 0.0275193 0.999518 0
-0.0756881 0.996822 -0.0248555 134.679 -0.997043 -0.0753263 0.0151864 114.959 0.0132659 0.0259314 0.999576 0
-0.072916 0.997156 -0.0190501 134.51 -0.997235 -0.0726212 0.0157375 113.099 0.0143093 0.0201449 0.999695 0
-0.0706095 0.997291 -0.0206087 134.384 -0.997431 -0.0703391 0.0135635 111.348 0.0120772 0.0215135 0.999696 0
-0.0685858 0.997471 -0.018659 134.235 -0.997577 -0.0683506 0.0129612 109.178 0.011653 0.0195028 0.999742 0
-0.060578 0.997941 -0.0210923 134.083 -0.998145 -0.060434 0.00740353 107.135 0.00611359 0.0215017 0.99975 0
-0.0426121 0.998886 -0.0202831 133.93 -0.999055 -0.0424284 0.00940071 105.146 0.00852965 0.0206646 0.99975 0
-0.022619 0.999555 -0.0194639 133.823 -0.999687 -0.0224056 0.0111125 102.917 0.0106715 0.0197092 0.999749 0
-0.0135797 0.999718 -0.0194989 133.743 -0.99984 -0.0133492 0.0119039 100.723 0.0116402 0.0196574 0.999739 0
-0.0122215 0.999682 -0.0220359 133.698 -0.99987 -0.011986 0.0107834 98.7582 0.0105158 0.0221648 0.999699 0
-0.0107545 0.999741 -0.0200332 133.659 -0.999869 -0.0105084 0.012347 96.7583 0.0121333 0.0201634 0.999723 0
-0.010083 0.999763 -0.0193136 133.669 -0.999825 -0.00977552 0.0159441 94.4664 0.0157515 0.019471 0.999686 0
-0.0109553 0.999801 -0.0166672 133.677 -0.999773 -0.0106471 0.0184797 92.6332 0.0182986 0.0168659 0.99969 0
-0.0128903 0.99975 -0.0182734 133.672 -0.999817 -0.0126284 0.0143715 90.7195 0.0141372 0.0184553 0.99973 0
-0.0162994 0.999686 -0.0190285 133.664 -0.999713 -0.0159602 0.0178453 88.7957 0.017536 0.019314 0.99966 0
-0.0210736 0.999633 -0.0170348 133.633 -0.99953 -0.0206857 0.0226319 86.9018 0.0222712 0.0175038 0.999599 0
-0.0293304 0.999468 -0.0142389 133.566 -0.99935 -0.0290222 0.021386 85.0547 0.0209614 0.0148569 0.99967 0
-0.0425037 0.998987 -0.0147971 133.475 -0.998913 -0.0422071 0.0198046 82.7497 0.01916 0.0156228 0.999694 0
-0.0512265 0.99857 -0.0152837 133.363 -0.998477 -0.0508958 0.0212907 80.9314 0.0204824 0.0163511 0.999656 0
-0.0593715 0.998139 -0.013922 133.252 -0.998129 -0.0591557 0.0154301 79.1127 0.0145778 0.0148121 0.999784 0
-0.0694835 0.997521 -0.0111731 133.053 -0.997533 -0.069363 0.0108358 76.8359 0.0100339 0.0118984 0.999879 0
-0.0766134 0.99702 -0.00902394 132.875 -0.996973 -0.076483 0.0140022 75.0128 0.0132702 0.0100694 0.999861 0
-0.0875901 0.996152 -0.00288733 132.659 -0.996041 -0.0875355 0.0154636 72.6908 0.0151513 0.00423036 0.999876 0
-0.0940218 0.995554 -0.00571926 132.491 -0.995481 -0.0939348 0.0139512 70.8007 0.0133519 0.00700513 0.999886 0
-0.0902596 0.995911 -0.00381488 132.334 -0.995869 -0.0902163 0.0103112 68.9023 0.0099249 0.00472981 0.99994 0
-0.0745925 0.997194 -0.00640536 132.244 -0.997209 -0.0745693 0.00376718 66.9562 0.00327897 0.00666848 0.999972 0
-0.0507714 0.998708 -0.00194308 132.154 -0.998699 -0.0507616 0.00478956 65.0101 0.00468474 0.00218372 0.999987 0
-0.0266707 0.999635 -0.00437683 132.068 -0.99964 -0.0266573 0.00307347 63.0324 0.00295568 0.00445722 0.999986 0
-0.0137032 0.999883 -0.00675568 131.984 -0.999899 -0.0136781 0.00376313 61.0369 0.00367028 0.00680656 0.99997 0
-0.0113008 0.999882 -0.0103644 131.905 -0.999923 -0.0112464 0.00529018 59.0345 0.005173 0.0104233 0.999932 0
-0.0140686 0.999887 -0.00530363 131.85 -0.999898 -0.0140549 0.00261881 56.9896 0.00254397 0.00533994 0.999983 0
-0.0155737 0.999847 -0.00797426 131.795 -0.999876 -0.0155532 0.00263724 54.9445 0.00251281 0.00801434 0.999965 0
-0.0158273 0.999836 -0.00877007 131.737 -0.999824 -0.0157374 0.0102363 52.8458 0.0100966 0.00893054 0.999909 0
-0.01182 0.999924 -0.00341891 131.678 -0.999741 -0.0117512 0.0194899 50.7186 0.0194483 0.00364839 0.999804 0
-0.0160694 0.999869 -0.00201655 131.615 -0.999706 -0.0160302 0.0181801 48.5844 0.0181454 0.0023081 0.999833 0
-0.021199 0.999757 -0.00612313 131.539 -0.999698 -0.0211205 0.0126045 46.4124 0.0124721 0.00638848 0.999902 0
-0.0273392 0.999616 -0.00446142 131.462 -0.999588 -0.027299 0.00880814 44.24 0.00868297 0.00470039 0.999951 0
-0.0306586 0.999491 -0.00879889 131.37 -0.999492 -0.0305793 0.00900953 42.035 0.00873588 0.00907064 0.999921 0
-0.0347208 0.999371 -0.00721341 131.269 -0.999371 -0.0346674 0.00740471 39.8129 0.00714998 0.00746597 0.999947 0
-0.0368502 0.999319 -0.00211974 131.169 -0.9993 -0.0368357 0.00652378 37.5823 0.00644126 0.00235866 0.999976 0
-0.0394797 0.999184 -0.00852545 131.069 -0.999182 -0.0394015 0.00915394 35.3107 0.00881055 0.00887987 0.999922 0
-0.039852 0.999148 -0.0107309 130.969 -0.999166 -0.0397525 0.00933849 33.0389 0.00890395 0.0110942 0.999899 0
-0.0406352 0.999127 -0.00966474 130.866 -0.999132 -0.0405426 0.00959473 30.7354 0.00919452 0.0100462 0.999907 0
-0.0413618 0.999126 -0.00611792 130.761 -0.999129 -0.0413265 0.00578963 28.4165 0.00553174 0.00635207 0.999965 0
-0.0432817 0.998978 -0.013048 130.647 -0.999033 -0.0431762 0.00826162 26.0737 0.00768981 0.013393 0.999881 0
-0.0479015 0.998775 -0.012376 130.525 -0.998749 -0.0477147 0.0149738 24.2285 0.0143649 0.0130778 0.999811 0
-0.0561491 0.998342 -0.0126605 130.402 -0.998334 -0.0559711 0.0139988 22.3833 0.013267 0.0134254 0.999822 0
-0.0679759 0.997599 -0.0132566 130.28 -0.997682 -0.067926 0.00417695 20.5383 0.00326646 0.0135098 0.999903 0
-0.0808039 0.996666 -0.011331 130.082 -0.996686 -0.0809022 -0.00850954 18.6101 -0.00939787 0.0106058 0.9999 0
-0.094384 0.995512 -0.00693724 129.875 -0.995417 -0.0944779 -0.0147674 16.6714 -0.0153566 0.00551164 0.999867 0
-0.10639 0.994212 -0.0149858 129.669 -0.993944 -0.106754 -0.0260399 14.7329 -0.027489 0.0121247 0.999549 0
-0.119446 0.992689 -0.0173472 129.45 -0.992386 -0.119902 -0.0281782 12.7772 -0.0300521 0.0138494 0.999452 0
-0.128108 0.991498 -0.0227869 129.221 -0.990745 -0.128982 -0.0422812 10.8079 -0.0448609 0.0171594 0.998846 0
-0.132218 0.991054 -0.0181773 128.992 -0.990197 -0.132893 -0.0430049 8.83761 -0.0450358 0.012313 0.998909 0
-0.136381 0.990535 -0.0155203 128.756 -0.989725 -0.136915 -0.0412052 6.88141 -0.0429401 0.00974119 0.99903 0
-0.135054 0.990565 -0.0232723 128.495 -0.989802 -0.135949 -0.0425389 4.96813 -0.0453014 0.0172899 0.998824 0
-0.128435 0.991559 -0.0177347 128.235 -0.990826 -0.129057 -0.0401103 3.05481 -0.0420605 0.0124205 0.999038 0
-0.117549 0.992902 -0.0181128 127.974 -0.991947 -0.118263 -0.0453298 1.14167 -0.0471501 0.0126385 0.998808 0
-0.104041 0.994308 -0.0229574 127.771 -0.993771 -0.104856 -0.0377493 -0.720843 -0.0399417 0.0188869 0.999023 0
-0.091609 0.995629 -0.0181812 127.575 -0.995055 -0.0922296 -0.0368726 -2.57729 -0.0383882 0.0147134 0.999155 0
-0.0788176 0.996687 -0.020089 127.379 -0.995933 -0.0796084 -0.0421906 -4.43417 -0.04365 0.016682 0.998908 0
-0.071787 0.997381 -0.00880762 127.217 -0.996619 -0.0720804 -0.0394334 -6.204 -0.0399649 0.00594704 0.999183 0
-0.0690441 0.997475 -0.0166356 127.036 -0.996512 -0.0697417 -0.0458303 -8.47537 -0.0468748 0.0134132 0.998811 0
-0.0715508 0.997325 -0.0149659 126.855 -0.996165 -0.072209 -0.0494103 -10.7468 -0.0503588 0.0113732 0.998666 0
-0.0736704 0.997168 -0.0151065 126.695 -0.995981 -0.0743395 -0.0499577 -12.6508 -0.0509392 0.0113654 0.998637 0
-0.0875989 0.995808 -0.0263171 126.478 -0.995549 -0.0884368 -0.03257 -14.9711 -0.0347609 0.0233469 0.999123 0
-0.179227 0.983597 -0.0203829 126.179 -0.983647 -0.179534 -0.0143724 -16.8652 -0.0177961 0.0174736 0.999689 0
-0.444511 0.895383 -0.0264319 125.59 -0.895511 -0.444902 -0.0110825 -18.2859 -0.0216827 0.0187437 0.999589 0
-0.735308 0.676905 -0.0335082 124.52 -0.676973 -0.735926 -0.0109772 -19.2711 -0.0320901 0.0146125 0.999378 0
-0.910669 0.410966 -0.0422954 123.103 -0.411233 -0.911526 -0.00257525 -19.8867 -0.0396117 0.0150481 0.999102 0
-0.98613 0.163141 -0.0305257 121.332 -0.163044 -0.986603 -0.00565567 -20.3018 -0.0310395 -0.000600197 0.999518 0
-0.997799 0.0574106 -0.0331841 119.478 -0.0570935 -0.998314 -0.0104238 -20.4352 -0.0337266 -0.00850624 0.999395 0
-0.998694 0.0423552 -0.0285595 117.502 -0.042116 -0.999073 -0.0089252 -20.4691 -0.0289111 -0.00771073 0.999552 0
-0.999119 0.0344464 -0.0239708 115.173 -0.0338963 -0.999161 -0.0229892 -20.4396 -0.0247426 -0.0221565 0.999448 0
-0.998853 0.0348786 -0.0328 113.167 -0.0341186 -0.999143 -0.0234516 -20.3788 -0.0335899 -0.0223056 0.999187 0
-0.998902 0.0379612 -0.0274667 110.979 -0.0374676 -0.999131 -0.0182678 -20.2706 -0.0281363 -0.0172187 0.999456 0
-0.998852 0.041923 -0.0231608 108.791 -0.0414579 -0.998936 -0.0202077 -20.1623 -0.0239833 -0.0192243 0.999528 0
-0.99857 0.0467082 -0.0260036 106.909 -0.0460559 -0.998622 -0.025145 -20.0693 -0.0271423 -0.0239114 0.999346 0
-0.998156 0.0545637 -0.0266144 104.375 -0.0539558 -0.998277 -0.0230479 -19.9439 -0.0278261 -0.0215694 0.99938 0
-0.997898 0.0591607 -0.0264513 102.474 -0.058364 -0.997846 -0.0299407 -19.8499 -0.0281656 -0.028334 0.999202 0
-0.997589 0.0614927 -0.0321864 100.41 -0.0606856 -0.997832 -0.0254783 -19.7548 -0.0336833 -0.0234636 0.999157 0
-0.997588 0.0609869 -0.0331402 98.3346 -0.060105 -0.997827 -0.0269866 -19.6596 -0.034714 -0.0249297 0.999086 0
-0.997498 0.0616275 -0.0346487 96.259 -0.0610072 -0.997962 -0.0186844 -19.5645 -0.0357296 -0.0165238 0.999225 0
-0.997486 0.0629707 -0.0325108 94.0873 -0.061759 -0.997404 -0.0370172 -19.467 -0.0347574 -0.0349163 0.998786 0
-0.997528 0.0638507 -0.0293518 91.8514 -0.0629613 -0.997556 -0.0302901 -19.3681 -0.0312141 -0.0283672 0.99911 0
-0.997506 0.0642388 -0.0292547 89.6151 -0.0634173 -0.997589 -0.0281958 -19.269 -0.0309954 -0.0262703 0.999174 0
-0.997497 0.0649807 -0.0278727 87.3516 -0.0642495 -0.997585 -0.0263733 -19.1622 -0.0295192 -0.0245165 0.999264 0
-0.997563 0.0648238 -0.025787 85.0129 -0.0640892 -0.997541 -0.0283608 -19.0339 -0.0275621 -0.026639 0.999265 0
-0.997558 0.0649331 -0.0257099 82.6743 -0.0642327 -0.997564 -0.027191 -18.9056 -0.0274128 -0.0254732 0.9993 0
-0.9973 0.0672824 -0.0294286 80.3353 -0.066558 -0.997471 -0.0249413 -18.7772 -0.0310323 -0.0229153 0.999256 0
-0.997084 0.0672733 -0.036013 77.9299 -0.0663516 -0.997452 -0.0262059 -18.6612 -0.0376842 -0.02374 0.999008 0
-0.997204 0.0666496 -0.0337786 75.5191 -0.0657274 -0.997452 -0.0277144 -18.5459 -0.0355397 -0.0254167 0.999045 0
-0.997296 0.0658502 -0.0326238 73.1087 -0.0649709 -0.997513 -0.0273177 -18.4307 -0.0343415 -0.0251243 0.999094 0
-0.997321 0.0662882 -0.0309287 70.6194 -0.0652949 -0.99735 -0.0320927 -18.3139 -0.0329741 -0.0299872 0.999006 0
-0.997393 0.0660784 -0.0289841 68.0793 -0.0653558 -0.997544 -0.0252084 -18.1961 -0.0305786 -0.0232484 0.999262 0
-0.9973 0.0672225 -0.0295472 65.5393 -0.0664005 -0.997401 -0.0279739 -18.0782 -0.0313509 -0.0259364 0.999172 0
-0.997247 0.067699 -0.0302453 62.9698 -0.0671882 -0.997585 -0.0175979 -17.9623 -0.0313636 -0.0155173 0.999388 0
-0.997296 0.0684303 -0.0267958 60.3251 -0.0679457 -0.997516 -0.018597 -17.8513 -0.0280018 -0.016726 0.999468 0
-0.997174 0.0690288 -0.0296485 57.6805 -0.0681967 -0.997273 -0.0282147 -17.7402 -0.0315153 -0.026113 0.999162 0
-0.996955 0.070288 -0.0337833 55.0364 -0.0694025 -0.997231 -0.0267075 -17.6292 -0.035567 -0.0242816 0.999072 0
-0.996999 0.0699921 -0.033069 53.2325 -0.0687994 -0.996983 -0.0359275 -17.5539 -0.0354839 -0.0335445 0.998807 0
-0.99707 0.0708755 -0.0287824 50.5231 -0.0701542 -0.997214 -0.0253443 -17.4409 -0.0304985 -0.0232509 0.999264 0
-0.997299 0.0698975 -0.0225725 47.8133 -0.0693228 -0.997273 -0.0253097 -17.3279 -0.02428 -0.0236766 0.999425 0
-0.997322 0.0693133 -0.0233275 46.0066 -0.0687798 -0.997368 -0.022945 -17.2526 -0.0248565 -0.0212791 0.999465 0
-0.997545 0.0675646 -0.0183768 43.3032 -0.067208 -0.997551 -0.0193719 -17.134 -0.0196407 -0.0180893 0.999643 0
-0.997669 0.0656507 -0.0185838 40.6001 -0.065176 -0.997558 -0.0250942 -17.015 -0.0201859 -0.0238245 0.999512 0
-0.997799 0.0632102 -0.0200341 37.8971 -0.0629696 -0.997938 -0.0124246 -16.8961 -0.0207781 -0.0111357 0.999722 0
-0.99782 0.0610402 -0.0250756 36.1305 -0.0606054 -0.998004 -0.0177476 -16.8085 -0.0261088 -0.0161892 0.999528 0
-0.997836 0.0572464 -0.0323585 33.551 -0.0570489 -0.998347 -0.00699461 -16.6608 -0.0327054 -0.00513345 0.999452 0
-0.998066 0.0540233 -0.0307615 30.972 -0.0536736 -0.998486 -0.0120834 -16.5131 -0.0313677 -0.0104089 0.999454 0
-0.998121 0.0516564 -0.0329552 28.3925 -0.0509942 -0.998486 -0.0206269 -16.3654 -0.0339708 -0.0189076 0.999244 0
-0.998183 0.0495452 -0.0343034 25.9894 -0.0490196 -0.99867 -0.0159964 -16.2145 -0.0350503 -0.0142858 0.999283 0
-0.998319 0.0478133 -0.0327567 23.5946 -0.0472317 -0.998716 -0.0183048 -16.0634 -0.0335899 -0.0167269 0.999296 0
-0.998461 0.0478987 -0.0279586 21.1997 -0.047356 -0.998682 -0.0197601 -15.9124 -0.0288682 -0.0184056 0.999414 0
-0.998208 0.0513606 -0.0306939 18.9701 -0.0507749 -0.998518 -0.0195679 -15.7771 -0.0316535 -0.0179743 0.999337 0
-0.998036 0.0558994 -0.0282817 16.8401 -0.0552199 -0.998179 -0.0242647 -15.6514 -0.0295866 -0.0226553 0.999305 0
-0.997869 0.0587508 -0.0284049 14.7105 -0.0580933 -0.998036 -0.0234442 -15.5256 -0.0297264 -0.0217441 0.999322 0
-0.997664 0.0618385 -0.0290243 12.699 -0.0612034 -0.997877 -0.0222838 -15.3964 -0.0303407 -0.0204553 0.99933 0
-0.997494 0.0646567 -0.0287411 10.399 -0.0639496 -0.997643 -0.0248755 -15.2133 -0.0302818 -0.0229752 0.999277 0
-0.99831 0.0534188 -0.0228632 8.09812 -0.0527806 -0.998223 -0.0276624 -15.0301 -0.0243003 -0.0264089 0.999356 0
-0.999695 0.0121259 -0.0215237 6.31749 -0.0116033 -0.999639 -0.0242438 -14.7597 -0.0218099 -0.0239866 0.999474 0
-0.995599 -0.0916143 -0.0197315 4.34492 0.0920986 -0.995431 -0.0252163 -14.3792 -0.0173312 -0.0269226 0.999487 0
-0.970942 -0.239169 -0.00835184 2.68907 0.239278 -0.970813 -0.016356 -13.8397 -0.00419624 -0.0178791 0.999831 0
-0.909328 -0.415886 -0.01272 1.26559 0.416055 -0.909182 -0.0169193 -13.1837 -0.00452824 -0.0206774 0.999776 0
-0.80415 -0.594412 -0.00406187 0.0656225 0.5942 -0.803638 -0.033058 -12.2734 0.0163858 -0.0289972 0.999445 0
-0.653446 -0.75697 -0.00232808 -0.973058 0.756799 -0.653227 -0.0234422 -11.1799 0.0162243 -0.0170801 0.999722 0
-0.42604 -0.9047 0.00280711 -1.67528 0.9046 -0.426036 -0.0138526 -9.73553 0.0137283 -0.00336244 0.9999 0
-0.112893 -0.993417 0.0194462 -2.04031 0.993573 -0.113029 -0.00602381 -7.7345 0.00818213 0.0186411 0.999793 0
0.0759837 -0.99641 0.0373313 -1.82355 0.997102 0.0760705 0.000908827 -5.79456 -0.00374538 0.037154 0.999303 0
0.0931606 -0.995144 0.0317586 -1.42343 0.995511 0.0936359 0.013817 -3.87819 -0.0167236 0.0303288 0.9994 0
0.0470471 -0.998145 0.0386363 -1.0962 0.998658 0.0478383 0.0198147 -2.20528 -0.0216262 0.0376523 0.999057 0
-0.0371186 -0.998659 0.0360836 -0.806355 0.999034 -0.0362339 0.0248688 -0.220116 -0.023528 0.0369718 0.999039 0
-0.119678 -0.992211 0.0345541 -0.589918 0.992286 -0.118408 0.036714 1.81802 -0.0323365 0.0386814 0.998728 0
-0.190042 -0.981391 0.0274779 -0.688227 0.980999 -0.188703 0.0450841 4.08274 -0.03906 0.0355236 0.998605 0
-0.224781 -0.973887 0.0319015 -0.810189 0.973519 -0.223057 0.0500574 6.3976 -0.0416345 0.0423087 0.998237 0
-0.229366 -0.973073 0.0228073 -0.9873 0.972661 -0.228268 0.0427036 8.41777 -0.0363475 0.0319785 0.998827 0
-0.230042 -0.973063 0.0151611 -1.16442 0.972244 -0.229108 0.0474524 10.438 -0.0427006 0.0256563 0.998758 0
-0.213897 -0.97676 0.0137061 -1.29012 0.97595 -0.213074 0.0460561 12.5117 -0.0420653 0.0232277 0.998845 0
-0.181956 -0.98321 0.0137711 -1.39762 0.982421 -0.18118 0.0449741 14.6042 -0.0417239 0.0217123 0.998893 0
-0.149444 -0.988651 0.0153503 -1.45362 0.987938 -0.148663 0.0433406 16.7174 -0.0405667 0.0216421 0.998942 0
-0.11535 -0.993226 0.0139883 -1.34743 0.992568 -0.1147 0.0406613 18.8949 -0.0387814 0.0185746 0.999075 0
-0.0870712 -0.996103 0.0140585 -1.24125 0.995537 -0.0864886 0.0377689 21.0723 -0.0364059 0.0172844 0.999188 0
-0.0698683 -0.997434 0.015649 -1.07807 0.996881 -0.0692356 0.0378676 23.2815 -0.036687 0.018246 0.99916 0
-0.0647497 -0.997788 0.0150691 -0.895288 0.99693 -0.064013 0.0450977 25.5018 -0.0440333 0.0179428 0.998869 0
-0.0632598 -0.997874 0.0156577 -0.703266 0.997113 -0.0625359 0.0430644 27.7366 -0.0419936 0.0183367 0.99895 0
-0.0649105 -0.997763 0.0159715 -0.482833 0.997066 -0.0641979 0.0416844 30.0166 -0.0405658 0.0186304 0.999003 0
-0.0689436 -0.997496 0.015751 -0.2624 0.996933 -0.0683016 0.0381983 32.2967 -0.0370268 0.0183362 0.999146 0
-0.0760378 -0.997061 0.00931758 -0.0707307 0.9965 -0.0756629 0.0355441 34.6293 -0.0347347 0.0119877 0.999325 0
-0.0827625 -0.996505 0.0113469 0.111271 0.996287 -0.0824629 0.0247283 36.9789 -0.0237062 0.0133513 0.99963 0
-0.0902671 -0.995881 0.00851275 0.286236 0.99544 -0.0899558 0.0317399 39.3459 -0.0308434 0.011339 0.99946 0
-0.0977215 -0.995106 0.0146649 0.440323 0.99474 -0.0972098 0.0322827 41.7653 -0.0306992 0.0177425 0.999371 0
-0.104488 -0.994395 0.016134 0.594402 0.99406 -0.103929 0.032306 44.1846 -0.0304481 0.0194138 0.999348 0
-0.110124 -0.993803 0.0150962 0.689346 0.993418 -0.109574 0.0333955 45.9913 -0.0315344 0.0186745 0.999328 0
-0.116674 -0.993113 0.010657 0.8024 0.992654 -0.116261 0.0334843 48.3956 -0.0320147 0.0144855 0.999382 0
-0.12061 -0.992616 0.012898 0.915203 0.99226 -0.12016 0.0313219 50.799 -0.0295408 0.0165759 0.999426 0
-0.122262 -0.992469 0.00762538 0.989563 0.991976 -0.121945 0.0333548 53.0985 -0.0321737 0.0116422 0.999415 0
-0.124464 -0.992161 0.0112086 1.06391 0.991816 -0.124081 0.0300958 55.3977 -0.0284691 0.0148627 0.999484 0
-0.124807 -0.99209 0.0134268 1.12981 0.991928 -0.124458 0.0242648 57.6431 -0.0224018 0.0163468 0.999615 0
-0.125272 -0.992037 0.0130548 1.1874 0.991735 -0.124845 0.0296011 59.8354 -0.0277355 0.0166551 0.999477 0
-0.124875 -0.992118 0.0103667 1.24502 0.991864 -0.124569 0.0262509 62.0268 -0.0247527 0.0135604 0.999602 0
-0.124908 -0.992037 0.0161775 1.30474 0.992075 -0.124656 0.0157342 64.0727 -0.0135923 0.0180146 0.999745 0
-0.11869 -0.992861 0.0117918 1.36445 0.992874 -0.118548 0.0121426 66.1187 -0.010658 0.013149 0.999857 0
-0.0971899 -0.995216 0.00994876 1.4684 0.995227 -0.0970923 0.00985937 68.1076 -0.00884625 0.0108595 0.999902 0
-0.0710598 -0.997409 0.0112476 1.61476 0.997423 -0.0709394 0.0107639 70.0413 -0.00993813 0.0119835 0.999879 0
-0.0523556 -0.998587 0.00913947 1.76225 0.998477 -0.0521863 0.0178754 71.9761 -0.0173731 0.0100614 0.999798 0
-0.0409961 -0.999095 0.0113333 1.98337 0.998957 -0.0407568 0.0205886 73.9626 -0.0201081 0.0121655 0.999724 0
-0.035018 -0.999298 0.0133094 2.20446 0.999013 -0.0346378 0.027793 75.9488 -0.0273125 0.0142695 0.999525 0
-0.0363764 -0.999319 0.00614468 2.43774 0.998808 -0.0361562 0.0327835 77.9897 -0.032539 0.00732991 0.999444 0
-0.0384738 -0.999259 -0.000621185 2.68249 0.998424 -0.038467 0.0408763 80.0821 -0.0408699 0.00095246 0.999164 0
-0.040543 -0.999165 0.0050581 2.9272 0.998544 -0.0403364 0.035815 82.1759 -0.0355811 0.00650278 0.999346 0
-0.0424217 -0.999071 0.00752204 3.1725 0.998288 -0.0420827 0.0406179 84.3699 -0.0402637 0.00923224 0.999146 0
-0.0495261 -0.998742 0.00785485 3.41782 0.997832 -0.0491365 0.0437861 86.5641 -0.0433451 0.0100064 0.99901 0
-0.0598912 -0.998161 0.00937332 3.63684 0.99725 -0.0594207 0.0442817 88.8102 -0.0436433 0.0119996 0.998975 0
-0.0688152 -0.997591 0.00878732 3.83153 0.99665 -0.068355 0.044896 91.1051 -0.0441871 0.0118474 0.998953 0
-0.0777473 -0.996958 0.00554939 4.02553 0.99623 -0.0774734 0.039026 93.402 -0.0384773 0.00856264 0.999223 0
-0.0834956 -0.996507 -0.00177869 4.14685 0.995787 -0.0835029 0.0378772 95.1929 -0.0378934 0.00139138 0.999281 0
-0.0910932 -0.995828 -0.00541399 4.30856 0.995135 -0.0912321 0.0371925 97.5802 -0.0375313 -0.00199966 0.999293 0
-0.0989175 -0.995095 0.000995848 4.46251 0.994494 -0.0988228 0.0348571 99.9971 -0.0345877 0.00443834 0.999392 0
-0.103474 -0.994624 -0.00402108 4.56251 0.993654 -0.103551 0.0439299 101.869 -0.0441101 0.000550039 0.999027 0
-0.10749 -0.994205 -0.0013354 4.69586 0.993393 -0.107456 0.0402933 104.365 -0.0402033 0.00300455 0.999187 0
-0.108645 -0.994081 -0.000402311 4.79004 0.993544 -0.108599 0.0328221 106.27 -0.0326715 0.00316623 0.999461 0
-0.109064 -0.994024 -0.00471505 4.87427 0.993312 -0.109164 0.0376166 108.233 -0.0379065 -0.000580912 0.999281 0
-0.107542 -0.9942 0.000444088 4.95849 0.993457 -0.107444 0.0387105 110.196 -0.0384383 0.00460419 0.99925 0
-0.103541 -0.994624 0.00137707 5.04326 0.993929 -0.103417 0.037545 112.16 -0.0372007 0.00525615 0.999294 0
-0.0992175 -0.995058 0.00388348 5.14067 0.994268 -0.0989808 0.0404358 114.173 -0.0398516 0.00787315 0.999175 0
-0.0960559 -0.995364 0.00477267 5.23808 0.994654 -0.0958024 0.0385473 116.186 -0.0379114 0.00844985 0.999245 0
-0.0959188 -0.995378 -0.00473301 5.33551 0.994597 -0.096031 0.0394456 118.199 -0.0397178 -0.000923859 0.999211 0
-0.0962708 -0.995352 -0.00266297 5.43913 0.99454 -0.0962999 0.0401991 120.242 -0.0402687 0.00122156 0.999188 0
-0.096185 -0.995363 0.00129631 5.54532 0.994534 -0.0960515 0.0409458 122.299 -0.0406314 0.0052276 0.999161 0
-0.0967586 -0.995301 0.00369785 5.65151 0.994399 -0.0965109 0.0430791 124.355 -0.0425198 0.00784541 0.999065 0
-0.0956231 -0.995348 -0.0117656 5.75618 0.994246 -0.0960773 0.0473749 126.4 -0.0482849 -0.0071678 0.998808 0
-0.0945979 -0.995513 0.00212419 5.85831 0.994387 -0.0943888 0.0478061 128.426 -0.0473911 0.00663462 0.998854 0
-0.0940784 -0.995565 -0.000746151 5.96043 0.994308 -0.0939974 0.0501553 130.452 -0.0500029 0.00397662 0.998741 0
-0.0929096 -0.995673 -0.00150829 6.06274 0.994751 -0.0928886 0.0429117 132.475 -0.0428661 0.00248654 0.999078 0
-0.092663 -0.995677 0.0064385 6.16795 0.99492 -0.0923331 0.0401204 134.443 -0.0393525 0.0101235 0.999174 0
-0.0914735 -0.995807 -2.04444e-05 6.27316 0.995096 -0.091409 0.0377876 136.41 -0.0376311 0.00343622 0.999286 0
-0.0910261 -0.995849 2.5088e-05 6.37838 0.995226 -0.0909683 0.0353548 138.378 -0.0352057 0.00324317 0.999375 0
-0.0891223 -0.996001 -0.00632964 6.48498 0.995401 -0.0892892 0.0347117 140.3 -0.035138 -0.00320695 0.999377 0
-0.0894593 -0.99599 0.00129004 6.59213 0.995459 -0.0893691 0.032796 142.205 -0.0325491 0.00421808 0.999461 0
-0.0879136 -0.996126 -0.00202693 6.69926 0.99564 -0.087934 0.0311138 144.109 -0.0311715 0.000717228 0.999514 0
-0.0878792 -0.996131 0.000305487 6.84699 0.995603 -0.0878227 0.0325743 146.518 -0.0324214 0.00316675 0.999469 0
-0.0831174 -0.996467 -0.0120187 6.9989 0.995921 -0.0834846 0.0342248 148.818 -0.0351072 -0.00912498 0.999342 0
-0.0671782 -0.997736 -0.0030504 7.15729 0.997026 -0.0672455 0.037641 151.103 -0.0377609 -0.000512674 0.999287 0
-0.0222126 -0.999739 -0.005293 7.46127 0.999207 -0.0223752 0.0329384 153.074 -0.0330483 -0.00455715 0.999443 0
0.0644421 -0.997821 -0.0141694 7.76524 0.99745 0.063969 0.0316326 155.045 -0.0306573 -0.0161717 0.999399 0
0.195744 -0.98064 0.00549753 8.32341 0.980482 0.195812 0.0176735 156.794 -0.0184078 0.00193074 0.999829 0
0.361509 -0.932366 0.0022387 9.09419 0.932309 0.361512 0.0104177 158.356 -0.0105224 -0.00167892 0.999943 0
0.538816 -0.842366 0.00983626 9.88247 0.842423 0.538768 -0.0071925 159.886 0.000759258 0.0121617 0.999926 0
