1 0 0 0 0 1 0 0 0 0 1 0
0.940841 -0.338773 0.00722313 -0.431323 0.338821 0.940824 -0.00712613 1.68145 -0.00438155 0.0091519 0.999949 0
0.939162 -0.34318 0.0142091 -0.940269 0.343288 0.939211 -0.00598308 3.29328 -0.0112921 0.0104969 0.999881 0
0.979201 -0.20248 0.0129404 -1.26551 0.202583 0.979238 -0.00725637 5.08482 -0.0112024 0.00972694 0.99989 0
0.990637 -0.135911 0.0129405 -1.47582 0.135982 0.9907 -0.00475647 7.06811 -0.0121737 0.00647161 0.999905 0
0.995373 -0.0956412 0.00925304 -1.60446 0.095619 0.995414 0.00281241 9.08381 -0.00947959 -0.00191463 0.999953 0
0.997093 -0.0759974 0.00543225 -1.6963 0.0759225 0.99703 0.0128821 11.3379 -0.00639513 -0.0124322 0.999902 0
0.998427 -0.055158 0.0100732 -1.72244 0.0550379 0.998414 0.011831 13.4301 -0.0107098 -0.011258 0.999879 0
0.99947 -0.0312495 0.00917222 -1.71231 0.0311291 0.999431 0.0129854 15.639 -0.00957279 -0.012693 0.999874 0
0.999919 -0.00840798 0.0095532 -1.65927 0.00827391 0.999868 0.0139873 17.9685 -0.00966954 -0.0139071 0.999857 0
0.99997 -0.00325186 0.00708637 -1.57035 0.00316638 0.999923 0.0120392 20.4195 -0.00712497 -0.0120164 0.999902 0
0.999994 0.00322809 0.00100103 -1.49529 -0.0032441 0.99986 0.0164272 22.3506 -0.000947863 -0.0164303 0.999865 0
0.999958 0.00855446 -0.00332775 -1.4087 -0.00851102 0.999881 0.0128564 24.3165 0.00343734 -0.0128276 0.999912 0
0.999799 0.0175372 0.0097115 -1.28951 -0.0176902 0.999717 0.0158982 26.6298 -0.00942995 -0.0160668 0.999826 0
0.999666 0.0191092 0.0174117 -1.16442 -0.0193066 0.99975 0.0112418 28.8554 -0.0171925 -0.0115742 0.999785 0
0.999166 0.0164633 0.0373543 -1.05673 -0.0170267 0.999745 0.0148132 31.0707 -0.0371009 -0.0154368 0.999192 0
0.999596 0.0102906 0.0265066 -0.996821 -0.0106062 0.999874 0.0117936 33.1631 -0.0263819 -0.01207 0.999579 0
0.999801 0.000703585 0.0199192 -0.9192 -0.00118012 0.999713 0.023922 35.2323 -0.0198966 -0.0239408 0.999515 0
0.99984 -0.00590204 0.0168932 -0.808926 0.00560006 0.999825 0.0178678 37.3005 -0.0169957 -0.0177703 0.999698 0
0.999645 -0.0106796 0.0244115 -0.769335 0.0102677 0.999804 0.0169377 39.388 -0.0245876 -0.0166811 0.999559 0
0.999925 -0.00996086 0.00707087 -0.701119 0.00982587 0.999774 0.0188768 41.3564 -0.0072573 -0.0188059 0.999797 0
0.999935 -0.00568994 0.00985479 -0.628829 0.00554267 0.999874 0.0149077 43.3901 -0.00993836 -0.0148521 0.99984 0
0.999863 0.00573149 0.0155225 -0.53863 -0.00589242 0.999929 0.010342 45.3544 -0.0154621 -0.0104321 0.999826 0
0.999928 0.00947546 0.0074211 -0.406513 -0.00955578 0.999895 0.0108649 47.4312 -0.00731737 -0.010935 0.999913 0
0.999952 0.00839681 0.0051123 -0.311675 -0.00846762 0.999866 0.0139921 49.6595 -0.00499413 -0.0140347 0.999889 0
0.999895 0.00829143 0.011916 -0.218351 -0.00851832 0.999781 0.0191186 51.5617 -0.0117549 -0.0192181 0.999746 0
0.99994 0.00720652 0.00828677 -0.12045 -0.00737078 0.999774 0.0199652 53.4442 -0.00814101 -0.0200251 0.999766 0
0.999936 0.00383823 0.0106089 -0.0244108 -0.00402646 0.999834 0.0177792 55.3201 -0.0105389 -0.0178208 0.999786 0
0.999972 0.00142538 0.00737509 0.0686317 -0.00154299 0.999871 0.0159662 57.3161 -0.00735138 -0.0159771 0.999845 0
0.99993 -0.000480531 0.0118326 0.180921 0.000330973 0.99992 0.0126382 59.19 -0.0118377 -0.0126334 0.99985 0
0.999917 0.00484159 0.0119737 0.272222 -0.00502263 0.999873 0.0151359 61.567 -0.0118989 -0.0151948 0.999814 0
0.999947 0.00777854 0.00672303 0.345198 -0.00786974 0.999876 0.0136465 63.8462 -0.00661604 -0.0136987 0.999884 0
0.999932 0.0114905 -0.00190488 0.466911 -0.0114615 0.999828 0.014597 66.0045 0.00207227 -0.0145742 0.999892 0
0.999871 0.0147751 0.00628643 0.583762 -0.0148714 0.999768 0.0155584 68.1716 -0.0060551 -0.0156499 0.999859 0
0.999804 0.0196071 0.00272974 0.688374 -0.0196443 0.999704 0.0143543 70.4244 -0.00244748 -0.0144051 0.999893 0
0.999236 0.0367165 0.013391 0.883679 -0.0369025 0.999222 0.0139192 72.6277 -0.0128695 -0.0144028 0.999813 0
0.998844 0.0478162 0.00502218 1.0521 -0.047903 0.998673 0.018887 74.5857 -0.00411241 -0.0191058 0.999809 0
0.998708 0.050621 0.00433959 1.26503 -0.0506783 0.998613 0.0143018 76.4842 -0.0036096 -0.0145032 0.999888 0
0.998523 0.0489007 0.0236777 1.46569 -0.049345 0.998609 0.0185586 78.4436 -0.0227372 -0.0196995 0.999547 0
0.998928 0.0393531 0.0243901 1.67549 -0.039901 0.998953 0.0223989 80.5192 -0.0234831 -0.0233481 0.999452 0
0.999416 0.0273762 0.0204698 1.80624 -0.0277482 0.999451 0.0181123 82.55 -0.0199627 -0.0186697 0.999626 0
0.999696 0.0172557 0.0176208 1.9111 -0.0175201 0.999735 0.0149602 84.6392 -0.0173579 -0.0152643 0.999733 0
0.999725 0.0150917 0.0179268 2.03251 -0.015436 0.999696 0.0192243 86.8581 -0.0176313 -0.0194958 0.999654 0
0.999507 0.0244852 0.0196315 2.15057 -0.0246986 0.999638 0.0106993 88.9067 -0.0193624 -0.0111789 0.99975 0
0.999108 0.0345104 0.0243539 2.34317 -0.0348712 0.999286 0.0145505 91.0782 -0.0238343 -0.0153868 0.999597 0
0.998947 0.0413809 0.019816 2.4966 -0.0416625 0.999033 0.0140167 93.2363 -0.0192168 -0.0148275 0.999705 0
0.998686 0.046165 0.0222306 2.68743 -0.0467537 0.998549 0.0267352 95.4246 -0.0209641 -0.0277394 0.999395 0
0.99864 0.0470855 0.0223944 2.9159 -0.0476732 0.998512 0.0264735 97.6275 -0.0211145 -0.0275051 0.999399 0
0.998546 0.0451662 0.0294308 3.15357 -0.0458088 0.998718 0.0215372 99.9664 -0.0284203 -0.0228541 0.999335 0
0.998857 0.0403261 0.0256674 3.33982 -0.0410661 0.998736 0.0289868 102.183 -0.024466 -0.0300077 0.99925 0
0.999228 0.0359345 0.0159082 3.53568 -0.0363407 0.999 0.0260278 104.498 -0.014957 -0.0265858 0.999535 0
0.998948 0.0334342 0.0313838 3.68751 -0.0343502 0.998986 0.0291145 106.824 -0.0303785 -0.0301619 0.999083 0
0.999145 0.030931 0.0274327 3.8596 -0.0317999 0.998987 0.0318248 108.595 -0.0264206 -0.0326699 0.999117 0
0.999165 0.0267834 0.0308562 4.00011 -0.027493 0.999362 0.0228073 110.979 -0.0302256 -0.0236366 0.999264 0
0.99913 0.023888 0.0341932 4.16023 -0.0246142 0.999477 0.0209781 113.342 -0.0336742 -0.0218015 0.999195 0
0.999318 0.0204683 0.0307177 4.30246 -0.021164 0.999523 0.0224986 115.768 -0.0302425 -0.0231334 0.999275 0
0.999676 0.017731 0.0182484 4.46687 -0.0182663 0.999395 0.029598 118.097 -0.0177126 -0.0299217 0.999395 0
0.999495 0.017207 0.0266987 4.60616 -0.0180233 0.999368 0.0306415 120.469 -0.0261545 -0.0311072 0.999174 0
0.99957 0.0167985 0.0240245 4.76603 -0.0174011 0.999533 0.0250998 122.781 -0.0235916 -0.0255071 0.999396 0
0.999407 0.016336 0.0303028 4.88023 -0.0171652 0.99948 0.0273082 125.143 -0.0298409 -0.0278121 0.999168 0
0.999094 0.0166008 0.0391918 5.00903 -0.0180876 0.999118 0.0378903 126.856 -0.0385283 -0.0385648 0.998513 0
0.999034 0.0182884 0.0399675 5.10406 -0.0191206 0.999606 0.0205406 129.163 -0.0395761 -0.021285 0.99899 0
0.99844 0.0205346 0.0519225 5.25897 -0.0219771 0.999384 0.027365 131.379 -0.0513286 -0.0284634 0.998276 0
0.998622 0.0197042 0.0486453 5.36049 -0.020886 0.999496 0.0239068 133.559 -0.0481497 -0.0248898 0.99853 0
0.998664 0.017977 0.0484471 5.47986 -0.0191618 0.999526 0.0241039 135.781 -0.0479909 -0.025 0.998535 0
0.998878 0.0176309 0.0439575 5.63143 -0.0188006 0.999476 0.0263395 137.862 -0.0434701 -0.0271364 0.998686 0
0.999119 0.018339 0.0377483 5.76817 -0.0195447 0.999302 0.0318234 140.021 -0.0371384 -0.0325331 0.99878 0
0.999091 0.0192364 0.0380371 5.90268 -0.0201532 0.999512 0.0238685 142.166 -0.0375594 -0.0246133 0.998991 0
0.999306 0.0234993 0.0289146 6.02959 -0.0243158 0.999306 0.0282179 144.217 -0.0282315 -0.0289014 0.999184 0
0.99936 0.026647 0.0238719 6.18947 -0.0272826 0.999271 0.0267087 146.239 -0.0231428 -0.0273429 0.999358 0
0.999259 0.0301791 0.0239053 6.34503 -0.0308884 0.999076 0.029882 148.16 -0.0229814 -0.0305982 0.999268 0
0.998345 0.0403679 0.0409643 6.44651 -0.0417889 0.998533 0.0344452 149.888 -0.0395137 -0.0361 0.998567 0
0.997228 0.0690236 0.0277931 6.65314 -0.0699345 0.996997 0.0332534 151.937 -0.0254143 -0.0351049 0.99906 0
0.992085 0.120209 0.0362995 6.89765 -0.121428 0.992035 0.0334899 153.686 -0.0319846 -0.0376326 0.99878 0
0.979822 0.197801 0.0286928 7.22687 -0.198757 0.979405 0.0355241 155.316 -0.0210751 -0.0405102 0.998957 0
0.936292 0.350698 0.0192117 7.78865 -0.351086 0.936054 0.023267 156.893 -0.0098235 -0.0285296 0.999545 0
0.84142 0.54017 0.0151563 8.60738 -0.540382 0.841114 0.0226837 158.275 -0.00049511 -0.0272768 0.999628 0
0.710085 0.703909 -0.0171008 9.62299 -0.703674 0.71029 0.0181995 159.274 0.0249573 -0.000889767 0.999688 0
0.544764 0.837799 -0.0364027 10.8884 -0.837936 0.54554 0.01581 160.016 0.0331047 0.0218904 0.999212 0
0.379604 0.924234 -0.0411427 12.3561 -0.924297 0.380787 0.025989 160.577 0.0396866 0.0281625 0.998815 0
0.205452 0.977484 -0.048099 14.1113 -0.9779 0.206989 0.0294546 160.927 0.0387474 0.0409845 0.998408 0
0.0965046 0.993554 -0.0594688 16.1607 -0.994691 0.0984154 0.0300819 161.057 0.0357407 0.0562501 0.997777 0
0.0286496 0.998072 -0.0550522 18.3747 -0.999174 0.0301822 0.0272122 161.01 0.0288213 0.0542271 0.998113 0
0.00241119 0.99874 -0.0501223 20.2544 -0.999975 0.00274473 0.00658786 160.873 0.00671713 0.0501051 0.998721 0
-0.00880218 0.998762 -0.0489568 22.2215 -0.999908 -0.00828695 0.0107169 160.775 0.0102979 0.0490466 0.998743 0
-0.0158409 0.998881 -0.0445575 24.33 -0.999854 -0.0155382 0.00713173 160.655 0.0064314 0.044664 0.998981 0
-0.0239935 0.998574 -0.0476887 26.4496 -0.999683 -0.0236008 0.00878124 160.512 0.00764323 0.0478842 0.998824 0
-0.0247838 0.998576 -0.0472352 28.2711 -0.999561 -0.0239847 0.0174096 160.389 0.0162519 0.0476459 0.998732 0
-0.0182142 0.998805 -0.0453473 30.5496 -0.999579 -0.017167 0.0233771 160.266 0.0225707 0.045754 0.998698 0
-0.00696826 0.998823 -0.0480052 32.4221 -0.999918 -0.00644195 0.0111088 160.184 0.0107865 0.0480786 0.998785 0
0.00181919 0.998723 -0.0504957 34.3899 -0.999846 0.0026992 0.0173645 160.082 0.0174786 0.0504564 0.998573 0
0.00608611 0.998834 -0.0478811 36.335 -0.999851 0.00685132 0.0158333 160.016 0.0161429 0.0477776 0.998728 0
0.00663298 0.998787 -0.0487834 38.2882 -0.999796 0.0075537 0.0187131 159.954 0.0190589 0.0486493 0.998634 0
0.00663757 0.998536 -0.0536857 40.3516 -0.999673 0.00795114 0.0242909 159.88 0.0246822 0.053507 0.998262 0
0.0023104 0.998937 -0.0460332 42.4409 -0.999221 0.00411999 0.0392541 159.824 0.039402 0.0459067 0.998168 0
0.00129926 0.998653 -0.0518675 44.5897 -0.999115 0.0034768 0.0419144 159.716 0.0420383 0.0517671 0.997774 0
-0.00207126 0.998768 -0.0495773 46.7552 -0.999149 -2.5034e-05 0.0412396 159.638 0.0411876 0.0496206 0.997919 0
-0.00897813 0.999032 -0.0430681 48.9513 -0.999143 -0.00722206 0.0407596 159.514 0.0404091 0.0433971 0.99824 0
-0.0138513 0.998836 -0.046214 51.1849 -0.999243 -0.0121473 0.0369512 159.375 0.0363468 0.0466908 0.998248 0
-0.0186303 0.999099 -0.0381288 53.4576 -0.999227 -0.0172855 0.0353007 159.284 0.0346099 0.038757 0.998649 0
-0.0226949 0.999116 -0.0353929 55.7186 -0.999214 -0.0215181 0.0332831 159.133 0.032492 0.0361205 0.998819 0
-0.0262641 0.999072 -0.0341353 57.9567 -0.998815 -0.0248271 0.0418591 158.992 0.0409728 0.0351942 0.99854 0
-0.0265152 0.998802 -0.0411372 60.1717 -0.999062 -0.0250685 0.0352946 158.862 0.0342211 0.0420345 0.99853 0
-0.0248358 0.99892 -0.0392683 62.1721 -0.999398 -0.0238574 0.0251929 158.686 0.0242289 0.0398704 0.998911 0
-0.0208048 0.999466 -0.0251886 64.2774 -0.999509 -0.0202016 0.0239668 158.55 0.0234452 0.0256748 0.999395 0
-0.019649 0.998649 -0.0481016 66.2779 -0.999503 -0.0184335 0.0255853 158.414 0.0246641 0.0485804 0.998515 0
-0.0194279 0.999336 -0.0308352 68.3333 -0.999772 -0.0191457 0.00941783 158.247 0.00882121 0.0310111 0.99948 0
-0.0192224 0.999455 -0.0268297 70.4954 -0.999774 -0.0189698 0.00963603 158.134 0.00912182 0.0270089 0.999594 0
-0.022018 0.998571 -0.0486915 72.5564 -0.999597 -0.021116 0.0189615 157.981 0.0179063 0.0490894 0.998634 0
-0.0190398 0.998436 -0.0525646 74.6195 -0.999736 -0.0183355 0.0138484 157.883 0.0128629 0.0528144 0.998522 0
-0.017926 0.998222 -0.0568407 76.6804 -0.999697 -0.0169338 0.0178907 157.771 0.0168964 0.0571441 0.998223 0
-0.0194662 0.998174 -0.0571853 78.7786 -0.999727 -0.0186932 0.014021 157.621 0.0129264 0.0574427 0.998265 0
-0.0199159 0.999076 -0.0380824 80.7704 -0.99929 -0.0186721 0.0327414 157.54 0.0320001 0.0387074 0.998738 0
-0.0216613 0.999253 -0.0320138 82.8222 -0.99941 -0.0207886 0.0273484 157.424 0.0266624 0.0325873 0.999113 0
-0.0259912 0.998988 -0.036716 84.7651 -0.999104 -0.0247325 0.0343311 157.307 0.0333883 0.0375754 0.998736 0
-0.0280228 0.99918 -0.0292397 86.7827 -0.998628 -0.0266885 0.045066 157.179 0.0442487 0.0304624 0.998556 0
-0.0258963 0.999219 -0.0298572 88.7175 -0.998998 -0.0247768 0.0372709 157.03 0.0365021 0.0307924 0.998859 0
-0.0306352 0.999202 -0.0256447 90.6732 -0.99909 -0.0298502 0.0304515 156.885 0.0296617 0.0265543 0.999207 0
-0.0330296 0.998764 -0.0371267 92.5939 -0.999345 -0.0324531 0.0160263 156.785 0.0148017 0.0376318 0.999182 0
-0.0338056 0.998997 -0.0293672 94.5954 -0.999243 -0.0332186 0.0202511 156.571 0.0192552 0.0300296 0.999364 0
-0.0339453 0.998775 -0.0359962 96.5474 -0.999263 -0.0332714 0.0191573 156.402 0.0179362 0.03662 0.999168 0
-0.0331957 0.998913 -0.0327125 98.5878 -0.999217 -0.0324659 0.0225956 156.276 0.021509 0.033437 0.999209 0
-0.0311389 0.998754 -0.038997 100.433 -0.99931 -0.0303185 0.021457 156.135 0.0202479 0.0396382 0.999009 0
-0.0273134 0.998756 -0.041717 102.36 -0.999502 -0.0266273 0.0169133 155.948 0.0157814 0.0421582 0.998986 0
-0.0270977 0.99842 -0.0492194 104.222 -0.999624 -0.0268638 0.00540829 155.831 0.00407753 0.0493475 0.998773 0
-0.0226682 0.998663 -0.0464603 106.529 -0.999673 -0.0220906 0.0129079 155.66 0.0118643 0.0467377 0.998837 0
-0.0119184 0.998883 -0.0457162 108.783 -0.999741 -0.0110182 0.0198945 155.58 0.0193686 0.0459415 0.998756 0
-0.00897765 0.999512 -0.0299055 110.934 -0.999855 -0.00854099 0.0146994 155.51 0.0144368 0.0300332 0.999445 0
-0.0028491 0.999492 -0.03173 113.024 -0.999848 -0.00230122 0.0172912 155.374 0.0172094 0.0317744 0.999347 0
-0.0015111 0.999394 -0.0347741 115.098 -0.999855 -0.00091958 0.0170205 155.312 0.0169782 0.0347948 0.99925 0
0.0011397 0.999504 -0.0314738 117.088 -0.999771 0.00181156 0.0213281 155.227 0.0213745 0.0314423 0.999277 0
0.00338149 0.999475 -0.0322149 119.121 -0.999637 0.00423998 0.0266172 155.118 0.0267398 0.0321132 0.999126 0
0.00742245 0.999312 -0.0363279 121.282 -0.999332 0.00871325 0.0355024 155.064 0.0357945 0.0360401 0.998709 0
0.012538 0.999148 -0.0393176 123.402 -0.999468 0.0137069 0.0296048 155.055 0.0301185 0.0389255 0.998788 0
-0.00112438 0.999557 -0.0297401 125.436 -0.999699 -0.000394225 0.0245475 154.91 0.0245249 0.0297588 0.999256 0
-0.0694121 0.996956 -0.035492 127.546 -0.997229 -0.0683885 0.0292851 154.701 0.0267687 0.0374264 0.998941 0
-0.184048 0.982623 -0.0240288 129.304 -0.982562 -0.18327 0.0313714 154.323 0.0264225 0.0293836 0.999219 0
-0.338899 0.940587 -0.0210622 130.87 -0.940241 -0.337817 0.0427404 153.688 0.0330859 0.0342882 0.998864 0
-0.518981 0.854413 -0.025256 132.177 -0.854425 -0.517677 0.0443647 152.858 0.0248313 0.0446038 0.998696 0
-0.681652 0.730747 -0.036883 133.226 -0.731611 -0.680047 0.0477712 151.871 0.00982645 0.0595473 0.998177 0
-0.817417 0.574816 -0.0376335 134.156 -0.575961 -0.814426 0.0705579 150.595 0.00990809 0.0793506 0.996798 0
-0.910634 0.41278 -0.0189485 134.792 -0.413029 -0.907894 0.0716657 149.166 0.0123789 0.0730875 0.997249 0
-0.969349 0.245387 -0.0121339 135.178 -0.245633 -0.966919 0.0687936 147.619 0.00514853 0.0696655 0.997557 0
-0.994734 0.102411 -0.00407734 135.368 -0.102429 -0.991934 0.0746732 145.658 0.00360295 0.0746976 0.9972 0
-0.999557 0.0296956 0.00209251 135.402 -0.0294989 -0.997482 0.0644877 143.552 0.00400224 0.0643974 0.997916 0
-0.99987 0.0160727 -0.00133601 135.36 -0.016127 -0.997347 0.0709874 141.534 -0.000191505 0.0709997 0.997476 0
-0.999745 0.0154566 0.016487 135.335 -0.0143045 -0.997593 0.067848 139.368 0.017496 0.0675948 0.997559 0
-0.999894 0.0120478 0.00822002 135.308 -0.0114955 -0.99787 0.0642157 137.237 0.00897616 0.0641143 0.997902 0
-0.999993 0.00101614 -0.00351181 135.197 -0.00124015 -0.997924 0.0643847 134.99 -0.0034391 0.0643886 0.997919 0
-0.99985 -0.0110944 0.0132785 135.081 0.0118956 -0.998014 0.0618627 132.998 0.0125658 0.0620114 0.997996 0
-0.99982 -0.0140432 0.012709 134.978 0.014821 -0.997882 0.0633397 131.003 0.0117925 0.0635167 0.997911 0
-0.999846 -0.0169774 0.00444491 134.83 0.0172094 -0.998123 0.0587769 128.964 0.00343869 0.0588443 0.998261 0
-0.999735 -0.0197893 0.0117444 134.721 0.0205694 -0.997299 0.0705115 126.897 0.0103173 0.0707344 0.997442 0
-0.999728 -0.0225811 0.00587046 134.598 0.0228967 -0.997886 0.0608248 124.802 0.00448456 0.0609426 0.998131 0
-0.999464 -0.0266138 0.0190503 134.463 0.0277545 -0.997668 0.0623532 122.962 0.0173464 0.0628485 0.997872 0
-0.999146 -0.0373122 0.0177495 134.316 0.0383796 -0.9972 0.0641725 120.758 0.0153054 0.0647989 0.997781 0
-0.999021 -0.0386411 0.0215365 134.162 0.0399488 -0.997149 0.0640191 118.823 0.0190013 0.0648168 0.997716 0
-0.998771 -0.049227 0.00571239 133.945 0.0494795 -0.997012 0.0593201 116.553 0.00277518 0.0595298 0.998223 0
-0.998605 -0.0518624 0.00988912 133.759 0.0523838 -0.99664 0.062968 114.607 0.00659022 0.0633982 0.997967 0
-0.998666 -0.050288 0.0116822 133.581 0.0509356 -0.996645 0.0640683 112.697 0.0084211 0.0645779 0.997877 0
-0.998864 -0.0475956 0.0023419 133.432 0.0476501 -0.997029 0.060522 110.853 -0.000545644 0.0605648 0.998164 0
-0.998949 -0.0458125 -0.00149647 133.264 0.0456255 -0.996942 0.0634347 109.083 -0.00439799 0.0632998 0.997985 0
-0.999058 -0.0433157 0.00268706 133.051 0.0433988 -0.996961 0.0646947 106.954 -0.000123396 0.0647503 0.997901 0
-0.999385 -0.0343206 -0.00716695 132.904 0.0337724 -0.997237 0.066158 104.909 -0.00941773 0.0658752 0.997783 0
-0.999703 -0.0181582 0.0162365 132.723 0.0191668 -0.997747 0.0642898 102.928 0.0150325 0.0645819 0.997799 0
-0.999914 1.03445e-05 0.0130975 132.639 0.000799773 -0.998085 0.0618459 100.692 0.0130731 0.0618511 0.998 0
-0.999897 0.00978687 0.010468 132.583 -0.00910732 -0.997966 0.0631039 98.5621 0.0110643 0.0630021 0.997952 0
-0.999858 0.0116611 0.0121428 132.512 -0.0107998 -0.997577 0.0687334 96.5646 0.0129148 0.0685925 0.997561 0
-0.999822 0.0130356 0.0136304 132.473 -0.0121187 -0.997791 0.0653138 94.4783 0.0144517 0.065137 0.997772 0
-0.999829 0.0140304 0.0119985 132.409 -0.0132242 -0.997809 0.0648177 92.1898 0.0128817 0.064648 0.997825 0
-0.999852 0.0138906 0.0101454 132.372 -0.0132229 -0.997916 0.0631558 90.2876 0.0110015 0.0630123 0.997952 0
-0.999872 0.0132802 0.00896099 132.304 -0.0126816 -0.99788 0.0638346 88.3555 0.00978973 0.0637128 0.99792 0
-0.999882 0.0104241 0.0112855 132.271 -0.00967049 -0.997846 0.0648885 86.4803 0.0119375 0.0647717 0.997829 0
-0.999926 0.00389606 0.0115332 132.177 -0.00316641 -0.998032 0.0626216 84.5584 0.0117544 0.0625805 0.997971 0
-0.99985 -0.00298271 0.0170401 132.118 0.00403405 -0.998068 0.062001 82.6864 0.0168222 0.0620604 0.997931 0
-0.999778 -0.0151356 0.0146543 132.02 0.0160266 -0.997902 0.0627235 80.4506 0.0136742 0.0629445 0.997923 0
-0.999496 -0.0240544 0.0207115 131.904 0.0252892 -0.997781 0.0615825 78.6374 0.0191842 0.0620752 0.997887 0
-0.999479 -0.0319131 0.00488461 131.767 0.0321535 -0.997586 0.0615435 76.7916 0.00290878 0.0616685 0.998092 0
-0.999125 -0.0412178 0.00709513 131.576 0.0415374 -0.997723 0.053149 74.5482 0.00488828 0.0533972 0.998561 0
-0.99872 -0.0490904 0.0121795 131.401 0.0496811 -0.997294 0.0541883 72.6763 0.00948638 0.0547241 0.998456 0
-0.9981 -0.0597943 0.0148671 131.197 0.0604604 -0.996951 0.0493373 70.4016 0.0118717 0.0501424 0.998672 0
-0.997752 -0.0660682 0.0111891 131.008 0.0665635 -0.996427 0.0519928 68.4968 0.00771409 0.0526207 0.998585 0
-0.997913 -0.0645326 -0.00250307 130.743 0.0643121 -0.996543 0.052594 66.566 -0.00588844 0.0523232 0.998613 0
-0.998814 -0.0484432 -0.00488073 130.526 0.0480962 -0.997282 0.0558129 64.642 -0.00757122 0.0555119 0.998429 0
-0.999694 -0.0245879 -0.00254288 130.386 0.0244171 -0.998275 0.0533968 62.6704 -0.00385141 0.0533184 0.99857 0
-0.999962 -0.0024053 -0.00835591 130.259 0.001937 -0.998451 0.0556062 60.6593 -0.00847671 0.0555879 0.998418 0
-0.999921 0.0112876 -0.00542796 130.219 -0.0115781 -0.998315 0.0568517 58.6797 -0.0047771 0.0569101 0.998368 0
-0.999868 0.0157705 0.0040101 130.146 -0.0155035 -0.9981 0.0596271 56.6804 0.00494283 0.059557 0.998213 0
-0.999901 0.0135961 -0.0036284 130.121 -0.0137833 -0.99823 0.0578493 54.5568 -0.00283545 0.0578936 0.998319 0
-0.999906 0.0127728 0.00499643 130.044 -0.0124457 -0.998074 0.0607799 52.4826 0.00576314 0.060712 0.998139 0
-0.999835 0.0116996 0.0138747 130.008 -0.0108293 -0.998065 0.0612235 50.3694 0.0145642 0.0610632 0.998028 0
-0.999742 0.00873606 0.0209516 129.95 -0.00758671 -0.998495 0.0543228 48.3045 0.0213946 0.0541498 0.998304 0
-0.999986 0.00468508 0.00255855 129.9 -0.00454562 -0.998635 0.0520325 46.1607 0.00279884 0.0520202 0.998642 0
-0.999984 0.00195091 0.00540054 129.828 -0.00164746 -0.99845 0.0556335 43.9819 0.00550071 0.0556237 0.998437 0
-0.999981 -0.00474931 0.00395741 129.727 0.00496886 -0.998336 0.057451 41.7991 0.00367797 0.0574696 0.99834 0
-0.999948 -0.00664954 0.00774248 129.625 0.0070927 -0.998251 0.0586921 39.6393 0.00733866 0.058744 0.998246 0
-0.999926 -0.0111473 0.00481595 129.473 0.0113995 -0.998367 0.0559795 37.4239 0.00418407 0.0560303 0.99842 0
-0.99989 -0.0135402 0.00608551 129.342 0.0138337 -0.998598 0.051096 35.1965 0.00538513 0.0511746 0.998675 0
-0.999849 -0.0158659 0.00707993 129.234 0.0162286 -0.998381 0.0545193 32.959 0.00620347 0.054626 0.998488 0
-0.999846 -0.0147586 0.0095203 129.109 0.0152745 -0.998279 0.0566172 30.6443 0.00866833 0.0567539 0.998351 0
-0.999819 -0.0148176 0.0119039 129.002 0.0154624 -0.998309 0.0560364 28.4267 0.0110534 0.0562104 0.998358 0
-0.999812 -0.0169258 0.00942446 128.855 0.0174042 -0.998431 0.053227 26.0576 0.00850876 0.053381 0.998538 0
-0.999652 -0.0187027 0.0186041 128.716 0.0196874 -0.998334 0.0542346 23.6651 0.0175587 0.054582 0.998355 0
-0.999543 -0.0222525 0.0204753 128.621 0.0233788 -0.998128 0.0565175 21.8383 0.0191793 0.0569703 0.998192 0
-0.999431 -0.0299396 0.0155544 128.482 0.0307606 -0.997983 0.0555385 19.9673 0.0138602 0.0559854 0.998335 0
-0.999139 -0.040022 0.0108785 128.349 0.0405931 -0.997452 0.0586585 18.0803 0.00850315 0.0590497 0.998219 0
-0.998507 -0.0546 -0.00149432 128.123 0.0544382 -0.997036 0.0543668 16.2169 -0.00445832 0.0542043 0.99852 0
-0.997605 -0.0672278 -0.016271 127.944 0.0663713 -0.996618 0.0484414 14.3034 -0.0194726 0.0472455 0.998693 0
-0.99675 -0.0790485 -0.0154948 127.691 0.0781263 -0.995529 0.053093 12.357 -0.0196225 0.0517099 0.998469 0
-0.995489 -0.0927605 -0.0199275 127.416 0.0915144 -0.994211 0.0562996 10.3916 -0.0250345 0.054222 0.998215 0
-0.99394 -0.103596 -0.0367484 127.088 0.101194 -0.992925 0.0621179 8.43916 -0.0429236 0.0580228 0.997392 0
-0.993489 -0.107859 -0.0367034 126.795 0.105625 -0.992704 0.0581532 6.47414 -0.0427079 0.0538977 0.997633 0
-0.99296 -0.112426 -0.0372876 126.484 0.110277 -0.992356 0.0553989 4.52071 -0.0432308 0.0508969 0.997768 0
-0.992907 -0.11329 -0.036081 126.171 0.110977 -0.991968 0.0606997 2.62671 -0.0426679 0.0562649 0.997504 0
-0.993814 -0.105537 -0.0345878 125.867 0.103364 -0.992861 0.0595284 0.732083 -0.0406233 0.055585 0.997627 0
-0.994857 -0.0939107 -0.0379528 125.606 0.0915113 -0.993955 0.0606633 -1.18356 -0.0434203 0.0568783 0.997436 0
-0.996131 -0.0819086 -0.0318356 125.369 0.0798122 -0.99486 0.0623258 -3.05873 -0.0367769 0.0595438 0.997548 0
-0.996937 -0.0687655 -0.0372642 125.139 0.066462 -0.995991 0.0598806 -4.90353 -0.0412325 0.0572205 0.99751 0
-0.998046 -0.0548947 -0.0298545 124.965 0.0529807 -0.996699 0.0615118 -6.71378 -0.0331327 0.0598099 0.99766 0
-0.998205 -0.0478647 -0.0359876 124.823 0.0461899 -0.997872 0.0460122 -8.56281 -0.0381134 0.0442674 0.998292 0
-0.998375 -0.0434901 -0.0368311 124.589 0.0413202 -0.997475 0.0577548 -10.9128 -0.0392498 0.056139 0.997651 0
-0.99806 -0.0461888 -0.0417542 124.413 0.0439209 -0.997591 0.053692 -12.9479 -0.0441336 0.0517539 0.997684 0
-0.997666 -0.0526395 -0.0434792 124.236 0.0502497 -0.997257 0.0543404 -15.0748 -0.0462204 0.0520288 0.997575 0
-0.996064 -0.0852522 -0.0242597 124.042 0.0833092 -0.993905 0.0721928 -17.1338 -0.0302665 0.0698876 0.997096 0
-0.982176 -0.18788 -0.00566352 123.834 0.187103 -0.98011 0.0661612 -18.9898 -0.0179812 0.0639223 0.997793 0
-0.887124 -0.461521 -0.00323882 123.049 0.460186 -0.885051 0.0700993 -20.3183 -0.0352188 0.0606963 0.997535 0
-0.66098 -0.750403 -0.00108448 121.818 0.748454 -0.659366 0.0710768 -21.2687 -0.0540513 0.0461687 0.99747 0
-0.383668 -0.923471 0.000478175 120.293 0.920913 -0.382567 0.0745783 -21.7678 -0.0686879 0.0290537 0.997215 0
-0.124289 -0.992246 0.000696095 118.451 0.990296 -0.124001 0.0627469 -21.9073 -0.062174 0.00848809 0.998029 0
-0.00427604 -0.999956 -0.00838285 116.449 0.99767 -0.0048368 0.0680584 -21.837 -0.068096 -0.00807229 0.997646 0
0.0158259 -0.99986 -0.00535763 114.39 0.997932 0.0154611 0.0623934 -21.6872 -0.0623018 -0.00633398 0.998037 0
0.0288391 -0.999443 -0.0167755 112.085 0.997814 0.0277857 0.0599633 -21.5492 -0.0594638 -0.0184681 0.99806 0
0.0320167 -0.999318 -0.0183733 110.124 0.996684 0.0305457 0.0754167 -21.3613 -0.074804 -0.020727 0.996983 0
0.0303769 -0.999449 -0.013417 107.942 0.997802 0.0295306 0.0593145 -21.22 -0.0588856 -0.0151893 0.998149 0
0.0294129 -0.999384 -0.0191478 105.672 0.997941 0.0282674 0.0575702 -21.0736 -0.0569934 -0.0208017 0.998158 0
0.0268499 -0.999473 -0.0182434 103.824 0.997988 0.0257524 0.0579409 -20.9367 -0.0574406 -0.0197624 0.998153 0
0.0217582 -0.999587 -0.0187721 101.359 0.997718 0.0205094 0.0643321 -20.7708 -0.0639206 -0.020129 0.997752 0
0.0182782 -0.999532 -0.0245331 99.4081 0.997642 0.0166093 0.0665881 -20.6224 -0.0661494 -0.0256924 0.997479 0
0.016532 -0.999629 -0.0216342 97.3833 0.997096 0.0148738 0.0746842 -20.5213 -0.0743347 -0.0228061 0.996973 0
0.0178217 -0.999628 -0.0206662 95.3009 0.996719 0.0161299 0.0793217 -20.4177 -0.0789588 -0.0220121 0.996635 0
0.0175764 -0.999719 -0.0159053 93.2112 0.996876 0.0162968 0.0772865 -20.2989 -0.0770055 -0.0172141 0.996882 0
0.0178884 -0.999536 -0.0246356 91.0514 0.996943 0.0159569 0.0764819 -20.1718 -0.0760534 -0.0259284 0.996767 0
0.017385 -0.999306 -0.0329412 88.9437 0.99745 0.0150533 0.069755 -20.0635 -0.0692107 -0.0340699 0.99702 0
0.0169469 -0.999642 -0.0207168 86.6453 0.997569 0.0155038 0.0679345 -19.9268 -0.0675889 -0.0218177 0.997475 0
0.0162014 -0.999683 -0.0192861 84.4127 0.997614 0.0148672 0.0674201 -19.7947 -0.0671119 -0.0203323 0.997538 0
0.0175498 -0.999541 -0.0247054 82.1028 0.997851 0.0159494 0.0635487 -19.6338 -0.0631254 -0.0257676 0.997673 0
0.0177177 -0.999628 -0.0207311 79.7688 0.998057 0.0164435 0.060099 -19.4988 -0.0597357 -0.0217556 0.997977 0
0.0166976 -0.999555 -0.0247216 77.4524 0.997135 0.0148227 0.0741721 -19.35 -0.0737726 -0.0258893 0.996939 0
0.0155635 -0.999784 -0.0137662 75.0559 0.995955 0.0142824 0.0887154 -19.2529 -0.0884996 -0.0150913 0.995962 0
0.0175086 -0.999428 -0.0289289 72.7013 0.996292 0.0150013 0.0847244 -19.1313 -0.084242 -0.0303051 0.995984 0
0.0170112 -0.999598 -0.0226782 70.2505 0.996754 0.015169 0.079064 -19.01 -0.0786882 -0.0239496 0.996612 0
0.018598 -0.999322 -0.0317581 67.7613 0.997214 0.0162453 0.0727958 -18.85 -0.0722306 -0.0330235 0.996841 0
0.019 -0.99944 -0.0275366 65.3135 0.997908 0.0172541 0.0623109 -18.7054 -0.0618009 -0.0286629 0.997677 0
0.0178201 -0.999491 -0.026446 62.7234 0.997857 0.0161132 0.063411 -18.5337 -0.0629526 -0.0275194 0.997637 0
0.0167205 -0.999676 -0.0191743 60.1658 0.997645 0.0154045 0.0668397 -18.3665 -0.0665226 -0.0202467 0.997579 0
0.0165192 -0.999668 -0.0197878 57.5616 0.998307 0.0153864 0.0560908 -18.234 -0.0557677 -0.0206809 0.99823 0
0.0151623 -0.999313 -0.0338067 54.8793 0.99827 0.0132082 0.0572942 -18.0891 -0.0568083 -0.0346169 0.997785 0
0.0143841 -0.999418 -0.0309329 52.2632 0.997625 0.0122604 0.06778 -17.96 -0.0673613 -0.0318344 0.997221 0
0.0139954 -0.999303 -0.0346178 50.4313 0.998091 0.0118788 0.0606096 -17.8 -0.0601561 -0.0354 0.997561 0
0.0134344 -0.999405 -0.031766 47.8004 0.998112 0.0114993 0.0603349 -17.681 -0.0599337 -0.0325166 0.997673 0
0.014046 -0.999344 -0.0333687 45.1088 0.998412 0.0121967 0.0549911 -17.5672 -0.0545481 -0.0340882 0.997929 0
0.0141656 -0.99946 -0.0296434 43.2359 0.998535 0.0125915 0.0526303 -17.4294 -0.0522286 -0.0303455 0.998174 0
0.0157248 -0.999428 -0.0299267 40.5767 0.998792 0.0143071 0.0470093 -17.3017 -0.0465543 -0.0306298 0.998446 0
0.0178984 -0.999172 -0.0365256 37.8552 0.998716 0.0161349 0.0480188 -17.1678 -0.0473897 -0.0373382 0.998178 0
0.0204422 -0.999384 -0.0285426 35.2071 0.998637 0.0190388 0.0486028 -16.9852 -0.0480295 -0.0294972 0.99841 0
0.0235596 -0.999355 -0.0271148 33.4121 0.998376 0.0221121 0.0525024 -16.8411 -0.051869 -0.0283077 0.998253 0
0.0279956 -0.999385 -0.0211272 30.8851 0.998155 0.0268093 0.0544868 -16.6399 -0.0538869 -0.0226136 0.998291 0
0.030911 -0.999284 -0.0218152 28.3197 0.997941 0.0296275 0.0568907 -16.4866 -0.0562036 -0.0235288 0.998142 0
0.0333624 -0.998977 -0.0305344 25.8363 0.997499 0.0313773 0.0633303 -16.3317 -0.0623074 -0.0325709 0.997525 0
0.0361581 -0.998896 -0.0299971 23.4466 0.997796 0.0344148 0.0567271 -16.0894 -0.0556321 -0.0319821 0.997939 0
0.0362566 -0.99894 -0.0283584 21.0865 0.997636 0.0345227 0.0594107 -15.9445 -0.0583687 -0.0304454 0.997831 0
0.037476 -0.998866 -0.0293496 18.7489 0.997956 0.035888 0.0528811 -15.7611 -0.0517679 -0.0312713 0.998169 0
0.0338536 -0.999054 -0.0273095 16.4881 0.997929 0.0322946 0.0556366 -15.5764 -0.054702 -0.0291365 0.998078 0
0.0306877 -0.998971 -0.0333914 14.3276 0.998168 0.028886 0.0531611 -15.4209 -0.0521419 -0.0349616 0.998028 0
0.0275635 -0.999132 -0.0312258 12.2745 0.998074 0.0257707 0.0564278 -15.2746 -0.0555741 -0.032721 0.997918 0
0.025865 -0.999176 -0.0312686 10.3608 0.998425 0.0242628 0.0505763 -15.1698 -0.0497759 -0.0325276 0.998231 0
0.0251538 -0.999059 -0.0353314 7.97757 0.998685 0.0235339 0.0455373 -14.9871 -0.0446629 -0.0364304 0.998338 0
0.0354024 -0.99867 -0.0374863 5.75406 0.998619 0.0338943 0.0401299 -14.79 -0.0388059 -0.0388552 0.998491 0
0.0772651 -0.996402 -0.0348182 3.9043 0.996245 0.0757907 0.0418462 -14.5252 -0.0390568 -0.0379207 0.998517 0
0.182147 -0.982534 -0.0380716 2.06379 0.982899 0.180877 0.0345348 -14.1267 -0.0270454 -0.043711 0.998678 0
0.326437 -0.944633 -0.0332606 0.575547 0.945064 0.325545 0.0295794 -13.5474 -0.0171139 -0.0410892 0.999009 0
0.497258 -0.866943 -0.0338177 -0.788336 0.867588 0.496646 0.0251911 -12.7316 -0.00504382 -0.0418663 0.999111 0
0.662974 -0.746716 -0.0536798 -1.86258 0.748407 0.66286 0.0224651 -11.714 0.0188071 -0.0550681 0.998305 0
0.811687 -0.5824 -0.0444339 -2.66834 0.583684 0.811615 0.0243767 -10.5081 0.0218662 -0.0457216 0.998715 0
0.938453 -0.343581 -0.0354765 -3.22064 0.344344 0.938669 0.0180897 -8.94721 0.0270855 -0.0291925 0.999207 0
0.999186 -0.0196479 -0.0352302 -3.31273 0.0197878 0.999798 0.00362638 -6.99446 0.0351518 -0.00432056 0.999373 0
0.982982 0.181193 -0.0302673 -2.97988 -0.181703 0.983238 -0.015048 -5.04463 0.0270333 0.0202916 0.999429 0
0.977913 0.207392 -0.0259649 -2.55438 -0.207734 0.978121 -0.0112363 -3.29611 0.0230665 0.0163819 0.9996 0
0.98581 0.166036 -0.0246984 -2.19037 -0.166444 0.98593 -0.0154728 -1.64575 0.0217818 0.0193641 0.999575 0
0.996196 0.086087 -0.0135231 -1.94192 -0.0863144 0.996119 -0.0172392 0.252222 0.0119865 0.0183409 0.99976 0
0.999996 0.00196639 -0.00210967 -1.77413 -0.00200375 0.999839 -0.0178572 2.33217 0.00207421 0.0178613 0.999838 0
0.997296 -0.069907 0.0226583 -1.7809 0.0702027 0.997454 -0.0125272 4.64684 -0.0217249 0.0140841 0.999665 0
0.993547 -0.1112 0.0223189 -1.89538 0.111659 0.993535 -0.0205156 7.00401 -0.0198933 0.0228754 0.99954 0
0.993012 -0.117569 0.0101869 -2.02791 0.117639 0.993035 -0.00649589 9.01187 -0.00935222 0.00764888 0.999927 0
0.992585 -0.119871 0.0201628 -2.21053 0.119944 0.992778 -0.00244422 11.0719 -0.0197242 0.0048445 0.999794 0
0.993872 -0.107728 0.0247653 -2.35521 0.10777 0.994176 -0.00037715 13.1252 -0.0245804 0.0030438 0.999693 0
0.996918 -0.0763953 0.0178435 -2.42726 0.0764211 0.997075 -0.0007657 15.2207 -0.0177328 0.00212696 0.99984 0
0.998878 -0.0436565 0.0183283 -2.45446 0.0436507 0.999047 0.00071481 17.3013 -0.018342 8.60342e-05 0.999832 0
0.999948 -0.0091676 0.00448717 -2.4335 0.00916302 0.999958 0.0010406 19.3982 -0.00449652 -0.000999429 0.999989 0
0.999706 0.0215025 0.0112454 -2.31929 -0.02153 0.999766 0.00232816 21.5431 -0.0111927 -0.00256959 0.999934 0
0.999094 0.040279 0.0137146 -2.15548 -0.0402491 0.999187 -0.00245092 23.7787 -0.0138021 0.0018967 0.999903 0
0.998707 0.0473564 0.0184843 -1.99565 -0.0472315 0.998859 -0.00713473 25.8672 -0.0188011 0.00625246 0.999804 0
0.998619 0.0494562 0.0177344 -1.79662 -0.0493185 0.99875 -0.00811524 28.088 -0.0181136 0.00722939 0.99981 0
0.998779 0.0467292 0.0160464 -1.57299 -0.0465406 0.998845 -0.0119293 30.3714 -0.0165853 0.0111679 0.9998 0
0.998861 0.0440796 0.0182583 -1.36683 -0.0438396 0.998949 -0.013345 32.5956 -0.0188273 0.0125293 0.999744 0
0.999264 0.0359999 0.0132362 -1.16861 -0.0358838 0.999316 -0.00890649 34.8956 -0.0135478 0.00842497 0.999873 0
0.999555 0.0297689 -0.00184241 -0.983617 -0.0297539 0.999527 0.00772411 37.2457 0.00207148 -0.00766585 0.999968 0
0.999719 0.0207716 0.0114405 -0.847147 -0.0207532 0.999783 -0.00172365 39.6368 -0.0114738 0.00148574 0.999933 0
0.999817 0.0144651 0.0124845 -0.716099 -0.0144635 0.999895 -0.000224189 42.0543 -0.0124865 4.35785e-05 0.999922 0
0.99989 0.00792076 0.0125478 -0.598284 -0.00788473 0.999965 -0.00291839 44.42 -0.0125705 0.00281914 0.999917 0
0.999997 0.00191445 0.00171258 -0.499349 -0.00190696 0.999989 -0.00436651 46.2851 -0.00172092 0.00436323 0.999989 0
0.999978 -0.00596611 0.00288013 -0.399192 0.00598285 0.999965 -0.00584262 48.75 -0.00284517 0.00585972 0.999979 0
0.99995 -0.00954569 -0.00313149 -0.304044 0.00952711 0.999937 -0.00589769 51.0891 0.00318759 0.00586756 0.999978 0
0.999895 -0.0114304 0.00893477 -0.246014 0.011373 0.999914 0.00645646 53.3765 -0.0090078 -0.00635417 0.999939 0
0.999915 -0.0128584 -0.00202504 -0.186513 0.012863 0.999915 0.00227943 55.6786 0.00199556 -0.00230528 0.999995 0
0.999896 -0.0141688 0.00275855 -0.173192 0.0141718 0.999899 -0.00106523 58.0319 -0.00274318 0.00110421 0.999996 0
0.999856 -0.0153904 0.00717371 -0.0839377 0.0154088 0.999878 -0.00250514 60.265 -0.00713428 0.00261532 0.999971 0
0.999859 -0.0145058 -0.00851307 -0.0140761 0.0144976 0.999894 -0.0010188 62.3766 0.00852695 0.000895235 0.999963 0
0.999818 -0.0140714 -0.0129125 0.0100735 0.0140166 0.999892 -0.00432506 64.5041 0.012972 0.00414328 0.999907 0
0.999755 -0.00766092 -0.0207778 0.0595813 0.00759986 0.999967 -0.00301608 66.475 0.0208002 0.00285744 0.99978 0
0.999746 0.0138377 -0.0178056 0.142633 -0.0138761 0.999902 -0.00202951 68.4519 0.0177757 0.00227607 0.999839 0
0.998986 0.0409805 -0.0186391 0.296947 -0.0410438 0.999153 -0.00302654 70.4138 0.0184993 0.00378849 0.999822 0
0.99815 0.0602694 -0.00798108 0.521266 -0.0603084 0.998169 -0.00473457 72.3619 0.00768112 0.00520714 0.999957 0
0.997376 0.0721616 -0.00587855 0.75913 -0.0721972 0.997372 -0.00608306 74.2948 0.00542413 0.00649151 0.999964 0
0.996935 0.0781565 -0.00360832 1.02959 -0.0781863 0.996898 -0.00902478 76.3361 0.00289178 0.00927924 0.999953 0
0.997008 0.0772684 -0.00219623 1.30633 -0.0772779 0.996999 -0.00463924 78.3545 0.00183117 0.00479508 0.999987 0
0.997118 0.0750597 0.0110289 1.54307 -0.075127 0.997157 0.00582719 80.4839 -0.0105602 -0.00663897 0.999922 0
0.99719 0.0731664 0.016058 1.78127 -0.0731269 0.997318 -0.00303159 82.5825 -0.0162367 0.0018488 0.999866 0
0.997111 0.0725942 0.0223622 2.07241 -0.0724279 0.99734 -0.00816121 84.74 -0.0228952 0.00651798 0.999717 0
0.99771 0.065075 0.0184319 2.34447 -0.0649439 0.99786 -0.00762853 87.0422 -0.0188889 0.00641402 0.999801 0
0.998328 0.0546103 0.018959 2.5491 -0.0544323 0.99847 -0.0097794 89.2792 -0.0194641 0.00873106 0.999772 0
0.998827 0.0448753 0.0182052 2.75132 -0.0447128 0.998957 -0.00923287 91.5495 -0.0186006 0.00840803 0.999792 0
0.999188 0.035368 0.0193115 2.93809 -0.0352226 0.999349 -0.00781956 93.9094 -0.0195755 0.00713301 0.999783 0
0.999504 0.0301245 0.009218 3.07689 -0.0301714 0.999532 0.00499336 95.6693 -0.00906327 -0.005269 0.999945 0
0.999762 0.0213568 0.00448026 3.24386 -0.0213889 0.999745 0.00725152 98.102 -0.00432425 -0.00734562 0.999964 0
0.999864 0.0147415 0.00735964 3.36638 -0.0147577 0.999889 0.00214442 100.492 -0.00732721 -0.00225274 0.999971 0
0.999734 0.0080267 0.0216133 3.4717 -0.00814337 0.999953 0.00531562 102.41 -0.0215696 -0.00549021 0.999752 0
0.999867 0.00438078 0.0157239 3.56226 -0.00444696 0.999981 0.00417648 104.921 -0.0157053 -0.00424584 0.999868 0
0.999958 0.00231343 0.00886587 3.65035 -0.00234829 0.99999 0.00392269 106.882 -0.0088567 -0.00394334 0.999953 0
0.999911 0.00180983 0.0132072 3.73851 -0.00188808 0.999981 0.00591477 108.888 -0.0131962 -0.00593918 0.999895 0
0.999913 0.00334584 0.0127733 3.82392 -0.0033777 0.999991 0.0024733 110.791 -0.0127649 -0.00251623 0.999915 0
0.999884 0.00731293 0.0133305 3.92001 -0.007338 0.999971 0.00183271 112.777 -0.0133167 -0.00193032 0.999909 0
0.99985 0.0112038 0.0132248 4.03667 -0.0111765 0.999935 -0.00213767 114.781 -0.0132479 0.00198954 0.99991 0
0.999827 0.0140592 0.0122136 4.16579 -0.0140172 0.999896 -0.00351605 116.784 -0.0122618 0.00334424 0.999919 0
0.999796 0.0135366 0.0149739 4.26497 -0.0137049 0.999843 0.0111936 118.857 -0.0148201 -0.0113965 0.999825 0
0.999797 0.013822 0.0146755 4.37358 -0.0139832 0.999842 0.0109403 120.889 -0.0145219 -0.0111432 0.999832 0
0.999682 0.0131016 0.0215644 4.4834 -0.0132301 0.999896 0.00582643 122.936 -0.0214858 -0.00610987 0.99975 0
0.999734 0.0129588 0.0190944 4.61555 -0.0130349 0.999908 0.00386396 124.958 -0.0190426 -0.00411183 0.99981 0
0.999738 0.0128461 0.0189631 4.72644 -0.0130872 0.999834 0.0126449 127.051 -0.0187975 -0.0128898 0.99974 0
0.999492 0.0161517 0.0274935 4.86301 -0.0163238 0.999848 0.00604627 129.086 -0.0273917 -0.00649199 0.999604 0
0.999594 0.0162234 0.0234048 4.99585 -0.0163382 0.999855 0.00472096 131.039 -0.0233248 -0.00510144 0.999715 0
0.999687 0.0179096 0.0174796 5.08457 -0.0180724 0.999794 0.00920133 133.076 -0.0173112 -0.00951435 0.999805 0
0.999645 0.0196283 0.0180191 5.18635 -0.0196898 0.999801 0.00324211 135.007 -0.0179519 -0.00359575 0.999832 0
0.999603 0.020578 0.0192534 5.35728 -0.0206743 0.999775 0.00481625 136.985 -0.01915 -0.00521239 0.999803 0
0.999666 0.0205076 0.0157532 5.44833 -0.0206331 0.999756 0.00784974 138.93 -0.0155884 -0.00817216 0.999845 0
0.999657 0.0225215 0.0133901 5.57122 -0.0226693 0.999683 0.0109898 140.854 -0.0131383 -0.0112896 0.99985 0
0.999674 0.0216427 0.0135231 5.64641 -0.0217386 0.999739 0.00698131 142.774 -0.0133685 -0.007273 0.999884 0
0.999683 0.0237462 0.00840383 5.81467 -0.0238098 0.999688 0.00755029 144.645 -0.00822192 -0.00774799 0.999936 0
0.999718 0.0235987 0.00269421 5.9789 -0.0236208 0.999685 0.00848319 147.148 -0.00249317 -0.00854444 0.99996 0
0.999593 0.0283508 0.00330582 6.1365 -0.0284168 0.999354 0.022001 149.463 -0.00267994 -0.0220859 0.999752 0
0.999014 0.0439507 0.00633966 6.28418 -0.0440345 0.998935 0.01375 151.543 -0.00572859 -0.0140156 0.999885 0
0.996499 0.0835287 -0.00345787 6.46636 -0.0834555 0.996355 0.017633 153.604 0.00491813 -0.0172827 0.999839 0
0.986136 0.165855 0.00522888 6.75541 -0.165932 0.985872 0.0228538 155.563 -0.00136458 -0.0234046 0.999725 0
0.957966 0.286181 -0.0200563 7.21134 -0.286156 0.958174 0.00412806 157.363 0.0203988 0.00178469 0.99979 0
0.896426 0.442707 -0.0207332 8.00814 -0.442673 0.89666 0.00644937 158.994 0.0214458 0.00339665 0.999764 0
0.791779 0.609618 -0.0381079 8.98636 -0.60984 0.792495 0.00684727 160.301 0.0343745 0.0178182 0.99925 0
0.649907 0.757696 -0.0593115 10.1042 -0.75836 0.651661 0.0151392 161.265 0.0501219 0.0351404 0.998125 0
0.431282 0.900158 -0.0609184 11.6961 -0.900796 0.433408 0.0268996 161.93 0.0506164 0.0432738 0.99778 0
