0.477284 -0.878556 0.0184031 0.681433 0.878745 0.477243 -0.00686302 0.552625 -0.00275319 0.0194472 0.999807 0
0.471855 -0.881315 0.0252417 1.06509 0.881676 0.471683 -0.0127676 1.53804 -0.000653803 0.0282795 0.9996 0
0.47013 -0.882453 0.0159606 1.4803 0.882592 0.470113 -0.00504658 2.32703 -0.00304989 0.0164592 0.99986 0
0.469075 -0.88302 0.0156491 1.89457 0.88315 0.469073 -0.00403495 3.12026 -0.00377765 0.0157132 0.999869 0
0.484538 -0.874752 -0.0056249 2.31813 0.874681 0.48457 -0.0111371 3.91726 0.0124679 0.000476351 0.999922 0
0.482235 -0.876036 -0.00326126 2.74012 0.875983 0.482243 -0.0097739 4.72521 0.010135 0.00185651 0.999947 0
0.479487 -0.877533 -0.00538563 3.15286 0.877476 0.479517 -0.0100083 5.5438 0.0113651 7.30849e-05 0.999935 0
0.476015 -0.879437 -0.000988224 3.58446 0.879386 0.475999 -0.0102419 6.35842 0.00947749 0.00400626 0.999947 0
0.472742 -0.881192 0.00382267 4.01532 0.881177 0.472693 -0.00939117 7.17771 0.00646848 0.00780806 0.999949 0
0.469999 -0.88263 0.00800518 4.44452 0.882666 0.469967 -0.00569586 8.00292 0.00126517 0.00974295 0.999952 0
0.552564 -0.821242 -0.142244 4.81392 0.825813 0.562537 -0.0398207 8.81893 0.11272 -0.0954635 0.98903 0
0.537137 -0.836841 -0.105738 5.31262 0.839442 0.542613 -0.0301244 9.67102 0.0825843 -0.0725802 0.993938 0
0.520369 -0.851173 -0.0687046 5.79118 0.852259 0.522709 -0.0207674 10.5204 0.0535892 -0.0477474 0.997421 0
0.592668 -0.774654 -0.220581 6.17484 0.78698 0.615248 -0.0461795 11.3533 0.171485 -0.146224 0.974275 0
0.620602 -0.724752 -0.299313 6.63216 0.747125 0.662416 -0.0548575 12.2097 0.238028 -0.18958 0.952577 0
0.593543 -0.772463 -0.22585 7.16696 0.784647 0.617836 -0.0510708 13.0757 0.178989 -0.1469 0.972822 0
0.55212 -0.82357 -0.129985 7.65667 0.827155 0.560637 -0.0387294 13.9379 0.104771 -0.0861347 0.990759 0
0.602149 -0.759437 -0.246317 8.06577 0.773642 0.631235 -0.0549526 14.7917 0.197217 -0.157472 0.96763 0
0.5582 -0.818399 -0.136513 8.54775 0.822615 0.567352 -0.0376264 15.6598 0.108244 -0.0912946 0.989923 0
0.482633 -0.875811 0.00446612 8.99198 0.87581 0.482592 -0.00791884 16.5221 0.0047801 0.00773336 0.999959 0
0.388498 -0.910788 0.139769 9.4102 0.917553 0.396313 0.0321184 17.3804 -0.0846451 0.115767 0.989663 0
0.280786 -0.923291 0.262092 9.81172 0.946473 0.311671 0.0839629 18.24 -0.159209 0.224488 0.961383 0
0.163972 -0.91406 0.370956 10.2126 0.961723 0.231819 0.146112 19.1055 -0.21955 0.332799 0.917084 0
0.448489 -0.892381 0.0501394 10.7703 0.893594 0.448855 -0.00435843 20.0486 -0.0186159 0.0467589 0.998733 0
0.270564 -0.926757 0.260608 11.1914 0.949095 0.302134 0.0890753 20.9161 -0.16129 0.223241 0.961327 0
0.461881 -0.886205 0.0361379 11.6734 0.8868 0.462153 -0.00092492 21.835 -0.0158815 0.0324743 0.999346 0
0.46089 -0.886955 0.0298406 12.138 0.887367 0.461063 -0.00122054 22.7328 -0.0126758 0.0270421 0.999554 0
0.460363 -0.887161 0.0317976 12.598 0.887607 0.460602 0.000216057 23.6277 -0.0148377 0.0281243 0.999494 0
0.460086 -0.887281 0.0324648 13.0525 0.887705 0.460404 0.00269057 24.5293 -0.0173342 0.0275813 0.999469 0
0.608887 -0.792804 0.026798 13.5058 0.793096 0.609097 -0.000422009 25.4202 -0.015988 0.0215103 0.999641 0
0.568266 -0.822358 0.0282902 13.961 0.822662 0.568529 0.0015484 26.3076 -0.0173571 0.0223933 0.999599 0
0.492449 -0.869879 0.0283555 14.4199 0.870216 0.49267 0.000900675 27.2011 -0.0147533 0.0242318 0.999597 0
0.513129 -0.85792 0.0259357 14.8773 0.858211 0.513297 -0.000184299 28.093 -0.0131546 0.0223529 0.999664 0
0.523946 -0.851304 0.0276113 15.3251 0.851639 0.524129 -0.000746254 28.9867 -0.0138366 0.0239058 0.999618 0
0.533021 -0.845612 0.0287883 15.7841 0.845976 0.53322 -0.000859864 29.8694 -0.0146234 0.0248125 0.999585 0
0.444063 -0.89548 0.030392 16.2371 0.895882 0.444291 0.000842235 30.7511 -0.0142571 0.0268537 0.999538 0
0.454118 -0.890564 0.0259457 16.6854 0.890887 0.45422 -0.00213313 31.6308 -0.00988538 0.0240834 0.999661 0
0.360893 -0.932266 0.025216 17.1321 0.932578 0.360964 -0.00181497 32.5077 -0.00741003 0.0241709 0.99968 0
0.371237 -0.928202 0.0249604 17.5785 0.928505 0.371318 -0.00150059 33.3826 -0.00787541 0.0237329 0.999687 0
0.456528 -0.88936 0.0249419 18.0288 0.889629 0.456683 0.000613771 34.263 -0.0119364 0.0219088 0.999689 0
0.456232 -0.889439 0.027402 18.4738 0.88975 0.456445 0.00175684 35.1307 -0.0140701 0.0235794 0.999623 0
0.456119 -0.889422 0.0297381 18.9142 0.88981 0.456331 0.000364361 36.0004 -0.0138945 0.0262951 0.999558 0
0.45582 -0.88949 0.0321897 19.3533 0.889984 0.455985 -0.00244653 36.8655 -0.0125019 0.0297635 0.999479 0
0.444575 -0.895511 -0.0203299 19.7899 0.894985 0.445018 -0.0310047 37.7255 0.0368122 -0.00441106 0.999312 0
0.446676 -0.894693 -0.00230359 20.2367 0.894452 0.446613 -0.0222083 38.5894 0.0208984 0.00785948 0.999751 0
0.442722 -0.896612 -0.00919001 20.673 0.896181 0.442797 -0.0281199 39.463 0.0292819 0.00421337 0.999562 0
0.444226 -0.89591 0.00288763 21.1095 0.895769 0.444094 -0.0194366 40.3198 0.0161311 0.0112209 0.999807 0
0.446944 -0.894289 0.0220872 21.5249 0.894558 0.446882 -0.00791947 41.1592 -0.00278809 0.0232978 0.999725 0
0.449684 -0.892654 0.0308804 21.933 0.893152 0.449707 -0.00660126 41.9895 -0.00799449 0.0305494 0.999501 0
0.451916 -0.890793 0.0475296 22.3336 0.891834 0.45236 -0.00158699 42.811 -0.0200868 0.0431057 0.998869 0
0.453721 -0.888956 0.0624107 22.7281 0.890441 0.45503 0.00785378 43.6253 -0.0353804 0.0520096 0.99802 0
0.457268 -0.885725 0.079977 23.1481 0.88735 0.460398 0.0253787 44.4906 -0.0592998 0.0593627 0.996474 0
0.462066 -0.872369 0.159586 23.5501 0.875889 0.477107 0.0720268 45.2946 -0.138974 0.106499 0.984553 0
0.463454 -0.866114 0.187237 23.8907 0.870232 0.484702 0.0880925 46.0347 -0.167052 0.122113 0.978357 0
0.464483 -0.8593 0.214148 24.2489 0.864285 0.492573 0.101901 46.78 -0.193047 0.137754 0.971471 0
0.455424 -0.883715 0.107871 24.6262 0.885471 0.462199 0.0480878 47.5311 -0.0923537 0.0736161 0.993001 0
0.439983 -0.897996 0.00422414 25.0132 0.897974 0.439923 -0.0105168 48.2834 0.00758577 0.0084204 0.999936 0
0.44601 -0.8935 0.0522714 25.3758 0.8944 0.447124 0.0113694 49.0558 -0.0335304 0.0416807 0.998568 0
0.418268 -0.906268 -0.0610674 25.7396 0.90548 0.421331 -0.0508576 49.7739 0.0718202 -0.0340232 0.996837 0
0.436702 -0.899246 0.0254465 26.0747 0.899511 0.436893 0.00219255 50.4881 -0.0130891 0.0219319 0.999674 0
0.435652 -0.899691 0.0276241 26.406 0.899939 0.435969 0.00643044 51.1831 -0.0178286 0.0220585 0.999598 0
0.434693 -0.900202 0.0260517 26.729 0.900387 0.435015 0.00804915 51.8646 -0.0185788 0.0199577 0.999628 0
0.434229 -0.900548 0.021403 27.0429 0.900699 0.434416 0.00482138 52.531 -0.0136397 0.0171841 0.999759 0
0.433738 -0.900847 0.0186182 27.351 0.901012 0.433792 -0.00126871 53.1811 -0.00693352 0.0173255 0.999826 0
0.433416 -0.901049 0.0161308 27.6509 0.90119 0.433399 -0.00474002 53.8161 -0.00272009 0.0165913 0.999859 0
0.433522 -0.901016 0.0151159 27.9413 0.901137 0.433518 -0.00369922 54.4356 -0.00321996 0.0152252 0.999879 0
0.433149 -0.901198 0.0149654 28.2237 0.901295 0.433206 0.000639522 55.0374 -0.00705945 0.0132113 0.999888 0
0.432659 -0.901424 0.0155025 28.4996 0.901529 0.432719 0.000522154 55.6212 -0.00717891 0.01375 0.99988 0
0.432772 -0.901318 0.0182849 28.7703 0.901496 0.432759 -0.00485695 56.1882 -0.00353533 0.0185858 0.999821 0
0.442879 -0.895982 0.032781 29.0374 0.896326 0.441585 -0.0400216 56.7474 0.021383 0.0471072 0.998661 0
0.427937 -0.903534 0.0222658 29.2999 0.903804 0.427729 -0.0136418 57.2839 0.00280209 0.0259618 0.999659 0
0.432227 -0.901611 0.0166499 29.5478 0.901757 0.432073 -0.0121318 57.8162 0.00374417 0.0202578 0.999788 0
0.493494 -0.867163 0.067028 29.785 0.869337 0.48942 -0.0687153 58.3422 0.0267825 0.0921805 0.995382 0
0.428028 -0.894849 0.126639 30.0202 0.903361 0.419422 -0.0895831 58.8362 0.0270481 0.152745 0.987895 0
0.440278 -0.89633 0.0524204 30.2683 0.89786 0.439429 -0.0273695 59.3192 0.00149704 0.0591164 0.99825 0
0.432205 -0.897017 0.0925102 30.5175 0.901772 0.429645 -0.0470369 59.7579 0.00244637 0.103753 0.9946 0
0.528357 -0.8486 -0.0267739 30.7652 0.848831 0.527307 0.037865 60.2244 -0.0180142 -0.0427328 0.998924 0
0.527875 -0.84894 -0.0254761 31.0139 0.849045 0.526699 0.0413661 60.616 -0.0216991 -0.0434665 0.998819 0
0.504581 -0.863299 -0.0106656 31.2588 0.863329 0.504409 0.0153374 61.0503 -0.00786091 -0.0169469 0.999825 0
0.480223 -0.877144 -0.00219785 31.5134 0.877039 0.480124 0.0168753 61.3884 -0.0137468 -0.0100315 0.999855 0
0.612478 -0.790482 0.00303813 31.771 0.790326 0.612426 0.0178657 61.7155 -0.0159831 -0.00854123 0.999836 0
0.573177 -0.819143 0.0217209 32.0326 0.819033 0.573524 0.0159715 62.0347 -0.0255404 0.00863565 0.999636 0
0.609872 -0.792124 0.0244034 32.3026 0.792084 0.61026 0.0136144 62.3459 -0.0256767 0.0110266 0.999609 0
0.626222 -0.779127 0.0284094 32.5826 0.779102 0.62673 0.0144802 62.6481 -0.0290869 0.013066 0.999492 0
0.664489 -0.746668 0.0306731 32.8745 0.746714 0.665032 0.0122381 62.939 -0.0295364 0.014772 0.999455 0
0.704313 -0.709182 0.031685 33.1787 0.709276 0.704858 0.0101025 63.2156 -0.029498 0.0153581 0.999447 0
0.744972 -0.666359 0.0313558 33.4946 0.666497 0.745471 0.00733544 63.4762 -0.0282629 0.0154339 0.999481 0
0.785709 -0.617806 0.0312678 33.8234 0.618011 0.786161 0.00377114 63.7183 -0.0269113 0.0163608 0.999504 0
0.825116 -0.564083 0.031533 34.1653 0.56436 0.825529 0.000151028 63.9397 -0.0261166 0.0176714 0.999503 0
0.862166 -0.505634 0.031677 34.5193 0.505991 0.86253 -0.00389923 64.1386 -0.0253507 0.01939 0.999491 0
0.905177 -0.42252 0.0461694 34.9357 0.423074 0.906092 -0.00247169 64.3533 -0.0407894 0.0217704 0.998931 0
0.929062 -0.369711 0.0125743 35.2585 0.369851 0.929019 -0.0115533 64.3962 -0.0074104 0.0153844 0.999854 0
0.9442 -0.328185 0.0279509 35.6355 0.328409 0.944528 -0.00369424 64.5286 -0.025188 0.0126674 0.999602 0
0.956686 -0.289278 0.0327034 36.0166 0.289431 0.957199 5.07098e-05 64.6435 -0.0313183 0.00941686 0.999465 0
0.970906 -0.237133 0.0333023 36.3874 0.237208 0.971457 0.00173593 64.7229 -0.0327634 0.00621416 0.999444 0
0.982116 -0.18536 0.0330272 36.763 0.185432 0.982657 0.000903529 64.7773 -0.0326219 0.00523691 0.999454 0
0.983744 -0.17653 0.0329508 37.1835 0.176638 0.984276 -0.00039557 64.8419 -0.0323628 0.00620951 0.999457 0
0.988025 -0.151469 0.0293757 37.5587 0.151565 0.988447 -0.00105201 64.8437 -0.028877 0.00549174 0.999568 0
0.999586 -9.69678e-05 0.0287564 37.9289 4.98147e-05 0.999999 0.00164046 64.8315 -0.0287565 -0.00163835 0.999585 0
0.988457 0.148862 0.0281511 38.2995 -0.149055 0.988817 0.00487122 64.802 -0.0271112 -0.00901106 0.999592 0
0.981543 0.189328 0.0269834 38.6674 -0.189502 0.981872 0.00404416 64.7492 -0.0257286 -0.00908294 0.999628 0
0.985612 0.16706 0.0256944 38.9857 -0.166809 0.985921 -0.0116422 64.5578 -0.0272776 0.00718864 0.999602 0
0.965301 0.260966 -0.00953946 39.352 -0.261111 0.965097 -0.0201965 64.499 0.00393589 0.0219866 0.99975 0
0.958775 0.284153 -0.00271108 39.7496 -0.284142 0.958523 -0.0222901 64.422 -0.00373516 0.0221415 0.999748 0
0.952462 0.304642 0.00295342 40.1455 -0.30457 0.952377 -0.0146476 64.3381 -0.00727504 0.0130517 0.999888 0
0.946563 0.322333 0.010969 40.5394 -0.322346 0.946622 -0.000610808 64.2406 -0.0105803 -0.00295763 0.99994 0
0.941335 0.337023 0.0174526 40.9299 -0.337144 0.941442 0.00447474 64.1216 -0.0149225 -0.0100963 0.999838 0
0.864003 0.498834 -0.0682851 41.311 -0.497102 0.866695 0.0415824 64.0408 0.0799251 -0.00198261 0.996799 0
0.875643 0.479957 -0.0537615 41.735 -0.479316 0.877284 0.0250847 63.8594 0.0592037 0.00380348 0.998239 0
0.88842 0.457291 -0.0399308 42.1489 -0.457118 0.889297 0.0139018 63.6702 0.0418675 0.00590249 0.999106 0
0.90074 0.434116 -0.0145138 42.5594 -0.433871 0.900809 0.0172837 63.4774 0.0205773 -0.00927098 0.999745 0
0.912729 0.408115 0.0191935 42.9692 -0.408485 0.912475 0.0230125 63.2773 -0.00812182 -0.0288445 0.999551 0
0.789913 0.607396 -0.0843035 43.3886 -0.603573 0.794394 0.068102 63.0589 0.108335 -0.00291133 0.99411 0
0.702564 0.700126 -0.127388 43.8193 -0.693163 0.713794 0.100117 62.8259 0.161023 0.0179627 0.986787 0
0.784846 0.614526 -0.0798432 44.2707 -0.613067 0.788773 0.0445624 62.588 0.0903629 0.0139746 0.995811 0
0.853839 0.519906 -0.0256224 44.7153 -0.520117 0.854093 -0.00188376 62.3446 0.0209046 0.0149351 0.99967 0
0.810635 0.58233 -0.0613367 45.1941 -0.581558 0.812891 0.031618 62.0784 0.0682721 0.0100402 0.997616 0
0.837951 0.544654 -0.034502 45.6733 -0.544506 0.838633 0.0143734 61.8288 0.036763 0.0067423 0.999301 0
0.892937 0.449762 0.0194198 46.156 -0.449437 0.893111 -0.0189401 61.5565 -0.0258626 0.00818434 0.999632 0
0.890905 0.453652 0.0220795 46.6659 -0.453393 0.891169 -0.015853 61.2761 -0.0268683 0.00411281 0.999631 0
0.889046 0.457127 0.0251426 47.1913 -0.456925 0.889401 -0.0136086 60.9841 -0.0285827 0.000610383 0.999591 0
0.887922 0.45914 0.0280302 47.7316 -0.458977 0.888362 -0.0123879 60.6799 -0.0305887 -0.00186573 0.99953 0
0.887107 0.46076 0.0272263 48.2888 -0.46039 0.887514 -0.0189431 60.3665 -0.0328919 0.00426978 0.99945 0
0.88642 0.462087 0.0271115 48.8628 -0.461504 0.88678 -0.0251967 60.0442 -0.0356851 0.00982281 0.999315 0
0.863873 0.503442 0.0164326 49.4768 -0.502653 0.863714 -0.0365763 59.7014 -0.0326071 0.0233374 0.999196 0
0.867185 0.497582 0.0200739 50.0789 -0.496051 0.866663 -0.0531848 59.3624 -0.0438611 0.0361634 0.998383 0
0.867711 0.496386 -0.0260588 50.6803 -0.497031 0.867105 -0.0329996 59.0136 0.00621515 0.0415861 0.999116 0
0.869199 0.493677 -0.0278685 51.298 -0.494428 0.868421 -0.0372159 58.6566 0.00582896 0.046127 0.998919 0
0.87116 0.49099 -0.00299828 51.9316 -0.49098 0.871164 0.00343438 58.2917 0.00429824 -0.0015198 0.99999 0
0.874626 0.484788 -0.00329589 52.6343 -0.484765 0.874465 -0.017713 57.944 -0.00570491 0.01709 0.999838 0
0.876501 0.481395 -0.0021798 53.2941 -0.481343 0.876319 -0.019332 57.5711 -0.0073961 0.0179937 0.999811 0
0.878317 0.478079 6.19394e-05 53.9714 -0.47798 0.878138 -0.0202428 57.1961 -0.00973204 0.01775 0.999795 0
0.880195 0.474604 0.00276164 54.6646 -0.474461 0.880047 -0.0200989 56.8198 -0.0119694 0.0163806 0.999794 0
0.882039 0.471156 0.00433676 55.3705 -0.470993 0.881916 -0.0197567 56.4429 -0.0131332 0.0153836 0.999795 0
0.883794 0.467859 0.00411045 56.0867 -0.467722 0.883694 -0.0179295 56.0662 -0.0120208 0.0139234 0.999831 0
0.884971 0.465641 0.00233607 56.8125 -0.465577 0.884914 -0.0128672 55.6921 -0.00805873 0.0102995 0.999914 0
0.885257 0.465101 0.000317285 57.5459 -0.465081 0.885225 -0.00869865 55.3195 -0.00432662 0.00755298 0.999962 0
0.885345 0.464935 0.000406192 58.2833 -0.464925 0.885332 -0.00573139 54.9465 -0.00302434 0.00488541 0.999983 0
0.885274 0.46506 0.00285138 59.0233 -0.465043 0.885273 -0.00520811 54.5731 -0.00494634 0.00328459 0.999982 0
0.885273 0.46505 0.00455809 59.762 -0.465024 0.885279 -0.00572642 54.1992 -0.00669825 0.00294982 0.999973 0
0.88527 0.465038 0.00610523 60.4976 -0.465005 0.885287 -0.0060814 53.8245 -0.00823297 0.00254471 0.999963 0
0.885285 0.464984 0.00777425 61.2292 -0.464955 0.885318 -0.00526888 53.4502 -0.00933263 0.00104978 0.999956 0
0.733187 0.653372 -0.188526 62.0282 -0.638429 0.756831 0.140054 53.0667 0.23419 0.0176748 0.97203 0
0.818343 0.566313 -0.0980024 62.7117 -0.562177 0.82419 0.0683242 52.6806 0.119465 -0.000817948 0.992838 0
0.880848 0.47335 -0.00686395 63.3992 -0.473239 0.880834 0.0132834 52.2915 0.0123337 -0.00845232 0.999888 0
0.915948 0.396254 0.0634251 64.1134 -0.395014 0.918133 -0.0315533 51.8928 -0.0707358 0.0038474 0.997488 0
0.940288 0.252748 0.227986 64.8186 -0.243535 0.967494 -0.0681605 51.5081 -0.237803 0.00856786 0.971276 0
0.876064 0.48209 0.0100689 65.6019 -0.482103 0.876114 -0.00122345 51.2074 -0.00941127 -0.00378241 0.999949 0
0.872088 0.48911 0.0153146 66.3298 -0.489212 0.872158 0.00357633 50.8093 -0.0116075 -0.010611 0.999876 0
0.867916 0.496538 0.0131126 67.0409 -0.496588 0.867986 0.000685057 50.4104 -0.0110414 -0.00710615 0.999914 0
0.862942 0.50503 0.0166072 67.7294 -0.505182 0.862988 0.00649003 50.0062 -0.0110542 -0.0139902 0.999841 0
0.858024 0.513347 0.0164274 68.4157 -0.513497 0.858067 0.00647928 49.6001 -0.0107697 -0.0139948 0.999844 0
0.852663 0.522163 0.0176643 69.0951 -0.522326 0.852725 0.00601664 49.1891 -0.0119211 -0.0143567 0.999826 0
0.845757 0.533221 0.0192476 69.7701 -0.533409 0.845835 0.00611433 48.7759 -0.01302 -0.0154381 0.999796 0
0.839492 0.542995 0.0202408 70.4375 -0.54319 0.839592 0.0054324 48.3455 -0.0140443 -0.0155551 0.99978 0
0.83373 0.551823 0.019634 71.0933 -0.552009 0.833821 0.00535114 47.9187 -0.0134183 -0.0152995 0.999793 0
0.827808 0.560539 0.0230115 71.7537 -0.560837 0.827876 0.00906582 47.4942 -0.0139689 -0.0204105 0.999694 0
0.817161 0.57605 0.0203596 72.3867 -0.576409 0.816693 0.0276635 47.0699 -0.000691956 -0.034341 0.99941 0
0.812538 0.582507 0.0216203 73.011 -0.582905 0.812095 0.0269063 46.644 -0.00188464 -0.034465 0.999404 0
0.809454 0.586861 0.019437 73.6247 -0.58717 0.809214 0.0201194 46.1923 -0.00392136 -0.0276986 0.999609 0
0.805394 0.592429 0.0192079 74.2365 -0.592735 0.8051 0.0218923 45.7754 -0.00249466 -0.0290171 0.999576 0
0.80273 0.596032 0.019239 74.841 -0.596324 0.802543 0.0179738 45.3212 -0.00472719 -0.0259008 0.999653 0
0.800438 0.599117 0.0189313 75.4132 -0.59935 0.800418 0.0104694 44.8714 -0.00888059 -0.0197266 0.999766 0
0.799057 0.600964 0.0187061 75.9777 -0.601097 0.799174 0.00192612 44.4253 -0.0137919 -0.0127833 0.999823 0
0.798707 0.601444 0.0182523 76.5346 -0.601411 0.798901 -0.0078312 43.9836 -0.0192918 -0.0047223 0.999803 0
0.799164 0.600845 0.0179684 77.0838 -0.600614 0.799361 -0.0168782 43.5485 -0.0245044 0.00269638 0.999696 0
0.800304 0.599331 0.0177533 77.6251 -0.598885 0.800447 -0.0249391 43.1219 -0.0291574 0.0093267 0.999531 0
0.770255 0.637493 0.0175938 78.1579 -0.636849 0.770346 -0.0314728 42.7044 -0.033617 0.0130375 0.99935 0
0.772205 0.635163 0.016363 78.6809 -0.634296 0.772139 -0.0383422 42.2963 -0.0369881 0.019229 0.999131 0
0.78334 0.62132 -0.0184548 79.2392 -0.621593 0.782949 -0.0247536 41.9175 -0.000930728 0.0308618 0.999523 0
0.787112 0.616323 -0.0245144 79.6994 -0.616808 0.786603 -0.0283419 41.5204 0.00181535 0.0374289 0.999298 0
0.793554 0.608431 0.00915893 80.144 -0.608369 0.793606 -0.00877695 41.1497 -0.0126087 0.00139298 0.99992 0
0.799708 0.600384 0.00240268 80.614 -0.600281 0.799634 -0.0157478 40.8008 -0.011376 0.0111513 0.999873 0
0.815172 0.579203 0.00422388 81.0719 -0.579022 0.815063 -0.0201379 40.4765 -0.0151067 0.0139701 0.999788 0
0.823706 0.56701 0.00282738 81.5294 -0.566865 0.823591 -0.0190049 40.185 -0.0131046 0.0140517 0.999815 0
0.834073 0.551654 0.000157403 81.9805 -0.551566 0.833945 -0.0175978 39.9129 -0.00983918 0.0145911 0.999845 0
0.850832 0.524908 0.0235996 82.4092 -0.522613 0.850055 -0.0654369 39.6305 -0.0544093 0.0433423 0.997578 0
0.866124 0.499817 0.00340265 82.8622 -0.499828 0.866114 0.00435606 39.4057 -0.000769851 -0.00547363 0.999985 0
0.882163 0.470941 0.00200259 83.3211 -0.470944 0.882161 0.00199776 39.1959 -0.000825781 -0.00270546 0.999996 0
0.894841 0.446359 0.00482987 83.7997 -0.446361 0.894853 -0.000675523 38.9547 -0.00462355 -0.00155138 0.999988 0
0.894599 0.446796 0.00816381 84.2779 -0.446753 0.894633 -0.00660276 38.7985 -0.0102537 0.00225962 0.999945 0
0.915185 0.402819 0.0131558 84.7617 -0.402678 0.915261 -0.0121755 38.6643 -0.0169455 0.00584531 0.999839 0
0.934671 0.354807 -0.0223874 85.2502 -0.354868 0.934915 0.00132911 38.5537 0.0214019 0.0067023 0.999748 0
0.953022 0.302425 -0.0169952 85.7393 -0.302499 0.953148 -0.00190996 38.4686 0.0156213 0.00696125 0.999854 0
0.93866 0.327511 -0.107959 86.1892 -0.321235 0.944286 0.0716367 38.4071 0.125406 -0.0325624 0.991571 0
0.963973 0.250199 -0.0903184 86.7137 -0.246977 0.967956 0.0454229 38.3594 0.098789 -0.0214799 0.994877 0
0.957039 0.194144 -0.215372 87.1624 -0.186609 0.980894 0.0549871 38.3585 0.221933 -0.0124343 0.974983 0
0.947571 0.128316 -0.29265 87.6547 -0.122439 0.991733 0.038394 38.3866 0.295157 -0.000549429 0.955449 0
0.941224 0.038155 -0.335622 88.1582 -0.0315789 0.999188 0.025032 38.4471 0.336305 -0.0129621 0.941664 0
0.960803 -0.0558274 -0.271553 88.6995 0.0565528 0.998386 -0.00515979 38.5333 0.271403 -0.0103995 0.96241 0
0.968813 -0.175244 -0.175189 89.1868 0.172537 0.984525 -0.0306839 38.6558 0.177855 -0.000499704 0.984057 0
0.942809 -0.235658 -0.235747 89.6154 0.230008 0.97182 -0.0515961 38.8091 0.241263 -0.00557841 0.970444 0
0.911199 -0.291765 -0.290844 90.0558 0.279958 0.956469 -0.0824053 38.9926 0.302226 -0.00633626 0.953215 0
0.894078 -0.346784 -0.283488 90.4855 0.32675 0.937871 -0.116755 39.2077 0.306364 0.0117583 0.951842 0
0.886084 -0.454233 -0.0923437 90.8943 0.443352 0.888665 -0.117108 39.4312 0.135257 0.0628265 0.988817 0
0.855891 -0.516154 -0.0321936 91.2587 0.508675 0.851449 -0.127612 39.6926 0.0932784 0.0928454 0.991302 0
0.808472 -0.588242 -0.0185708 91.6309 0.582394 0.804184 -0.118768 39.9594 0.0847984 0.0852048 0.992748 0
0.774131 -0.631991 -0.0361704 92.0002 0.628413 0.77412 -0.0763939 40.221 0.0762805 0.036409 0.996421 0
0.7883 -0.607716 -0.0962509 92.3602 0.609832 0.792479 -0.0090654 40.4799 0.081786 -0.0515506 0.995316 0
0.775961 -0.629011 0.0472172 92.7014 0.626015 0.777122 0.064708 40.723 -0.0773956 -0.0206522 0.996787 0
0.73212 -0.62889 0.26172 93.0141 0.596637 0.777425 0.199085 40.984 -0.328671 0.0103976 0.944387 0
0.661329 -0.64387 0.384806 93.3236 0.589415 0.763365 0.264317 41.2761 -0.463933 0.0520097 0.884342 0
0.729882 -0.657604 0.186628 93.6848 0.638038 0.753359 0.159243 41.6374 -0.245317 0.0028469 0.969439 0
0.76097 -0.648239 0.0266625 94.0657 0.644839 0.760227 0.0789743 42.0199 -0.0714638 -0.042904 0.99652 0
0.699306 -0.706562 0.108357 94.3816 0.702818 0.707281 0.0761592 42.3846 -0.13045 0.0228966 0.99119 0
0.607667 -0.765869 0.210203 94.6885 0.772587 0.63137 0.066941 42.765 -0.183984 0.121722 0.975363 0
0.519361 -0.801155 0.297346 95.0042 0.826421 0.559425 0.0638144 43.1535 -0.217468 0.212591 0.952635 0
0.418311 -0.817588 0.395684 95.3514 0.873808 0.481148 0.0704012 43.5462 -0.247941 0.316302 0.915685 0
0.580636 -0.791364 0.191322 95.7829 0.806577 0.591122 -0.00279443 43.9745 -0.110883 0.155938 0.981523 0
0.71079 -0.702102 -0.0427816 96.2086 0.702221 0.711807 -0.0147191 44.3921 0.0407865 -0.0195799 0.998976 0
0.703873 -0.709678 -0.03033 96.6102 0.709375 0.704498 -0.0216611 44.7799 0.0367398 -0.00626863 0.999305 0
0.703826 -0.70945 -0.0361944 97.0168 0.709127 0.704695 -0.0233268 45.1771 0.0420552 -0.00924836 0.999072 0
0.703139 -0.709977 -0.0390954 97.4344 0.709891 0.704069 -0.0184546 45.5873 0.0406282 -0.0147773 0.999065 0
0.700696 -0.712755 -0.0317241 97.8587 0.71271 0.701305 -0.0146833 46.0068 0.0327138 -0.0123216 0.999389 0
0.695747 -0.718234 -0.00869123 98.2822 0.718153 0.6958 -0.0108416 46.4282 0.0138342 0.00130139 0.999903 0
0.685147 -0.727889 0.0274013 98.7126 0.728166 0.6854 -0.000221222 46.8514 -0.0186199 0.0201043 0.999624 0
0.664562 -0.744005 0.0693916 99.1725 0.745094 0.666818 0.0137649 47.2826 -0.0565127 0.0425556 0.997495 0
0.734102 -0.674688 -0.0767485 99.7519 0.677921 0.73468 0.0258396 47.8114 0.0389519 -0.0709983 0.996716 0
0.67088 -0.740062 0.0471974 100.228 0.740036 0.672225 0.0214537 48.2568 -0.0476044 0.0205349 0.998655 0
0.661953 -0.746992 0.0618145 100.696 0.747672 0.663876 0.0159512 48.7231 -0.0529526 0.0356581 0.99796 0
0.661872 -0.746368 0.0697103 101.148 0.74751 0.664119 0.0132077 49.1997 -0.0561538 0.0433674 0.99748 0
0.65014 -0.754631 0.088603 101.611 0.756745 0.653567 0.0136822 49.6756 -0.068233 0.0581545 0.995973 0
0.662245 -0.742163 0.103081 102.136 0.743311 0.668057 0.0344698 50.1534 -0.0944465 0.0537941 0.994075 0
0.628431 -0.762879 0.151957 102.724 0.767482 0.639908 0.0385828 50.6552 -0.126673 0.0923778 0.987634 0
0.658392 -0.747246 0.0902413 103.288 0.747974 0.662939 0.032341 51.1802 -0.0839912 0.0462051 0.995395 0
0.704446 -0.709474 -0.020069 103.702 0.709697 0.703736 0.03295 51.9403 -0.00925386 -0.0374544 0.999255 0
0.702349 -0.711401 -0.0247632 104.241 0.711818 0.701687 0.0308334 52.4948 -0.00455889 -0.0392827 0.999218 0
0.69936 -0.714239 -0.0275426 104.788 0.714769 0.698828 0.0272877 53.0559 -0.000242399 -0.0387705 0.999248 0
0.696973 -0.7165 -0.0292684 105.349 0.717092 0.696547 0.0245394 53.6438 0.00280437 -0.0380915 0.99927 0
0.694314 -0.719169 -0.0269024 105.915 0.719672 0.693856 0.0252428 54.2209 0.000512528 -0.0368873 0.999319 0
0.692179 -0.721359 -0.0230103 106.474 0.721722 0.691716 0.0254061 54.8054 -0.00241029 -0.0341926 0.999412 0
0.765759 -0.603462 -0.222366 107.068 0.624727 0.780088 0.0343415 55.4041 0.152741 -0.165215 0.974358 0
0.746777 -0.646082 -0.157806 107.664 0.657244 0.753212 0.0264758 56.0037 0.101756 -0.123488 0.987115 0
0.723392 -0.684179 -0.0927516 108.239 0.688497 0.724886 0.0226472 56.6076 0.0517396 -0.0802419 0.995432 0
0.69593 -0.717407 -0.0317519 108.798 0.71809 0.695557 0.0233936 57.2171 0.00530256 -0.039081 0.999222 0
0.742377 -0.654294 -0.144137 109.343 0.663924 0.747304 0.0272328 57.8322 0.0898963 -0.115913 0.989183 0
0.744997 -0.649437 -0.152351 109.91 0.660309 0.750387 0.0301925 58.4478 0.0947139 -0.123092 0.987865 0
0.727526 -0.677582 -0.107648 110.481 0.683833 0.72885 0.0339162 59.0703 0.0554782 -0.0982882 0.99361 0
0.664151 -0.747111 0.0269772 111.065 0.746025 0.664662 0.0408758 59.7026 -0.0484695 -0.00702206 0.9988 0
0.696794 -0.716593 -0.0311789 111.652 0.717198 0.69544 0.0446182 60.3331 -0.0102901 -0.0534511 0.998517 0
0.698319 -0.715023 -0.0330573 112.256 0.715741 0.697003 0.0436131 60.9584 -0.00814334 -0.0541164 0.998501 0
0.699594 -0.713913 -0.0299239 112.867 0.714528 0.698725 0.0351135 61.5988 -0.00415939 -0.0459467 0.998935 0
0.699867 -0.713812 -0.0256619 113.477 0.714259 0.699174 0.0314677 62.2109 -0.00451996 -0.0403524 0.999175 0
0.700594 -0.713221 -0.0219884 114.086 0.713549 0.700077 0.0272104 62.8226 -0.00401348 -0.0347532 0.999388 0
0.693374 -0.720241 -0.0220043 114.697 0.720553 0.692775 0.0294444 63.4615 -0.00596305 -0.0362713 0.999324 0
0.723767 -0.689657 -0.0231273 115.297 0.690022 0.723064 0.032377 64.0683 -0.00560653 -0.0393918 0.999208 0
0.697467 -0.716286 -0.0217682 115.897 0.716487 0.696442 0.0401835 64.6969 -0.0136226 -0.0436234 0.998955 0
0.69959 -0.714177 -0.022912 116.492 0.714406 0.698463 0.042114 65.2967 -0.0140737 -0.045831 0.99885 0
0.700464 -0.713188 -0.0267229 117.086 0.713672 0.699704 0.0329632 65.8923 -0.00481086 -0.0421609 0.999099 0
0.700958 -0.712579 -0.0298026 117.682 0.713149 0.700804 0.0170937 66.4918 0.00870514 -0.0332357 0.99941 0
0.702934 -0.710656 -0.0291985 118.279 0.71118 0.702864 0.0143316 67.0933 0.0103378 -0.0308396 0.999471 0
0.701643 -0.712279 -0.0188561 118.872 0.712523 0.701288 0.0224846 67.6933 -0.0027918 -0.0292116 0.999569 0
0.701843 -0.712323 -0.00357224 119.465 0.711972 0.70132 0.0352889 68.2943 -0.0226318 -0.0273106 0.999371 0
0.701273 -0.712892 0.000633661 120.05 0.712255 0.700683 0.0416562 68.8952 -0.0301403 -0.028761 0.999132 0
0.684214 -0.729229 -0.00875266 120.622 0.729026 0.683608 0.0346654 69.5053 -0.0192956 -0.0300995 0.999361 0
0.677506 -0.735292 -0.0181711 121.197 0.735476 0.677002 0.0272568 70.0996 -0.00773985 -0.031831 0.999463 0
0.701509 -0.712359 -0.0207211 121.765 0.712661 0.701228 0.0198657 70.7206 0.000378681 -0.028703 0.999588 0
0.695954 -0.717854 -0.018258 122.342 0.718082 0.695641 0.0210063 71.3198 -0.00237843 -0.0277302 0.999613 0
0.695867 -0.717958 -0.0174787 122.916 0.718156 0.695489 0.023385 71.9198 -0.00463319 -0.0288253 0.999574 0
0.695121 -0.718691 -0.0170621 123.482 0.718889 0.694836 0.0200537 72.5113 -0.00255703 -0.0262054 0.999653 0
0.72573 -0.687746 -0.0179465 124.043 0.68798 0.725482 0.0189341 73.1062 -2.03478e-06 -0.0260879 0.99966 0
0.743814 -0.668031 -0.0218173 124.595 0.668385 0.743495 0.0218449 73.7076 0.00162802 -0.0308309 0.999523 0
0.688808 -0.72454 -0.0242039 125.145 0.724943 0.68837 0.0245774 74.3101 -0.00114607 -0.0344755 0.999405 0
0.644473 -0.76428 -0.0230208 125.693 0.7646 0.643906 0.0277859 74.9115 -0.00641297 -0.035509 0.999349 0
0.67852 -0.734521 -0.00946564 126.241 0.734522 0.678243 0.0215435 75.5154 -0.00940413 -0.0215704 0.999723 0
0.678579 -0.734252 -0.020129 126.791 0.734468 0.677919 0.0313411 76.1077 -0.00936643 -0.0360516 0.999306 0
0.675545 -0.737027 -0.0207673 127.331 0.737303 0.675079 0.0255298 76.7065 -0.00479653 -0.0325583 0.999458 0
0.672141 -0.740168 -0.0194193 127.87 0.740421 0.671848 0.019929 77.3037 -0.00170401 -0.0277736 0.999613 0
0.666776 -0.745061 -0.0171175 128.402 0.745249 0.666478 0.0202679 77.906 -0.00369236 -0.0262709 0.999648 0
0.661902 -0.749492 -0.0121555 128.932 0.749523 0.661536 0.0242135 78.5194 -0.0101065 -0.0251378 0.999633 0
0.665064 -0.737052 0.120185 129.447 0.72658 0.675818 0.123903 79.1188 -0.172546 0.00492066 0.984989 0
0.653141 -0.756015 0.0429958 129.966 0.752805 0.654405 0.0709923 79.7276 -0.0818078 -0.0140005 0.99655 0
0.652958 -0.754426 0.0669884 130.487 0.748322 0.656257 0.0966444 80.3619 -0.116873 -0.0129758 0.993062 0
0.639719 -0.767684 -0.0376942 130.992 0.768233 0.640171 9.597e-05 80.9818 0.0240571 -0.0290193 0.999289 0
0.635703 -0.77088 -0.0403196 131.512 0.771273 0.636453 -0.00812544 81.6161 0.0319252 -0.025932 0.999154 0
0.632765 -0.773429 -0.0376301 132.026 0.773689 0.633481 -0.0103643 82.2559 0.031854 -0.0225558 0.999238 0
0.635822 -0.771825 -0.00408602 132.522 0.771742 0.635654 0.0189521 82.9266 -0.0120304 -0.0152035 0.999812 0
0.632409 -0.77461 -0.00621748 133.024 0.774512 0.632145 0.0228959 83.5703 -0.0138051 -0.0192951 0.999719 0
0.626172 -0.779619 -0.0101262 133.524 0.779609 0.625876 0.0221065 84.2172 -0.010897 -0.0217369 0.999704 0
0.649396 -0.76034 0.0129806 134.002 0.760306 0.649511 0.00844836 84.8876 -0.0148546 0.00438286 0.99988 0
0.5994 -0.800436 0.00467023 134.503 0.800142 0.599322 0.024197 85.5404 -0.0221671 -0.0107668 0.999696 0
0.610178 -0.791528 -0.0341616 135.001 0.792029 0.61048 0.00194681 86.2018 0.019314 -0.0282449 0.999414 0
0.560533 -0.82683 -0.0464202 135.492 0.82813 0.559781 0.0291016 86.8692 0.00192306 -0.0547544 0.998498 0
0.555558 -0.830583 -0.0385635 135.977 0.831384 0.554202 0.0407531 87.5394 -0.0124769 -0.0547019 0.998425 0
0.588291 -0.808365 -0.0214184 136.402 0.80851 0.587492 0.0341247 88.2651 -0.0150021 -0.0373922 0.999188 0
0.583823 -0.811595 -0.021529 136.899 0.811745 0.583033 0.0338079 88.9227 -0.0148862 -0.0372139 0.999196 0
0.56417 -0.824475 -0.0442077 137.386 0.82565 0.563608 0.0254792 89.5857 0.0039088 -0.0508747 0.998697 0
0.561269 -0.827321 -0.0227442 137.861 0.827397 0.56024 0.0393106 90.2546 -0.0197803 -0.0408823 0.998968 0
0.558572 -0.828956 -0.0288072 138.328 0.829338 0.557569 0.0362731 90.9299 -0.0140068 -0.0441521 0.998927 0
0.56189 -0.826316 -0.0384763 138.755 0.827201 0.561042 0.0311492 91.6461 -0.0041523 -0.04933 0.998774 0
0.557008 -0.829869 -0.0325545 139.209 0.830381 0.555812 0.0392382 92.3403 -0.0144684 -0.0488886 0.998699 0
0.555115 -0.831264 -0.029109 139.66 0.831425 0.55353 0.0483402 93.0363 -0.0240708 -0.0510363 0.998407 0
0.551622 -0.833638 -0.0275856 140.11 0.833618 0.549888 0.0520002 93.7282 -0.0281804 -0.0516803 0.998266 0
0.547553 -0.836433 -0.0237822 140.549 0.836475 0.546381 0.0421646 94.4232 -0.0222737 -0.0429806 0.998828 0
0.542273 -0.839942 -0.0209432 141.003 0.840083 0.541607 0.0303684 95.1059 -0.0141647 -0.0340619 0.999319 0
0.543451 -0.83912 -0.0232011 141.428 0.839431 0.543101 0.0199434 95.8187 -0.00413442 -0.030314 0.999532 0
0.538274 -0.842567 -0.0184764 141.877 0.842719 0.53787 0.0228324 96.5089 -0.00929996 -0.0278605 0.999569 0
0.527812 -0.849304 -0.0098391 142.326 0.849188 0.527436 0.0262799 97.2041 -0.0171302 -0.0222261 0.999606 0
0.520933 -0.853598 5.23637e-05 142.77 0.8533 0.520753 0.0263583 97.9064 -0.0225267 -0.0136862 0.999653 0
0.515576 -0.856839 0.00274108 143.21 0.856513 0.515463 0.0261286 98.6146 -0.0238009 -0.0111235 0.999655 0
0.532146 -0.845906 0.0355489 143.598 0.84655 0.532265 -0.00681734 99.3742 -0.0131546 0.0337217 0.999345 0
0.594476 -0.803877 -0.0194803 144.008 0.804059 0.593982 0.0259527 100.104 -0.00929179 -0.0310916 0.999473 0
0.571038 -0.820765 -0.0161684 144.436 0.820919 0.570994 0.00766965 100.817 0.00293705 -0.0176526 0.99984 0
0.549407 -0.835541 -0.00487122 144.892 0.835542 0.549357 0.0087416 101.504 -0.00462792 -0.00887281 0.99995 0
0.445243 -0.89541 -0.000148162 145.328 0.895083 0.445076 0.0270969 102.215 -0.0241968 -0.0121973 0.999633 0
0.430778 -0.902453 0.00306163 145.746 0.901751 0.430572 0.0381237 102.943 -0.0357231 -0.0136621 0.999268 0
0.424523 -0.905394 0.00642983 146.153 0.904245 0.424324 0.0478556 103.681 -0.0460565 -0.0145017 0.998834 0
0.411076 -0.911599 -0.00212615 146.548 0.911484 0.410984 0.0169929 104.428 -0.0146169 -0.00892333 0.999853 0
0.386157 -0.922432 -0.00143188 146.935 0.922077 0.385965 0.0283813 105.178 -0.0256272 -0.01228 0.999596 0
0.373249 -0.927588 -0.0162789 147.317 0.927727 0.37324 0.00370533 105.933 0.00263892 -0.0164854 0.999861 0
0.359958 -0.9329 -0.0113255 147.701 0.932888 0.35974 0.0175367 106.695 -0.0122858 -0.0168779 0.999782 0
0.356406 -0.934331 -0.000174065 148.082 0.934058 0.356298 0.0242451 107.466 -0.0225909 -0.0088037 0.999706 0
0.337678 -0.941226 0.00815947 148.461 0.940508 0.337741 0.0370783 108.241 -0.0376549 -0.00484646 0.999279 0
0.536878 -0.843564 -0.0127419 148.846 0.843658 0.536781 0.0103885 109.012 -0.00192378 -0.0163272 0.999865 0
0.531358 -0.8471 -0.00892872 149.236 0.84713 0.531251 0.0119412 109.772 -0.00537199 -0.0139088 0.999889 0
0.520542 -0.853831 -0.00279972 149.631 0.853828 0.52052 0.00611079 110.52 -0.00376028 -0.0055714 0.999977 0
0.548074 -0.835147 -0.0463135 150.033 0.835268 0.54939 -0.0222999 111.282 0.0440678 -0.0264622 0.998678 0
0.530831 -0.845079 -0.0637162 150.456 0.844763 0.533646 -0.0399722 112.017 0.0677816 -0.0326066 0.997167 0
0.520358 -0.85195 -0.0583884 150.871 0.851506 0.522823 -0.0399182 112.755 0.064535 -0.0289463 0.997496 0
0.472021 -0.881576 0.00444606 151.296 0.881506 0.471903 -0.0159325 113.474 0.0119476 0.0114397 0.999863 0
0.396584 -0.910664 0.115807 151.709 0.913095 0.404336 0.0526344 114.19 -0.0947573 0.0848688 0.991876 0
0.408537 -0.908007 0.0928525 152.14 0.908567 0.414277 0.0536683 114.872 -0.0871978 0.0624373 0.994232 0
0.433884 -0.900536 0.0279395 152.476 0.900042 0.434635 0.0318802 115.664 -0.0408527 0.0113144 0.999101 0
0.443652 -0.896167 -0.00752461 152.776 0.896157 0.443535 0.0133918 116.516 -0.00866384 -0.0126845 0.999882 0
0.441166 -0.897417 -0.00380991 153.166 0.897261 0.441 0.020999 117.279 -0.0171647 -0.0126825 0.999772 0
0.439287 -0.898313 -0.00773636 153.548 0.897999 0.438861 0.0316173 118.037 -0.0250071 -0.0208363 0.99947 0
0.43538 -0.899825 0.0275513 153.922 0.899618 0.436016 0.0240222 118.786 -0.0336286 0.0143268 0.999332 0
0.44552 -0.895193 0.011879 154.273 0.894449 0.44564 0.036948 119.548 -0.0383694 -0.00583597 0.999247 0
0.466594 -0.884457 0.00504495 154.643 0.882601 0.46597 0.0623497 120.298 -0.0574965 -0.0246393 0.998042 0
0.464638 -0.885336 -0.0170831 154.992 0.885372 0.464156 0.0259796 121.008 -0.0150714 -0.027196 0.999516 0
0.472273 -0.878392 -0.0733918 155.374 0.881122 0.472735 0.0120433 121.749 0.0241162 -0.0703549 0.99723 0
0.467006 -0.883447 -0.0377827 155.708 0.884213 0.466968 0.0103719 122.426 0.00848029 -0.0382517 0.999232 0
0.461709 -0.887023 -0.00396217 156.035 0.887004 0.461655 0.00987949 123.093 -0.00693417 -0.00807591 0.999943 0
0.492283 -0.870079 -0.0248854 156.364 0.87029 0.491478 0.0323204 123.785 -0.0158908 -0.0375683 0.999168 0
0.521233 -0.844649 -0.121999 156.691 0.852792 0.520963 0.0366565 124.463 0.032595 -0.123146 0.991853 0
0.570842 -0.79501 -0.205181 156.993 0.819012 0.568992 0.073944 125.086 0.05796 -0.210256 0.975927 0
0.599547 -0.757031 -0.259704 157.321 0.794686 0.601601 0.0809419 125.696 0.0949628 -0.254912 0.96229 0
0.573134 -0.788318 -0.223771 157.722 0.812073 0.582967 0.0262019 126.312 0.109795 -0.196735 0.97429 0
0.571908 -0.804692 -0.159349 158.08 0.814043 0.580703 -0.0108456 126.926 0.101262 -0.123514 0.987163 0
0.552076 -0.829864 -0.0808591 158.402 0.831182 0.555422 -0.0253406 127.535 0.0659402 -0.0532187 0.996403 0
0.604952 -0.784368 -0.137113 158.668 0.783361 0.617132 -0.0741195 128.119 0.142754 -0.06257 0.987779 0
0.559433 -0.826406 -0.0639444 158.99 0.82199 0.563055 -0.0854444 128.725 0.106616 -0.0047613 0.994289 0
0.479904 -0.876767 0.0311696 159.281 0.874407 0.475114 -0.0983785 129.315 0.0714459 0.0744672 0.994661 0
0.393822 -0.911396 0.119423 159.552 0.919179 0.389975 -0.0550337 129.888 0.00358542 0.131445 0.991317 0
0.296884 -0.93438 0.19696 159.813 0.952011 0.305687 0.0151888 130.447 -0.0744004 0.182999 0.980294 0
0.148659 -0.930864 0.333755 160.075 0.976264 0.191907 0.1004 130.998 -0.157509 0.310908 0.937298 0
0.070001 -0.914312 0.398914 160.348 0.980554 0.136565 0.140941 131.544 -0.183342 0.381291 0.906092 0
0.247163 -0.936586 0.248429 160.759 0.960868 0.269996 0.0619217 132.148 -0.12507 0.223403 0.966669 0
0.350663 -0.930999 0.101377 161.168 0.934731 0.354596 0.0232154 132.726 -0.0575614 0.0866192 0.994577 0
0.389508 -0.916133 0.0947898 161.502 0.919934 0.391985 0.00832381 133.242 -0.0447819 0.0839582 0.995463 0
0.505806 -0.860532 0.0603638 161.839 0.861154 0.507809 0.0233357 133.759 -0.0507344 0.0401791 0.997904 0
0.534462 -0.84392 0.0463644 162.176 0.839955 0.536448 0.0818457 134.283 -0.0939433 -0.00479939 0.995566 0
0.616869 -0.774539 -0.139866 162.559 0.784016 0.620327 0.0226484 134.867 0.0692204 -0.123628 0.989911 0
0.604944 -0.788796 -0.108829 162.899 0.79501 0.605999 0.026901 135.408 0.0447312 -0.102794 0.993696 0
0.62947 -0.754213 -0.186897 163.284 0.768222 0.640171 0.00399657 136.009 0.116632 -0.146094 0.982371 0
0.597767 -0.791866 -0.124989 163.635 0.799035 0.601147 0.0128714 136.556 0.0649445 -0.107565 0.992075 0
0.612803 -0.769627 -0.179296 163.979 0.781524 0.62384 -0.0067143 137.163 0.117019 -0.136009 0.983772 0
0.626383 -0.745706 -0.227085 164.297 0.761743 0.647404 -0.0247946 137.75 0.165505 -0.157449 0.973559 0
0.567418 -0.816981 -0.102854 164.627 0.820303 0.571711 -0.0157712 138.327 0.0716877 -0.0754229 0.994571 0
0.491199 -0.870659 0.0259997 164.946 0.870782 0.491567 0.0099963 138.903 -0.021484 0.0177299 0.999612 0
0.39842 -0.905493 0.146099 165.26 0.910148 0.410026 0.0592382 139.488 -0.113544 0.10937 0.987495 0
0.406275 -0.903945 0.133507 165.586 0.906481 0.417112 0.0656552 140.081 -0.115036 0.0943476 0.988871 0
0.508314 -0.861172 -7.49316e-05 165.973 0.860987 0.508203 0.0207665 140.721 -0.0178455 -0.0106204 0.999784 0
0.504879 -0.863134 0.00987045 166.336 0.862744 0.504953 0.0263608 141.319 -0.027737 -0.00479336 0.999604 0
0.502417 -0.864596 0.00715379 166.682 0.864252 0.502426 0.0252244 141.916 -0.0254032 -0.00649052 0.999656 0
0.499012 -0.866592 0.0023102 167.026 0.866358 0.498936 0.0220589 142.515 -0.0202687 -0.00900618 0.999754 0
0.496664 -0.867942 0.00101382 167.377 0.867859 0.496632 0.0133514 143.114 -0.0120917 -0.0057513 0.99991 0
0.496796 -0.867836 0.00741853 167.735 0.867817 0.496841 0.00655442 143.73 -0.00937399 0.00318172 0.999951 0
0.495989 -0.868172 0.0164912 168.089 0.868203 0.496151 0.00756773 144.332 -0.0147522 0.0105642 0.999835 0
0.494482 -0.868913 0.0218769 168.434 0.868997 0.494744 0.00851648 144.936 -0.0182235 0.0147997 0.999724 0
0.493468 -0.869442 0.0236506 168.776 0.869537 0.493778 0.00942657 145.54 -0.019874 0.0159134 0.999676 0
0.492645 -0.869913 0.0234923 169.117 0.870088 0.492873 0.00476831 146.143 -0.0157267 0.0180913 0.999713 0
0.493033 -0.868151 0.0568596 169.472 0.869939 0.492777 -0.0194086 146.746 -0.0111696 0.0590335 0.998194 0
0.492718 -0.870171 0.00557324 169.81 0.870089 0.492748 0.0120487 147.345 -0.0132306 -0.00108737 0.999912 0
0.494694 -0.867678 0.0491198 170.157 0.868991 0.494611 -0.0146889 147.969 -0.01155 0.0499512 0.998685 0
0.489604 -0.871944 0.00132259 170.489 0.871361 0.489331 0.0358548 148.589 -0.0319105 -0.0164022 0.999356 0
0.477257 -0.875348 0.0774025 170.823 0.877553 0.479369 0.0102979 149.16 -0.0461187 0.0630101 0.996947 0
0.463626 -0.885261 0.0369317 171.157 0.884437 0.464889 0.0406067 149.733 -0.0531167 0.0138374 0.998492 0
0.452442 -0.890597 0.046188 171.489 0.89171 0.452504 -0.00969548 150.307 -0.0122655 0.0455729 0.998886 0
