0.463925 -0.885476 0.0265597 0.565839 0.885846 0.463462 -0.0219031 0.717303 0.00708527 0.0336892 0.999407 0
0.461459 -0.886913 0.020996 1.39139 0.887101 0.461022 -0.0225962 2.27364 0.0103613 0.0290528 0.999524 0
0.459063 -0.888134 0.02189 2.22667 0.888368 0.458684 -0.0202908 3.86047 0.00798038 0.0287611 0.999554 0
0.45694 -0.889221 0.0222027 3.06943 0.889467 0.456575 -0.0196605 5.47055 0.00734536 0.0287322 0.99956 0
0.455467 -0.889934 0.0238295 3.91686 0.890217 0.455048 -0.0210894 7.10164 0.00792458 0.0308189 0.999494 0
0.455787 -0.889736 0.025064 4.77871 0.890087 0.455547 -0.0148795 8.75194 0.00182095 0.029091 0.999575 0
0.457108 -0.888956 0.0284707 5.65179 0.889405 0.456995 -0.0107362 10.4207 -0.00346693 0.0302296 0.999537 0
0.458922 -0.888102 0.0258091 6.53932 0.888476 0.458697 -0.0144013 12.1073 0.000951269 0.0295398 0.999563 0
0.460562 -0.887302 0.0240583 7.44056 0.887603 0.460176 -0.019974 13.811 0.00665187 0.0305535 0.999511 0
0.459718 -0.887505 0.0315264 8.35123 0.888065 0.459446 -0.0158196 15.5367 -0.000444683 0.03527 0.999378 0
0.45769 -0.88813 0.0417613 9.25796 0.889112 0.457174 -0.0217272 17.2799 0.000204432 0.0470748 0.998891 0
0.455193 -0.889543 0.0388893 10.1735 0.890367 0.454408 -0.02758 19.0357 0.00686198 0.04718 0.998863 0
0.4517 -0.891371 0.0377517 11.0976 0.892154 0.451032 -0.0251473 20.8116 0.00538832 0.0450393 0.998971 0
0.448539 -0.893014 0.0365824 12.0212 0.893761 0.448059 -0.0208528 22.5991 0.00223075 0.0420492 0.999113 0
0.446754 -0.893916 0.0364118 12.9394 0.894651 0.446523 -0.0147109 24.3883 -0.00310844 0.039148 0.999229 0
0.445903 -0.894422 0.0343469 13.8551 0.895076 0.445709 -0.0135229 26.171 -0.00321349 0.036773 0.999318 0
0.445822 -0.894611 0.0302294 14.7678 0.895121 0.445556 -0.015424 27.9449 0.000329601 0.0339353 0.999424 0
0.44393 -0.895465 0.0326915 15.6693 0.89606 0.443688 -0.0147122 29.7159 -0.00133054 0.0358248 0.999357 0
0.441806 -0.896652 0.0286812 16.5677 0.897103 0.441448 -0.0181415 31.4713 0.00360537 0.0337451 0.999424 0
0.440304 -0.89747 0.0260603 17.4566 0.897826 0.439902 -0.0198675 33.2168 0.00636657 0.0321453 0.999463 0
0.439234 -0.897793 0.0322686 18.3349 0.898372 0.438905 -0.0170221 34.9545 0.00111945 0.0364659 0.999334 0
0.439014 -0.897716 0.0370581 19.2036 0.898478 0.438535 -0.0206096 36.6791 0.00225023 0.0423438 0.999101 0
0.43777 -0.898125 0.0415837 20.0644 0.899087 0.437298 -0.0203281 38.3942 7.27437e-05 0.0462864 0.998928 0
0.436543 -0.898364 0.0487096 20.9185 0.899641 0.43641 -0.0138853 40.1025 -0.0087833 0.0498827 0.998716 0
0.433944 -0.899866 0.0439736 21.7627 0.900936 0.433574 -0.0181211 41.7879 -0.0027592 0.0474809 0.998868 0
0.432283 -0.901049 0.0352442 22.5886 0.901716 0.43167 -0.0238557 43.4416 0.00628128 0.0420927 0.999094 0
0.430697 -0.901946 0.0315231 23.3939 0.902492 0.430329 -0.0180223 45.0537 0.00268981 0.0362115 0.999341 0
0.429316 -0.90266 0.0298722 24.1678 0.903152 0.429013 -0.0162395 46.6182 0.00184315 0.033951 0.999422 0
0.428175 -0.903221 0.029293 24.914 0.903696 0.42795 -0.0138894 48.1362 9.31223e-06 0.0324191 0.999474 0
0.427714 -0.903406 0.030294 25.6348 0.903909 0.427579 -0.0111419 49.6083 -0.00288739 0.0321486 0.999479 0
0.427668 -0.903427 0.030341 26.3334 0.903879 0.427777 -0.003127 51.031 -0.0101542 0.0287619 0.999535 0
0.426486 -0.904224 0.0220964 27.3205 0.904491 0.426294 -0.0130064 53.047 0.00234112 0.025533 0.999671 0
0.427354 -0.903883 0.0190654 28.2322 0.904083 0.427215 -0.0110602 54.9047 0.0018521 0.0219633 0.999757 0
0.430648 -0.902146 0.0259911 29.0549 0.90246 0.430109 -0.0239062 56.6043 0.0103879 0.0337511 0.999376 0
0.44448 -0.895496 0.022896 29.84 0.89575 0.444078 -0.0206607 58.1555 0.00833394 0.0296923 0.999524 0
0.46787 -0.88307 0.0358531 30.5851 0.883789 0.467656 -0.0146587 59.5867 -0.00382225 0.0385449 0.99925 0
0.515962 -0.856169 0.0275121 31.3559 0.856571 0.515982 -0.00693947 60.8792 -0.00825438 0.0271466 0.999597 0
0.619294 -0.784332 0.0360288 32.439 0.784883 0.619642 -0.00188767 62.3942 -0.0208444 0.0294474 0.999349 0
0.756073 -0.653607 0.0339346 33.6935 0.653885 0.756585 0.0036475 63.641 -0.0280585 0.0194316 0.999417 0
0.893884 -0.447318 0.0296358 35.1013 0.447394 0.894326 0.00439615 64.5231 -0.0284705 0.00932922 0.999551 0
0.989537 -0.140111 0.0344233 36.9896 0.139893 0.990129 0.0086653 65.0516 -0.0352976 -0.00375907 0.99937 0
0.983007 0.181131 0.0298066 39.2733 -0.181279 0.983429 0.00230203 64.96 -0.0288957 -0.00766622 0.999553 0
0.938502 0.344191 0.0273396 41.1589 -0.344642 0.938632 0.0138369 64.4223 -0.0208993 -0.0224083 0.99953 0
0.905224 0.424909 0.0046796 42.7467 -0.424934 0.905178 0.00910099 63.777 -0.000368783 -0.010227 0.999948 0
0.878937 0.47673 0.0140609 44.4568 -0.476841 0.87897 0.0058271 62.9229 -0.00958117 -0.0118265 0.999884 0
0.866155 0.4997 0.00867207 45.8512 -0.499722 0.866186 0.000460045 62.1646 -0.00728174 -0.00473209 0.999962 0
0.858265 0.513193 0.00377956 47.3649 -0.513193 0.858273 -0.00106122 61.2991 -0.0037885 -0.00102884 0.999992 0
0.853835 0.520543 0.00103737 49.0074 -0.520536 0.853832 -0.0036594 60.3349 -0.00279062 0.00258453 0.999993 0
0.853907 0.520407 -0.00447485 50.7794 -0.52042 0.853825 -0.0120791 59.2882 -0.00246529 0.0126432 0.999917 0
0.858083 0.513461 -0.00713398 52.0351 -0.513508 0.857952 -0.0151004 58.5542 -0.00163286 0.0166208 0.999861 0
0.863059 0.505054 -0.00700437 53.354 -0.505095 0.862886 -0.0175391 57.7987 -0.00281423 0.0186752 0.999822 0
0.868028 0.496503 -0.00350297 54.7283 -0.496485 0.867875 -0.0171875 57.0239 -0.00549353 0.0166584 0.999846 0
0.872848 0.487978 -0.00386463 56.1439 -0.487981 0.872744 -0.0138805 56.2435 -0.00340054 0.0140014 0.999896 0
0.874842 0.484344 -0.00792773 57.5811 -0.48438 0.874851 -0.00338849 55.4579 0.00529439 0.00680443 0.999963 0
0.875757 0.482722 -0.00544611 59.0282 -0.482721 0.875773 0.00144615 54.6726 0.00546765 0.00136248 0.999984 0
0.876951 0.480574 -0.002555 60.477 -0.48057 0.876954 0.00198068 53.8934 0.00319248 -0.000509099 0.999995 0
0.878376 0.477969 -0.000748301 61.9234 -0.47796 0.878368 0.00486687 53.1202 0.0029835 -0.00391728 0.999988 0
0.878681 0.47741 0.000851451 63.3654 -0.477393 0.878631 0.0101621 52.3509 0.00410337 -0.00933572 0.999948 0
0.876656 0.48108 0.00603152 64.8001 -0.481116 0.876548 0.0138469 51.5787 0.00137457 -0.0150409 0.999886 0
0.871463 0.490341 0.0108609 66.2231 -0.490457 0.871338 0.0148839 50.7988 -0.00216534 -0.0182976 0.99983 0
0.863754 0.503808 0.0103677 67.6261 -0.503913 0.863609 0.0158562 50.0072 -0.000965143 -0.0189202 0.999821 0
0.854438 0.519436 0.0110771 69.0047 -0.519551 0.854311 0.0148251 49.1993 -0.00176262 -0.0184222 0.999829 0
0.844085 0.536074 0.0120106 70.355 -0.536201 0.84398 0.013651 48.3729 -0.00281876 -0.0179627 0.999835 0
0.833737 0.552041 0.0115345 71.6749 -0.55216 0.833609 0.0146705 47.5304 -0.00151649 -0.0186002 0.999826 0
0.82357 0.567149 0.00859689 72.9617 -0.567213 0.823441 0.0146633 46.6765 0.00123723 -0.0169525 0.999856 0
0.814241 0.58049 0.00659614 74.2109 -0.580522 0.814129 0.0137286 45.8189 0.00259921 -0.0150076 0.999884 0
0.806252 0.591548 0.00544784 75.4229 -0.591569 0.806179 0.0110199 44.9623 0.00212689 -0.0121076 0.999924 0
0.801839 0.59752 0.0049057 76.6025 -0.597539 0.801827 0.00459159 44.1176 -0.00118995 -0.00661306 0.999977 0
0.800996 0.598655 0.00417333 77.745 -0.598657 0.801005 -0.000928639 43.2949 -0.0038988 -0.00175456 0.999991 0
0.805221 0.592974 0.000744345 79.3755 -0.592971 0.805219 -0.00268781 42.1292 -0.00219316 0.0017229 0.999996 0
0.82191 0.569609 -0.00314909 80.8961 -0.569614 0.821912 -0.00109152 41.0889 0.00196654 0.0026909 0.999994 0
0.850796 0.525444 -0.00738913 82.3038 -0.525447 0.850825 0.00160362 40.2145 0.00712946 0.00251824 0.999971 0
0.891354 0.453103 -0.0136352 83.6797 -0.453057 0.891458 0.00646658 39.491 0.0150853 0.000413515 0.999886 0
0.939721 0.341859 -0.0075152 85.0779 -0.341825 0.939748 0.00548406 38.9385 0.00893717 -0.0025846 0.999957 0
0.990591 0.136853 -0.000545089 86.9554 -0.136849 0.99058 0.0048872 38.5377 0.00120878 -0.00476662 0.999988 0
0.991798 -0.126382 -0.0190922 88.7661 0.126376 0.991981 -0.00151114 38.6087 0.0191301 -0.000914049 0.999817 0
0.92203 -0.386742 -0.0170775 90.4385 0.386745 0.922181 -0.003303 39.1377 0.017026 -0.00355917 0.999849 0
0.803969 -0.594668 -0.00193875 91.945 0.594666 0.803945 0.00662646 40.0637 -0.0023819 -0.00648038 0.999976 0
0.72685 -0.686739 -0.00884075 92.9955 0.686785 0.726708 0.0149083 40.9599 -0.00381346 -0.0169078 0.99985 0
0.677026 -0.735915 -0.00800479 94.3513 0.735952 0.676932 0.0117707 42.357 -0.00324353 -0.0138602 0.999899 0
0.668071 -0.743713 -0.0239346 95.4173 0.744093 0.667842 0.0176951 43.4996 0.00282449 -0.0296311 0.999557 0
0.67626 -0.736077 -0.0293816 96.546 0.73649 0.676428 0.00529748 44.7318 0.0159752 -0.0252217 0.999554 0
0.688879 -0.724172 -0.0319656 97.783 0.724766 0.688873 0.0129506 46.0227 0.0126418 -0.032089 0.999405 0
0.699627 -0.714278 -0.0181713 99.1042 0.714508 0.699376 0.0187506 47.3848 -0.000684584 -0.0261019 0.999659 0
0.702582 -0.711344 -0.0191929 100.503 0.711522 0.702654 0.00383733 48.8042 0.0107563 -0.0163522 0.999808 0
0.700755 -0.712961 -0.0250784 101.479 0.713209 0.70095 0.00138364 49.7898 0.0165922 -0.0188557 0.999685 0
0.699058 -0.714919 -0.0144096 102.485 0.715054 0.699017 0.00853649 50.8199 0.00396965 -0.0162711 0.99986 0
0.697125 -0.716744 -0.0171665 103.525 0.716944 0.69701 0.0129786 51.8769 0.00266288 -0.0213552 0.999768 0
0.69297 -0.720535 -0.0249336 104.586 0.720877 0.693015 0.00818879 52.9696 0.0113791 -0.0236487 0.999656 0
0.688402 -0.725017 -0.0212805 105.667 0.72525 0.688464 0.00542247 54.1079 0.0107195 -0.0191665 0.999759 0
0.685876 -0.727568 -0.0148211 106.769 0.727699 0.685864 0.00663842 55.2818 0.00533536 -0.0153384 0.999868 0
0.685445 -0.72808 -0.00804796 107.889 0.728122 0.685427 0.00526084 56.482 0.00168598 -0.00946592 0.999954 0
0.686224 -0.727249 -0.0143227 109.035 0.727381 0.686181 0.00846522 57.692 0.00367161 -0.0162271 0.999862 0
0.68832 -0.724946 -0.0258721 110.202 0.725379 0.688172 0.0156559 58.9131 0.00645475 -0.0295434 0.999543 0
0.693191 -0.720179 -0.0287794 111.392 0.720744 0.692835 0.0225162 60.1409 0.00372367 -0.0363506 0.999332 0
0.696644 -0.716886 -0.0276086 112.587 0.71739 0.696437 0.0180787 61.3739 0.00626733 -0.0324006 0.999455 0
0.698408 -0.715432 -0.0195978 113.778 0.715673 0.698356 0.0105136 62.6143 0.00616451 -0.0213684 0.999753 0
0.700523 -0.713375 -0.0190744 114.982 0.713628 0.70032 0.0169354 63.8436 0.00127689 -0.0254756 0.999675 0
0.702426 -0.711511 -0.0187002 116.19 0.711741 0.701996 0.0250243 65.0633 -0.00467764 -0.0308874 0.999512 0
0.702919 -0.710794 -0.0260118 117.38 0.711067 0.703122 0.0018162 66.2761 0.0169985 -0.0197727 0.99966 0
0.70215 -0.711866 -0.0152618 118.568 0.712011 0.702123 0.0079338 67.4937 0.00506788 -0.0164373 0.999852 0
0.700547 -0.713598 0.00343943 119.752 0.713284 0.700367 0.0266775 68.7087 -0.0214459 -0.0162355 0.999638 0
0.698774 -0.715168 -0.0158004 120.923 0.715342 0.698639 0.013773 69.9002 0.00118872 -0.0209269 0.99978 0
0.696047 -0.717827 -0.0155896 122.077 0.717979 0.696017 0.00813322 71.1013 0.00501236 -0.0168541 0.999845 0
0.690678 -0.722998 -0.0154255 123.218 0.723135 0.690681 0.00596977 72.3013 0.00633796 -0.0152779 0.999863 0
0.685421 -0.727827 -0.0215739 124.347 0.728109 0.685386 0.0101137 73.4969 0.00742542 -0.0226403 0.999716 0
0.682615 -0.730427 -0.0226384 125.465 0.730771 0.682419 0.0166969 74.6921 0.003253 -0.027941 0.999604 0
0.679961 -0.733002 -0.0190215 126.566 0.733247 0.679788 0.0153956 75.8893 0.00164558 -0.0244159 0.999701 0
0.673004 -0.739445 -0.0169287 127.644 0.739601 0.673025 0.00525562 77.0901 0.00750718 -0.0160575 0.999843 0
0.663007 -0.748545 -0.0100923 128.706 0.748613 0.662937 0.0096409 78.3011 -0.000526065 -0.0139472 0.999903 0
0.655333 -0.75534 -0.000597095 129.76 0.755172 0.65517 0.0216191 79.5221 -0.0159386 -0.0146186 0.999766 0
0.647347 -0.762144 -0.00882005 130.802 0.762149 0.647137 0.0184916 80.7441 -0.00838545 -0.0186927 0.99979 0
0.636422 -0.771254 -0.0116062 131.825 0.771335 0.636402 0.00583375 81.9925 0.0028869 -0.012665 0.999916 0
0.624299 -0.781016 -0.0162749 132.85 0.781185 0.62415 0.013624 83.262 -0.000482587 -0.0212192 0.999775 0
0.609386 -0.792495 -0.0245054 133.853 0.79284 0.609354 0.00963227 84.5581 0.00729895 -0.0252987 0.999653 0
0.595766 -0.802818 -0.0233533 134.839 0.803151 0.595629 0.0132213 85.8828 0.0032956 -0.026633 0.99964 0
0.582502 -0.812574 -0.0203713 135.811 0.812789 0.582042 0.0244988 87.2243 -0.00805011 -0.0308282 0.999492 0
0.571966 -0.820066 -0.0186219 136.759 0.820197 0.571445 0.0269724 88.5828 -0.0114777 -0.0307009 0.999463 0
0.564106 -0.825208 -0.0285572 137.696 0.825697 0.563641 0.0230975 89.9429 -0.00296427 -0.0366091 0.999325 0
0.558146 -0.829007 -0.0349347 138.624 0.829742 0.557712 0.0220316 91.3084 0.00121915 -0.0412836 0.999147 0
0.553762 -0.832149 -0.0295906 139.548 0.832532 0.552658 0.0382075 92.683 -0.0154409 -0.045793 0.998832 0
0.545884 -0.837504 -0.0244371 140.449 0.837754 0.545117 0.0318646 94.0587 -0.0133657 -0.0378667 0.999193 0
0.534271 -0.844962 -0.0243662 141.327 0.84531 0.533974 0.0179495 95.447 -0.00215568 -0.0301869 0.999542 0
0.521543 -0.853061 -0.0166976 142.196 0.85316 0.521163 0.0225025 96.856 -0.0104938 -0.0259817 0.999607 0
0.510514 -0.859866 -0.00253413 143.048 0.859712 0.510362 0.0206572 98.2913 -0.0164691 -0.0127244 0.999783 0
0.499151 -0.866515 -0.000124711 143.886 0.866491 0.499137 0.00742968 99.7369 -0.00637568 -0.0038166 0.999972 0
0.486651 -0.873562 0.0077537 144.697 0.873594 0.486609 -0.00665849 101.207 0.00204359 0.0100139 0.999948 0
0.476407 -0.879199 0.00667845 145.519 0.87904 0.476449 0.0169047 102.689 -0.0180446 -0.00218291 0.999835 0
0.469489 -0.882932 0.0034753 146.326 0.882806 0.469483 0.0154625 104.177 -0.0152839 -0.00419144 0.999874 0
0.464792 -0.885291 -0.0151234 147.131 0.885418 0.464756 0.00599838 105.668 0.00171836 -0.0161785 0.999868 0
0.460918 -0.887417 -0.006826 147.919 0.887433 0.460863 0.00817921 107.185 -0.00411252 -0.00982757 0.999943 0
0.459821 -0.888007 -0.00282594 148.718 0.887901 0.459711 0.0172504 108.703 -0.0140193 -0.0104412 0.999847 0
0.456376 -0.88978 -0.00343871 149.502 0.889787 0.456372 0.0018592 110.222 -8.49525e-05 -0.00390821 0.999992 0
0.452628 -0.89169 0.00417067 150.269 0.891652 0.452551 -0.012456 111.751 0.00921949 0.00935675 0.999914 0
0.449677 -0.893172 0.00588283 151.047 0.893179 0.449696 0.00238344 113.276 -0.00477431 0.00418264 0.99998 0
0.447883 -0.894073 0.00591084 151.81 0.894092 0.44788 -0.00195355 114.792 -0.000900733 0.0061598 0.999981 0
0.447192 -0.894434 -0.00261713 152.574 0.894436 0.447195 -0.000961353 116.296 0.00203023 -0.00191094 0.999996 0
0.445863 -0.895083 -0.00561525 153.329 0.895092 0.445822 0.00730313 117.793 -0.00403351 -0.00828236 0.999958 0
0.444815 -0.895577 -0.00902919 154.075 0.895613 0.444742 0.00909521 119.276 -0.00412981 -0.0121323 0.999918 0
0.442751 -0.896523 -0.014743 154.807 0.896637 0.442753 0.0033354 120.738 0.00353722 -0.0146958 0.999886 0
0.439456 -0.898194 -0.0112444 155.519 0.898255 0.439361 0.00996127 122.174 -0.00400682 -0.0144779 0.999887 0
0.437603 -0.899034 -0.015552 156.211 0.899165 0.43749 0.010228 123.573 -0.00239145 -0.0184596 0.999827 0
0.439902 -0.897663 -0.0262344 157.22 0.897985 0.440026 0.00116317 125.605 0.0104997 -0.0240698 0.999655 0
0.449607 -0.892969 -0.0214603 158.208 0.893109 0.449808 -0.00543468 127.55 0.014506 -0.0167229 0.999755 0
0.463961 -0.885448 -0.0268713 159.185 0.885758 0.464146 -0.000753131 129.403 0.0131391 -0.0234521 0.999639 0
0.481187 -0.875865 -0.0363354 160.158 0.876114 0.481903 -0.013954 131.159 0.0297319 -0.0251194 0.999242 0
0.498644 -0.866308 -0.0293957 161.133 0.866492 0.49909 -0.0100354 132.858 0.0233648 -0.020467 0.999518 0
0.509541 -0.860225 -0.019536 162.119 0.860278 0.509759 -0.00823987 134.521 0.0170468 -0.0126078 0.999775 0
0.509049 -0.860557 -0.017656 163.123 0.860683 0.50914 -0.000810186 136.191 0.00968657 -0.0147838 0.999844 0
0.505695 -0.861946 -0.0363484 164.151 0.862331 0.506275 -0.00840365 137.871 0.0256458 -0.0270947 0.999304 0
0.495476 -0.867947 -0.034234 165.166 0.868313 0.495966 -0.00711543 139.599 0.0231547 -0.0262003 0.999389 0
0.484636 -0.874634 -0.0119472 166.176 0.874683 0.484454 0.0152886 141.379 -0.00758405 -0.0178595 0.999812 0
0.478223 -0.878031 -0.0190905 166.854 0.878237 0.478146 0.00870961 142.576 0.00148075 -0.0209311 0.99978 0
0.471138 -0.882055 -0.00300788 167.847 0.882051 0.471146 -0.00278605 144.426 0.0038746 -0.00134049 0.999992 0
0.467369 -0.884036 0.00678594 168.507 0.884062 0.467365 -0.00215737 145.671 -0.00126432 0.00700748 0.999975 0
0.462939 -0.886195 0.0185963 169.481 0.886379 0.462724 -0.0147867 147.537 0.00449894 0.0233286 0.999718 0
0.459875 -0.887636 0.0248578 170.126 0.887977 0.459801 -0.00896511 148.777 -0.00347189 0.026196 0.999651 0
0.458073 -0.888561 0.025083 171.075 0.88889 0.457667 -0.0203936 150.618 0.00664127 0.0316378 0.999477 0
0.457118 -0.889197 0.0192833 172.004 0.889316 0.456657 -0.0241044 152.411 0.0126277 0.0281675 0.999523 0
0.45415 -0.890377 0.0312529 172.875 0.890899 0.454125 -0.00829184 154.12 -0.00680987 0.031609 0.999477 0
0.443744 -0.895139 0.0426289 173.658 0.896086 0.44379 -0.0088958 155.698 -0.0109553 0.0421467 0.999051 0
0.402742 -0.914184 0.0454542 174.323 0.915313 0.402248 -0.0199524 157.15 -4.36528e-05 0.0496406 0.998767 0
0.297177 -0.95338 0.0524673 174.998 0.954815 0.296516 -0.0201501 159.025 0.0036533 0.0560847 0.998419 0
0.134454 -0.990186 0.0381316 175.38 0.990533 0.133227 -0.0330862 160.851 0.0276813 0.0422192 0.998725 0
-0.134139 -0.990816 -0.0170115 175.389 0.990368 -0.133445 -0.0369299 162.986 0.0343207 -0.0218014 0.999173 0
-0.353968 -0.934094 -0.0466289 174.974 0.93523 -0.353899 -0.00999332 164.545 -0.00716722 -0.047146 0.998862 0
-0.551035 -0.833209 -0.0460856 174.246 0.834046 -0.551692 0.00188256 165.919 -0.0269936 -0.0374001 0.998936 0
-0.72243 -0.690982 -0.025296 173.166 0.69125 -0.722611 -0.00270474 167.128 -0.0164102 -0.0194398 0.999676 0
-0.830697 -0.556272 -0.0224679 171.719 0.55647 -0.830861 -0.00326561 168.241 -0.0168511 -0.0152154 0.999742 0
-0.873426 -0.486618 -0.0181664 170.431 0.486819 -0.873459 -0.00874805 169.016 -0.0116106 -0.0164845 0.999797 0
-0.895184 -0.44532 -0.0183472 168.997 0.445614 -0.895055 -0.0174542 169.772 -0.00864907 -0.0238005 0.999679 0
-0.901179 -0.433138 -0.0163641 167.414 0.433407 -0.900968 -0.0203914 170.553 -0.00591126 -0.0254686 0.999658 0
-0.900715 -0.434111 -0.0161436 165.676 0.434364 -0.900542 -0.0187705 171.4 -0.00638957 -0.023919 0.999693 0
-0.899165 -0.437457 -0.011551 164.429 0.437601 -0.898995 -0.0176907 172.01 -0.00264539 -0.0209616 0.999777 0
-0.897305 -0.441348 -0.00749936 163.109 0.44141 -0.897133 -0.0175743 172.663 0.00102847 -0.0190798 0.999817 0
-0.895157 -0.445704 -0.00649801 161.717 0.445746 -0.894979 -0.0179932 173.362 0.00220404 -0.0190032 0.999817 0
-0.892869 -0.450299 -0.00405235 160.257 0.45031 -0.892768 -0.0136453 174.102 0.00252667 -0.0140083 0.999899 0
-0.89066 -0.454662 -0.00292051 158.741 0.454665 -0.890594 -0.0110286 174.88 0.00241331 -0.0111506 0.999935 0
-0.888822 -0.458191 -0.00755578 157.191 0.458234 -0.888814 -0.00557752 175.684 -0.00416012 -0.00841974 0.999956 0
-0.887732 -0.460293 -0.00788423 155.636 0.460331 -0.887739 -0.00383896 176.499 -0.00523209 -0.00703732 0.999962 0
-0.888051 -0.459744 -0.000502419 154.087 0.45974 -0.888037 -0.00546401 177.313 0.00206588 -0.0050833 0.999985 0
-0.889758 -0.456418 -0.00372555 152.534 0.456419 -0.889765 0.000523905 178.12 -0.00355398 -0.00123426 0.999993 0
-0.891701 -0.452564 -0.00736508 150.983 0.452518 -0.891726 0.007185 178.918 -0.00981931 0.00307405 0.999947 0
-0.893546 -0.448958 -0.00353896 149.436 0.448931 -0.893543 0.00644973 179.709 -0.00605787 0.00417437 0.999973 0
-0.894817 -0.446433 -0.000333311 147.893 0.44643 -0.894813 0.003153 180.494 -0.00170585 0.00267256 0.999995 0
-0.895308 -0.445448 -0.000361154 146.358 0.445446 -0.895302 -0.00352995 181.276 0.00124907 -0.00332127 0.999994 0
-0.895098 -0.445864 0.00208215 144.832 0.445819 -0.895058 -0.0108433 182.055 0.00669829 -0.00877758 0.999939 0
-0.893565 -0.448933 0.00130578 143.315 0.44888 -0.893497 -0.0130264 182.831 0.0070147 -0.0110538 0.999914 0
-0.891327 -0.453357 0.00215094 141.81 0.453314 -0.891292 -0.0102703 183.603 0.0065732 -0.0081791 0.999945 0
-0.889299 -0.457306 0.00438406 140.318 0.457307 -0.889309 -0.000884823 184.369 0.00430341 0.00121799 0.99999 0
-0.887095 -0.461525 0.00758805 138.844 0.461539 -0.88712 0.000114916 185.138 0.00667847 0.00360412 0.999971 0
-0.885985 -0.463624 0.00917015 137.382 0.46368 -0.885987 0.0053108 185.903 0.00566242 0.0089573 0.999944 0
-0.886142 -0.463406 0.00273199 135.933 0.463412 -0.886108 0.00785938 186.668 -0.00122124 0.00823057 0.999965 0
-0.887922 -0.459983 0.0030087 134.495 0.459993 -0.887904 0.00576031 187.421 2.1785e-05 0.00649869 0.999979 0
-0.89064 -0.454657 0.00681029 133.065 0.454672 -0.890659 0.000662208 188.159 0.00576457 0.00368624 0.999977 0
-0.894332 -0.447358 0.00640066 131.64 0.447347 -0.894355 -0.00319275 188.881 0.00715277 7.93648e-06 0.999974 0
-0.897712 -0.440581 0.00157055 130.22 0.440565 -0.897701 -0.00603312 189.588 0.00406795 -0.00472407 0.999981 0
-0.900501 -0.434831 -0.0044771 128.811 0.434853 -0.900433 -0.0111 190.28 0.000795322 -0.0119425 0.999928 0
-0.901748 -0.432199 -0.00738688 127.422 0.432259 -0.901541 -0.0193833 190.959 0.00171784 -0.0206719 0.999785 0
-0.901847 -0.431904 -0.0114435 126.067 0.432054 -0.901465 -0.0262715 191.622 0.00103086 -0.0286371 0.999589 0
-0.900837 -0.433879 -0.0155843 124.124 0.434158 -0.900242 -0.0327142 192.573 0.000164329 -0.0362362 0.999343 0
-0.896624 -0.442319 -0.020492 122.303 0.442786 -0.895914 -0.035765 193.474 -0.00253953 -0.0411413 0.99915 0
-0.891218 -0.453144 -0.0197782 120.606 0.453575 -0.890409 -0.0379652 194.338 -0.000407038 -0.0428062 0.999083 0
-0.885574 -0.464107 -0.0190614 119.031 0.464498 -0.884851 -0.0357734 195.158 -0.000263785 -0.040534 0.999178 0
-0.878497 -0.477329 -0.0199739 117.603 0.477747 -0.877771 -0.0357161 195.93 -0.000484154 -0.040919 0.999162 0
-0.867488 -0.496942 -0.0226721 115.929 0.497437 -0.866975 -0.0301783 196.872 -0.00465928 -0.0374573 0.999287 0
-0.854432 -0.518948 -0.0252592 114.508 0.519506 -0.854047 -0.02679 197.718 -0.00766995 -0.0360126 0.999322 0
-0.838061 -0.545188 -0.0206003 113.104 0.545559 -0.83774 -0.0236156 198.601 -0.00438272 -0.03103 0.999509 0
-0.825033 -0.565062 -0.00508286 111.787 0.564996 -0.824711 -0.0251321 199.461 0.0100093 -0.0236066 0.999671 0
-0.79234 -0.610019 0.00864536 110.653 0.609386 -0.792034 -0.0364666 200.226 0.0290927 -0.0236256 0.999297 0
-0.703001 -0.71118 0.00371142 109.531 0.710852 -0.702819 -0.0271096 201.232 0.0218882 -0.0164198 0.999626 0
-0.549992 -0.835167 0.00235376 108.565 0.835135 -0.549993 -0.00754178 202.461 0.0075932 -0.00218221 0.999969 0
-0.305769 -0.952103 0.00232237 107.827 0.952104 -0.305773 -0.00138412 204.127 0.00202794 0.00178792 0.999996 0
0.00591701 -0.999968 0.00542466 107.596 0.999932 0.00586213 -0.0100788 206.213 0.0100467 0.00548393 0.999934 0
0.231508 -0.97269 0.0166512 107.893 0.972813 0.231359 -0.0104007 208.132 0.00626428 0.0186064 0.999807 0
0.359092 -0.933164 0.0160559 108.424 0.933286 0.358931 -0.0120977 209.673 0.0055262 0.0193289 0.999798 0
0.439678 -0.897911 0.0209549 109.166 0.898155 0.439548 -0.0107221 211.287 0.000416799 0.023535 0.999723 0
0.478591 -0.877701 0.0243095 110.061 0.878036 0.478469 -0.0109934 212.981 -0.00198242 0.0266059 0.999644 0
0.496102 -0.867919 0.0244996 111.067 0.868264 0.495907 -0.0139008 214.773 -8.47351e-05 0.0281684 0.999603 0
0.500986 -0.86509 0.0251409 112.16 0.865453 0.500839 -0.0122923 216.675 -0.00195758 0.0279165 0.999608 0
0.500809 -0.865128 0.0272632 112.93 0.865536 0.500769 -0.00877385 218.01 -0.00606208 0.0279913 0.99959 0
0.49719 -0.867215 0.0272087 113.723 0.867634 0.497071 -0.011448 219.4 -0.00359678 0.0292991 0.999564 0
0.493873 -0.869295 0.0203872 114.541 0.869513 0.493563 -0.018505 220.843 0.00602393 0.026866 0.999621 0
0.491964 -0.870468 0.0160123 115.385 0.870596 0.491744 -0.0158446 222.333 0.00591822 0.0217352 0.999746 0
0.490623 -0.871009 0.0251655 116.248 0.87131 0.490728 -0.00223647 223.872 -0.0104014 0.0230242 0.999681 0
0.489456 -0.871523 0.0296769 117.124 0.871985 0.489487 -0.00671508 225.453 -0.0086741 0.0291645 0.999537 0
0.487443 -0.872771 0.0258875 118.021 0.873143 0.48707 -0.0195922 227.079 0.0044905 0.0321535 0.999473 0
0.485509 -0.87394 0.0225671 118.944 0.8742 0.48511 -0.021056 228.75 0.00745411 0.029951 0.999524 0
0.483871 -0.874798 0.0244314 119.89 0.875134 0.483775 -0.0101122 230.467 -0.00297314 0.0262738 0.99965 0
0.483689 -0.874782 0.0283172 120.853 0.875176 0.483791 -0.00360049 232.223 -0.01055 0.0265241 0.999592 0
0.483462 -0.874952 0.0268921 121.828 0.875357 0.483364 -0.010465 234.01 -0.00384227 0.0285996 0.999584 0
0.48322 -0.87511 0.0260947 122.818 0.875499 0.482997 -0.014665 235.828 0.000229799 0.0299323 0.999552 0
0.480842 -0.876308 0.0295863 123.817 0.876797 0.480722 -0.0115301 237.669 -0.00411884 0.0314853 0.999496 0
0.477871 -0.8779 0.0305166 124.813 0.878429 0.477645 -0.0147754 239.524 -0.0016048 0.0338674 0.999425 0
0.475248 -0.879481 0.0255398 125.809 0.879823 0.474795 -0.0219485 241.392 0.00717715 0.0329015 0.999433 0
0.471942 -0.881312 0.0236684 126.805 0.881611 0.471591 -0.0190643 243.27 0.00563976 0.0298636 0.999538 0
0.46977 -0.882463 0.0239952 127.793 0.882786 0.469666 -0.0101571 245.146 -0.00230649 0.0259541 0.99966 0
0.468598 -0.883145 0.0217082 128.77 0.8834 0.468574 -0.00651993 247.014 -0.00441385 0.0222323 0.999743 0
0.469191 -0.882872 0.0199027 129.74 0.883097 0.469083 -0.0100917 248.872 -0.0004263 0.022311 0.999751 0
0.469341 -0.882832 0.0180809 130.702 0.882994 0.469082 -0.0168639 250.718 0.00640653 0.0238802 0.999694 0
0.469743 -0.882663 0.0157178 131.66 0.882791 0.469567 -0.013687 252.552 0.00470048 0.0203049 0.999783 0
0.470172 -0.882461 0.0141756 132.614 0.882574 0.470089 -0.00892278 254.374 0.0012102 0.0167063 0.99986 0
0.470471 -0.882308 0.0138067 133.567 0.882401 0.470495 -0.00167492 256.191 -0.00501821 0.0129711 0.999903 0
0.471859 -0.881618 0.0099621 134.521 0.881657 0.47189 0.000929864 258.001 -0.0055208 0.00834439 0.99995 0
0.472975 -0.881075 0.00118446 135.476 0.88107 0.472966 -0.00428224 259.806 0.00321276 0.00306898 0.99999 0
0.473981 -0.880514 -0.00604911 136.435 0.880514 0.474006 -0.00373092 261.608 0.00615244 -0.00355794 0.999975 0
0.474103 -0.880435 -0.00775826 137.395 0.880453 0.474129 -0.00185571 263.414 0.00531225 -0.00595098 0.999968 0
0.473614 -0.880705 -0.00687582 138.355 0.88073 0.473617 0.00131252 265.23 0.00210057 -0.00667737 0.999976 0
0.473778 -0.88061 -0.00778937 139.321 0.880642 0.473778 0.0018828 267.059 0.00203242 -0.00775168 0.999968 0
0.475945 -0.879438 -0.008048 140.298 0.879472 0.475946 0.00190035 268.903 0.00215917 -0.00798246 0.999966 0
0.477163 -0.878763 -0.00955802 141.285 0.878812 0.477161 0.00257827 270.764 0.00229503 -0.00962996 0.999951 0
0.47786 -0.878374 -0.0104114 142.283 0.878425 0.47788 0.000663814 272.639 0.00439231 -0.00946283 0.999946 0
0.477277 -0.878644 -0.0138199 143.29 0.878697 0.477365 -0.0037303 274.53 0.00987474 -0.0103631 0.999898 0
0.476789 -0.878938 -0.0118326 144.303 0.879014 0.476782 0.00357053 276.437 0.00250328 -0.0121034 0.999924 0
0.476082 -0.879348 -0.00966481 145.317 0.8794 0.476033 0.00700632 278.343 -0.00156023 -0.0118348 0.999929 0
0.475534 -0.879676 -0.00610446 146.325 0.879695 0.475503 0.00585271 280.242 -0.0022458 -0.00815322 0.999964 0
0.474195 -0.880404 -0.00520114 147.325 0.880417 0.474201 0.000191776 282.133 0.00229754 -0.00467011 0.999986 0
0.472489 -0.881333 -0.00246113 148.319 0.881336 0.47249 8.07431e-06 284.019 0.00115574 -0.00217289 0.999997 0
0.470351 -0.88246 0.00592698 149.304 0.882465 0.470371 0.00254394 285.899 -0.0050328 0.00403381 0.999979 0
0.468058 -0.883663 0.00789053 150.278 0.883698 0.468043 -0.00379902 287.766 -0.00033605 0.008751 0.999962 0
0.465416 -0.885053 0.00836445 151.241 0.885085 0.465354 -0.00835497 289.615 0.00350216 0.0112918 0.99993 0
0.461673 -0.886959 0.0127501 152.182 0.88705 0.461633 -0.00606228 291.44 -0.000508889 0.0141088 0.9999 0
0.45766 -0.888933 0.0186036 153.099 0.88911 0.45768 -0.00342106 293.235 -0.00547342 0.0181064 0.999821 0
0.453455 -0.89103 0.0210835 153.991 0.89127 0.453431 -0.00620504 295.005 -0.00403103 0.0216048 0.999758 0
0.448993 -0.893331 0.019131 154.862 0.893535 0.448907 -0.00878708 296.746 -0.000738283 0.0210396 0.999778 0
0.444621 -0.895553 0.0172331 155.707 0.895719 0.444534 -0.00882191 298.45 0.000239783 0.0193584 0.999813 0
0.440833 -0.897464 0.0150208 156.527 0.897588 0.440796 -0.00588486 300.118 -0.00133965 0.0160767 0.99987 0
0.438019 -0.898884 0.0121205 157.318 0.898964 0.437953 -0.00784297 301.741 0.00174173 0.0143312 0.999896 0
0.437051 -0.899371 0.0108722 158.08 0.899436 0.436997 -0.0070091 303.31 0.00155268 0.0128421 0.999916 0
0.436939 -0.899399 0.0128765 158.808 0.899491 0.436902 -0.00572874 304.816 -0.000473351 0.0140854 0.999901 0
0.436793 -0.89943 0.0154244 159.497 0.899559 0.436774 -0.00473857 306.247 -0.00247499 0.015945 0.99987 0
0.436377 -0.899591 0.0176222 160.146 0.899746 0.436408 -0.00224336 307.599 -0.00567238 0.0168345 0.999842 0
0.436787 -0.89942 0.0161477 161.045 0.899562 0.436764 -0.00515964 309.468 -0.00241205 0.0167795 0.999856 0
0.436352 -0.899687 0.0126737 161.857 0.899776 0.436294 -0.00715444 311.154 0.0009073 0.0145253 0.999894 0
0.429821 -0.902793 0.0147641 162.572 0.902901 0.429844 -0.00175586 312.66 -0.00476109 0.0140852 0.999889 0
0.395238 -0.918553 0.0068983 163.357 0.918561 0.395172 -0.00915785 314.411 0.00568596 0.00995604 0.999934 0
0.311453 -0.950262 0.00055936 163.967 0.950238 0.311441 -0.00718954 316.046 0.00665773 0.00277073 0.999974 0
0.164245 -0.986419 -0.00124428 164.34 0.986414 0.164248 -0.00303892 317.65 0.00320202 -0.000728245 0.999995 0
-0.0840053 -0.996397 -0.0116704 164.398 0.996409 -0.0841196 0.00966975 319.629 -0.0106166 -0.0108162 0.999885 0
-0.314207 -0.949337 -0.0058321 164.01 0.949057 -0.314257 0.0231078 321.285 -0.0237698 0.00172564 0.999716 0
-0.488354 -0.872558 0.0123232 163.406 0.872431 -0.487872 0.029069 322.519 -0.0193523 0.0249472 0.999501 0
-0.652586 -0.75733 0.0241359 162.529 0.757708 -0.652378 0.0167696 323.674 0.00304565 0.0292316 0.999568 0
-0.787462 -0.615416 0.0341712 161.368 0.616191 -0.787341 0.0200466 324.685 0.0145674 0.036842 0.999215 0
-0.871124 -0.490955 0.0102564 159.983 0.49098 -0.871171 -0.000155578 325.576 0.00901143 0.00490014 0.999947 0
-0.906901 -0.421305 -0.00579028 158.396 0.421326 -0.906904 -0.00311495 326.362 -0.00393889 -0.00526455 0.999978 0
-0.915958 -0.401224 0.00637518 156.692 0.401035 -0.915844 -0.0200145 327.129 0.013869 -0.0157758 0.999779 0
-0.914245 -0.404924 0.0138962 154.879 0.404696 -0.914301 -0.0166146 327.917 0.0194329 -0.00956612 0.999765 0
-0.911534 -0.411153 0.0076896 152.974 0.410978 -0.911475 -0.0176148 328.766 0.0142512 -0.0128962 0.999815 0
-0.905569 -0.424161 0.00564608 150.971 0.423864 -0.905304 -0.0276366 329.695 0.0168338 -0.0226337 0.999602 0
-0.900908 -0.434009 -0.000512277 149.572 0.433837 -0.900516 -0.0292491 330.365 0.0122331 -0.026573 0.999572 0
-0.896922 -0.442167 -0.0043468 148.122 0.442091 -0.896475 -0.0298007 331.077 0.0092801 -0.0286506 0.999546 0
-0.893414 -0.449235 0.000110029 146.618 0.449041 -0.893036 -0.0291346 331.825 0.0131865 -0.0259799 0.999575 0
-0.890052 -0.455823 -0.00572765 145.065 0.455816 -0.889723 -0.0249942 332.613 0.00629694 -0.0248569 0.999671 0
-0.886827 -0.461927 -0.0127467 143.478 0.462095 -0.886634 -0.0186722 333.43 -0.00267653 -0.0224492 0.999744 0
-0.884186 -0.466992 -0.0115884 141.875 0.467135 -0.883956 -0.0201839 334.273 -0.000817951 -0.0232596 0.999729 0
-0.882827 -0.469655 -0.00641477 140.252 0.469671 -0.882544 -0.022927 335.134 0.00510646 -0.0232534 0.999717 0
-0.882834 -0.469633 -0.00693698 138.611 0.469665 -0.882569 -0.0220757 336.004 0.00424513 -0.0227473 0.999732 0
-0.883783 -0.467819 -0.00856104 136.968 0.467889 -0.883518 -0.0217955 336.871 0.00263248 -0.0232681 0.999726 0
-0.884749 -0.465932 -0.0112604 135.333 0.466067 -0.884441 -0.0233631 337.733 0.00092648 -0.0259186 0.999664 0
-0.885585 -0.464332 -0.0116682 133.702 0.464478 -0.885279 -0.0232591 338.587 0.000470349 -0.0260175 0.999661 0
-0.887105 -0.461464 -0.00976774 132.077 0.461559 -0.886765 -0.0247192 339.432 0.00274534 -0.0264369 0.999647 0
-0.890105 -0.455554 -0.0135633 130.449 0.455754 -0.88979 -0.0236929 340.264 -0.00127506 -0.0272707 0.999627 0
-0.893421 -0.448808 -0.0192424 128.824 0.449174 -0.893125 -0.023889 341.083 -0.00646432 -0.0299861 0.999529 0
-0.895945 -0.443826 -0.0173649 127.204 0.444161 -0.895439 -0.0301739 341.892 -0.00215728 -0.0347469 0.999394 0
-0.897488 -0.440796 -0.0146514 125.58 0.441039 -0.896973 -0.0303789 342.685 0.000249007 -0.0337265 0.999431 0
-0.897656 -0.440294 -0.0188483 123.964 0.440669 -0.897257 -0.0272093 343.473 -0.00493164 -0.0327304 0.999452 0
-0.896202 -0.443331 -0.0167162 122.355 0.443643 -0.8957 -0.0300503 344.261 -0.00165045 -0.0343471 0.999409 0
-0.892974 -0.449684 -0.0195325 120.756 0.450102 -0.892359 -0.0332366 345.06 -0.00248396 -0.038471 0.999257 0
-0.88849 -0.458307 -0.0232656 119.166 0.458862 -0.887901 -0.0328176 345.87 -0.00561701 -0.0398338 0.999191 0
-0.883644 -0.467519 -0.0244883 117.591 0.46811 -0.883103 -0.0316628 346.693 -0.00682267 -0.0394419 0.999199 0
-0.878589 -0.477018 -0.0231269 116.032 0.477547 -0.878054 -0.031151 347.526 -0.00544711 -0.0384131 0.999247 0
-0.873626 -0.486129 -0.0213319 114.491 0.486591 -0.872993 -0.0333544 348.374 -0.00240809 -0.0395192 0.999216 0
-0.868589 -0.495039 -0.0221428 112.965 0.495525 -0.867972 -0.0328452 349.233 -0.00295964 -0.0395013 0.999215 0
-0.863911 -0.502985 -0.0257711 111.456 0.503603 -0.863362 -0.0314553 350.103 -0.00642831 -0.040153 0.999173 0
-0.860347 -0.509023 -0.0264347 109.97 0.509627 -0.859981 -0.0267086 350.971 -0.00913805 -0.0364506 0.999294 0
-0.858397 -0.512505 -0.0222074 108.535 0.512938 -0.858103 -0.0235157 351.817 -0.00700429 -0.0315768 0.999477 0
-0.857599 -0.513971 -0.0189093 107.164 0.514282 -0.857396 -0.0196279 352.627 -0.00612462 -0.0265576 0.999629 0
-0.857898 -0.513613 -0.0145636 105.865 0.513803 -0.857755 -0.0162063 353.394 -0.0041682 -0.0213861 0.999763 0
-0.862131 -0.506513 -0.013249 104.057 0.506639 -0.862111 -0.00898049 354.447 -0.00687341 -0.0144548 0.999872 0
-0.870498 -0.492029 -0.0118398 102.424 0.492102 -0.870528 -0.00415076 355.368 -0.0082646 -0.00943962 0.999921 0
-0.881242 -0.472589 -0.00852389 100.848 0.472636 -0.881246 -0.00456261 356.218 -0.00535541 -0.00804946 0.999953 0
-0.891638 -0.452696 -0.00693281 99.2769 0.452738 -0.891618 -0.00669263 357.022 -0.0031517 -0.00910615 0.999954 0
-0.90038 -0.435104 0.000540956 97.7107 0.435074 -0.900331 -0.010661 357.782 0.00512566 -0.00936355 0.999943 0
-0.90714 -0.420826 0.00182975 96.1105 0.420752 -0.907048 -0.0152328 358.528 0.00807004 -0.0130484 0.999882 0
-0.912388 -0.409314 0.00309067 94.4471 0.409203 -0.912274 -0.0175768 359.272 0.010014 -0.0147721 0.999841 0
-0.914849 -0.403778 0.00381261 92.7197 0.403587 -0.914637 -0.0235827 360.034 0.0130093 -0.0200359 0.999715 0
-0.915083 -0.403245 -0.00394229 90.9067 0.403232 -0.914841 -0.0216657 360.825 0.00513 -0.0214155 0.999758 0
-0.91291 -0.406908 -0.0319693 88.9864 0.407548 -0.913031 -0.0167338 361.675 -0.0223798 -0.0283055 0.999349 0
-0.910636 -0.412576 -0.0228679 87.6584 0.413097 -0.910283 -0.0271144 362.278 -0.00962953 -0.034138 0.999371 0
-0.907486 -0.419823 -0.0147792 86.2777 0.420083 -0.906879 -0.0331744 362.917 0.00052448 -0.0363138 0.99934 0
-0.903045 -0.427747 -0.0392605 84.8325 0.42874 -0.903173 -0.0214465 363.597 -0.0262853 -0.0361997 0.998999 0
-0.900633 -0.433856 -0.0250888 83.3498 0.434428 -0.900348 -0.0254286 364.306 -0.0115563 -0.0338011 0.999362 0
-0.897681 -0.44053 -0.0100997 81.8187 0.44058 -0.896919 -0.0377517 365.058 0.00757209 -0.0383387 0.999236 0
-0.892483 -0.450203 -0.0281454 80.2355 0.451036 -0.891544 -0.041433 365.863 -0.00643956 -0.0496729 0.998745 0
-0.886511 -0.462384 -0.0173097 78.6206 0.462647 -0.885167 -0.0493637 366.71 0.00750295 -0.0517698 0.998631 0
-0.880175 -0.474649 0.000943548 76.9647 0.474072 -0.8792 -0.0475595 367.587 0.0234036 -0.0414133 0.998868 0
-0.873293 -0.487049 -0.0119303 75.2748 0.487164 -0.872699 -0.0326855 368.515 0.00550789 -0.0343561 0.999394 0
-0.867934 -0.496507 -0.013083 73.5729 0.496676 -0.867539 -0.0262427 369.484 0.00167967 -0.029275 0.99957 0
-0.865941 -0.500086 -0.00773288 71.859 0.500102 -0.865559 -0.0265613 370.474 0.00658967 -0.0268678 0.999617 0
-0.865687 -0.500527 -0.00769954 70.1351 0.500565 -0.865407 -0.0224854 371.471 0.0045913 -0.0233194 0.999718 0
-0.867152 -0.497859 -0.0135551 68.4071 0.498042 -0.866904 -0.0207884 372.472 -0.00140123 -0.0247777 0.999692 0
-0.870262 -0.492443 -0.0120063 66.6741 0.492589 -0.870037 -0.0197917 373.465 -0.000699665 -0.0231382 0.999732 0
-0.873573 -0.486685 0.00274666 64.9396 0.486545 -0.873434 -0.0196739 374.435 0.011974 -0.0158503 0.999803 0
-0.877138 -0.480238 -0.000440511 63.2006 0.480214 -0.877086 -0.0107091 375.388 0.00475655 -0.00960492 0.999943 0
-0.879832 -0.475268 -0.00404921 61.4693 0.475283 -0.879769 -0.0105916 376.333 0.00147147 -0.0112433 0.999936 0
-0.88214 -0.470984 -0.00183557 59.7489 0.470923 -0.881949 -0.0199286 377.27 0.00776719 -0.0184443 0.9998 0
-0.884252 -0.467009 8.18246e-05 58.0286 0.466921 -0.884089 -0.019282 378.188 0.00907724 -0.017012 0.999814 0
-0.886772 -0.462171 -0.00580012 56.3075 0.462207 -0.886717 -0.00985636 379.09 -0.000587746 -0.0114212 0.999935 0
-0.889852 -0.456107 -0.0113722 54.5879 0.456174 -0.889881 -0.00408539 379.978 -0.00825653 -0.00882309 0.999927 0
-0.893045 -0.449953 -0.00353476 52.8791 0.449961 -0.892967 -0.0120258 380.852 0.00225464 -0.0123301 0.999921 0
-0.895401 -0.445252 -0.00291464 51.1682 0.445254 -0.895331 -0.0114032 381.71 0.00246774 -0.0115082 0.999931 0
-0.89721 -0.441506 -0.00927963 49.4598 0.441562 -0.897216 -0.00512075 382.555 -0.00606499 -0.00869192 0.999944 0
-0.898234 -0.439366 -0.0115202 47.7614 0.439409 -0.898286 -0.00130598 383.388 -0.0097746 -0.00623513 0.999933 0
-0.898316 -0.439159 -0.0129761 46.0779 0.439259 -0.89834 -0.00608797 384.22 -0.00898333 -0.0111688 0.999897 0
-0.897818 -0.44023 -0.0109424 44.4067 0.440345 -0.897742 -0.0124833 385.048 -0.0043279 -0.0160262 0.999862 0
-0.897227 -0.441537 -0.00532399 42.7479 0.441568 -0.897124 -0.0136656 385.868 0.00125761 -0.0146121 0.999892 0
-0.897068 -0.44177 -0.010371 41.1025 0.441857 -0.897046 -0.00844802 386.682 -0.00557122 -0.012161 0.999911 0
-0.897051 -0.441682 -0.0147108 39.4804 0.441766 -0.897126 -0.00289381 387.481 -0.0119193 -0.00909462 0.999888 0
-0.896887 -0.442112 -0.0114227 37.899 0.442176 -0.896921 -0.00364472 388.266 -0.00863386 -0.00831973 0.999928 0
-0.897007 -0.441821 -0.0131017 36.363 0.441915 -0.897041 -0.00531028 389.029 -0.00940657 -0.0105532 0.9999 0
-0.897406 -0.440961 -0.0147103 34.8823 0.441033 -0.897489 -0.0018906 389.761 -0.0123686 -0.00818435 0.99989 0
-0.898064 -0.439861 -0.00174777 33.4721 0.439864 -0.898063 -0.00157478 390.455 -0.000876924 -0.00218304 0.999997 0
-0.90155 -0.432614 -0.00731262 31.4764 0.432511 -0.901544 0.0123529 391.418 -0.0119367 0.00797392 0.999897 0
-0.906618 -0.421934 0.00380849 29.6526 0.421947 -0.906613 0.00359198 392.287 0.00193725 0.00486354 0.999986 0
-0.912788 -0.408433 0.000229959 27.9723 0.408428 -0.91278 -0.00444104 393.069 0.00202377 -0.00395981 0.99999 0
-0.923347 -0.38395 -0.00359289 26.3771 0.383957 -0.92335 -0.00136332 393.762 -0.00279405 -0.00263833 0.999993 0
-0.943896 -0.33023 0.00302965 24.8527 0.330237 -0.943895 0.00230038 394.338 0.00210002 0.00317182 0.999993 0
-0.982464 -0.186363 0.00568216 22.8414 0.186382 -0.982473 0.00298845 394.863 0.00502563 0.0039951 0.999979 0
-0.999591 0.0274957 0.00785323 20.8602 -0.0274278 -0.999587 0.00862697 394.981 0.00808719 0.00840805 0.999932 0
-0.96178 0.273774 0.00522403 18.9443 -0.273767 -0.961794 0.00214897 394.644 0.00561277 0.000636666 0.999984 0
