0.999993 -0.00339071 -0.0015314 0.683511 0.00338686 0.999991 -0.00254573 -0.00246108 0.00154001 0.00254053 0.999996 0.0113926
0.999981 -0.00544917 -0.00270636 1.5416 0.0054438 0.999983 -0.00204038 0.0441467 0.00271743 0.00202561 0.999994 0.0341365
0.999964 -0.00750668 -0.00388329 2.39967 0.00750086 0.999971 -0.00153994 0.0907515 0.00389473 0.00151076 0.999991 0.0568787
0.999941 -0.0095626 -0.00506191 3.25754 0.0095575 0.999954 -0.00104453 0.137344 0.00507166 0.000996096 0.999987 0.0796143
0.999913 -0.0116178 -0.00624276 4.11562 0.0116147 0.999933 -0.000553926 0.183945 0.00624876 0.000481378 0.99998 0.102354
0.999879 -0.0136719 -0.00742547 4.97366 0.0136718 0.999907 -6.82753e-05 0.230542 0.0074257 -3.32519e-05 0.999973 0.125091
0.999839 -0.0157243 -0.00860984 5.83151 0.0157285 0.999876 0.000412345 0.277128 0.00860228 -0.000547692 0.999963 0.147822
0.999794 -0.0177757 -0.00979614 6.6894 0.0177854 0.999842 0.000888044 0.323712 0.00977879 -0.00106209 0.999952 0.170552
0.999743 -0.0198263 -0.0109845 7.54743 0.0198425 0.999802 0.00135888 0.370302 0.0109554 -0.00157649 0.999939 0.193285
0.999687 -0.0218762 -0.012175 8.40567 0.0219001 0.999759 0.00182488 0.416902 0.0121322 -0.00209093 0.999924 0.216022
0.999624 -0.0239245 -0.0133671 9.26371 0.0239573 0.99971 0.00228581 0.463489 0.0133085 -0.00260518 0.999908 0.238753
0.999557 -0.0259711 -0.0145607 10.1215 0.0260137 0.999658 0.00274166 0.510061 0.0144845 -0.00311922 0.99989 0.261476
0.999483 -0.0280169 -0.0157564 10.9795 0.0280706 0.999601 0.00319265 0.556643 0.0156606 -0.00363328 0.999871 0.284203
0.999404 -0.0300616 -0.0169538 11.8376 0.0301274 0.99954 0.00363865 0.603221 0.0168366 -0.00414726 0.99985 0.306928
0.999343 -0.0319775 -0.0170386 12.6926 0.0320246 0.999484 0.00249265 0.648812 0.0169501 -0.00303666 0.999852 0.32847
0.999231 -0.0341402 -0.0193004 13.553 0.034232 0.999404 0.0044402 0.696303 0.0191373 -0.00509747 0.999804 0.352307
0.999118 -0.0357713 -0.0219775 14.4213 0.0358948 0.999342 0.00524769 0.745337 0.0217753 -0.00603194 0.999745 0.376225
0.999001 -0.037673 -0.0240187 15.3001 0.0378939 0.999243 0.00880115 0.800508 0.0236689 -0.00970252 0.999673 0.401679
0.998951 -0.0390457 -0.0239115 16.1893 0.0392971 0.999176 0.0101341 0.853286 0.0234962 -0.0110631 0.999663 0.42727
0.998925 -0.0406622 -0.0222689 17.0875 0.0408911 0.999115 0.00991604 0.906786 0.0218459 -0.010816 0.999703 0.454143
0.998892 -0.0421868 -0.0208425 17.9922 0.0424048 0.999049 0.0101229 0.957425 0.0203957 -0.0109955 0.999732 0.479875
0.998852 -0.0433878 -0.0202878 18.9021 0.043591 0.999003 0.00967692 1.01184 0.0198477 -0.0105502 0.999747 0.504029
0.998763 -0.0450946 -0.0209505 19.8154 0.0453073 0.998925 0.00978236 1.06417 0.0204868 -0.0107195 0.999733 0.528143
0.998688 -0.0462166 -0.0220385 20.7319 0.0464071 0.998889 0.00820759 1.11723 0.0216346 -0.00921957 0.999723 0.552623
0.998679 -0.0470487 -0.0206506 21.6574 0.047219 0.998854 0.00783421 1.16964 0.0202584 -0.00879896 0.999756 0.576968
0.998749 -0.0470957 -0.0168347 22.5902 0.0472601 0.998838 0.00949492 1.2264 0.016368 -0.0102786 0.999813 0.604083
0.998838 -0.0463773 -0.0131402 23.5266 0.0465151 0.998864 0.0103772 1.28129 0.012644 -0.0109764 0.99986 0.631932
0.998933 -0.0450024 -0.0104041 24.468 0.0451016 0.998937 0.00948719 1.33302 0.00996607 -0.00994631 0.999901 0.65516
0.999007 -0.0435803 -0.00925912 25.4127 0.0436665 0.999003 0.00930853 1.3847 0.00884421 -0.0097036 0.999914 0.674341
0.999036 -0.0423593 -0.0115455 26.3597 0.0424701 0.999053 0.00951861 1.43589 0.0111314 -0.00999977 0.999888 0.692364
0.999005 -0.0413425 -0.0167045 27.3114 0.0415203 0.999083 0.0104372 1.48748 0.0162576 -0.0111204 0.999806 0.711874
0.998989 -0.0401097 -0.0202901 28.2692 0.0403162 0.999138 0.00986452 1.5369 0.019877 -0.0106726 0.999746 0.733077
0.999038 -0.0393825 -0.019306 29.2367 0.0395341 0.99919 0.00752955 1.58425 0.0189938 -0.00828554 0.999785 0.757425
0.999109 -0.0396543 -0.0144381 30.212 0.0397411 0.999193 0.00576468 1.63206 0.0141979 -0.00633333 0.999879 0.78106
0.999124 -0.0405837 -0.0102044 31.191 0.0406126 0.999172 0.00262943 1.67992 0.0100892 -0.00304156 0.999945 0.804154
0.999083 -0.0416557 -0.00995399 32.1695 0.0416074 0.999122 -0.00501601 1.71977 0.0101542 0.00459726 0.999938 0.822788
0.99897 -0.0432537 -0.0137476 33.1486 0.0431463 0.999037 -0.00803115 1.76661 0.0140817 0.00742973 0.999873 0.839119
0.998832 -0.0447706 -0.0181634 34.1318 0.0446408 0.998975 -0.00749435 1.82087 0.0184803 0.00667478 0.999807 0.85957
0.998715 -0.046675 -0.019731 35.1397 0.046547 0.998892 -0.00690237 1.87939 0.0200313 0.00597508 0.999782 0.893357
0.998704 -0.0477528 -0.0175813 36.195 0.0476378 0.998841 -0.00691371 1.94308 0.0178911 0.00606723 0.999822 0.951986
0.998703 -0.0487666 -0.0146298 37.2381 0.048717 0.998806 -0.0037357 2.01035 0.0147945 0.00301815 0.999886 1.00249
0.998655 -0.050046 -0.0135613 38.2804 0.0500044 0.998743 -0.00340061 2.07594 0.0137144 0.00271792 0.999902 1.05119
0.99863 -0.0510714 -0.011402 39.3132 0.0510453 0.998693 -0.00258622 2.14009 0.0115192 0.00200066 0.999932 1.09052
0.99866 -0.051193 -0.00755968 40.3491 0.0511711 0.998685 -0.00308183 2.20518 0.0077075 0.00269087 0.999967 1.12956
0.998646 -0.0516483 -0.0061537 41.3708 0.0516654 0.998661 0.0026325 2.27926 0.00600949 -0.00294687 0.999978 1.15777
0.998651 -0.0516069 -0.00578508 42.3925 0.051628 0.99866 0.00351908 2.34979 0.00559571 -0.003813 0.999977 1.18565
0.998633 -0.0517426 -0.00743186 43.403 0.0517675 0.998654 0.00317277 2.41563 0.00725768 -0.00355316 0.999967 1.20784
0.99862 -0.0515033 -0.0102985 44.4079 0.051561 0.998655 0.0054084 2.48671 0.0100061 -0.00593194 0.999932 1.23441
0.99857 -0.0523899 -0.0106137 45.4081 0.0524496 0.998609 0.00540862 2.5513 0.0103156 -0.00595756 0.999929 1.26506
0.998515 -0.0537323 -0.00900052 46.4079 0.053765 0.998548 0.00341671 2.6129 0.00880385 -0.00389555 0.999954 1.29332
0.998476 -0.0546045 -0.00804941 47.4026 0.0546353 0.9985 0.003645 2.6801 0.0078383 -0.00407923 0.999961 1.32365
0.998442 -0.0548712 -0.0101319 48.3881 0.0549369 0.99847 0.00631537 2.75211 0.00976985 -0.00686214 0.999929 1.35196
0.998338 -0.0555412 -0.0153641 49.366 0.0556503 0.998428 0.00675812 2.82274 0.0149645 -0.0076019 0.999859 1.37766
0.998293 -0.0560128 -0.0165478 50.3466 0.0561375 0.998397 0.00716102 2.88986 0.0161202 -0.00807775 0.999838 1.40294
0.99832 -0.0563556 -0.013447 51.3282 0.056452 0.998382 0.00689313 2.95477 0.0130367 -0.00764065 0.999886 1.43555
0.998338 -0.0567082 -0.0102573 52.3039 0.0567544 0.998379 0.00425805 3.01827 0.00999916 -0.00483311 0.999938 1.46281
0.998332 -0.0570086 -0.00915749 53.2746 0.0570378 0.998368 0.00295107 3.0828 0.00897429 -0.00346847 0.999954 1.48843
0.998316 -0.0571833 -0.00977328 54.2369 0.0571858 0.998364 -3.67407e-05 3.14454 0.00975938 -0.000522215 0.999952 1.51082
0.998267 -0.0577438 -0.011315 55.2007 0.0577085 0.998328 -0.00343786 3.20201 0.0114946 0.00277893 0.99993 1.53254
0.998207 -0.058923 -0.0105264 56.1588 0.0588732 0.998253 -0.00498864 3.26379 0.0108019 0.00435998 0.999932 1.55438
0.998178 -0.0600279 -0.00610931 57.1214 0.0599804 0.99817 -0.00769441 3.32469 0.00656 0.00731396 0.999952 1.57404
0.998163 -0.0605806 -0.000576058 58.0826 0.0605727 0.99812 -0.00935005 3.39186 0.0011414 0.00929798 0.999956 1.58889
0.998129 -0.0611157 0.00164863 59.0342 0.0611271 0.998098 -0.00794649 3.46446 -0.00115984 0.00803241 0.999967 1.60297
0.998038 -0.0626137 -0.000861457 59.9749 0.0626071 0.998017 -0.00648241 3.53237 0.00126563 0.00641575 0.999979 1.61877
0.997903 -0.0640934 -0.00899427 60.8997 0.0640473 0.997933 -0.00532616 3.59537 0.00931704 0.00473893 0.999945 1.63412
0.99776 -0.0651713 -0.015089 61.8153 0.0651074 0.997867 -0.00469517 3.65671 0.0153628 0.00370225 0.999875 1.65421
0.997686 -0.0663977 -0.0146512 62.7257 0.0664108 0.997792 0.000401812 3.72951 0.0145922 -0.00137387 0.999893 1.67809
0.997662 -0.067266 -0.0121057 63.6244 0.0673166 0.997724 0.00380956 3.79788 0.0118219 -0.00461556 0.99992 1.70717
0.997589 -0.0686151 -0.0104169 64.5083 0.068687 0.997616 0.00669551 3.86672 0.00993269 -0.00739487 0.999923 1.73595
0.997494 -0.0698444 -0.0113034 65.3768 0.069924 0.997529 0.00679269 3.93236 0.010801 -0.00756604 0.999913 1.759
0.997387 -0.0714567 -0.0106326 66.2325 0.0715454 0.997404 0.0081996 4.00056 0.0100191 -0.00893889 0.99991 1.78175
0.997285 -0.0729507 -0.0100784 67.0749 0.0730465 0.997284 0.0094822 4.06823 0.00935933 -0.0101926 0.999904 1.80626
0.997174 -0.0745653 -0.00911096 67.9045 0.0746504 0.997166 0.00937751 4.1338 0.00838589 -0.0100311 0.999915 1.82933
0.99707 -0.0760308 -0.00840319 68.7224 0.0761051 0.99706 0.00889291 4.1985 0.00770234 -0.00950638 0.999925 1.8498
0.996978 -0.0774275 -0.00632021 69.5259 0.0774948 0.99693 0.0111711 4.26668 0.00543585 -0.0116271 0.999918 1.87018
0.996902 -0.0786296 -0.00197217 70.3209 0.0786489 0.996817 0.0130745 4.33572 0.000937844 -0.0131891 0.999913 1.88868
0.996755 -0.0805021 -0.000144111 71.098 0.0804947 0.996634 0.0155347 4.39912 -0.00110696 -0.0154959 0.999879 1.91036
0.996623 -0.0820327 -0.00372533 71.8506 0.082088 0.996453 0.0185005 4.46837 0.00219446 -0.0187438 0.999822 1.93176
0.99647 -0.0832121 -0.0111362 72.5819 0.0834149 0.996331 0.0191739 4.53384 0.00949978 -0.0200352 0.999754 1.953
0.996268 -0.0846799 -0.016722 73.2942 0.0849794 0.996219 0.0180888 4.59784 0.015127 -0.0194424 0.999697 1.97076
0.996184 -0.0851454 -0.0191987 73.9902 0.0855033 0.996163 0.0186529 4.66306 0.0175369 -0.0202232 0.999642 1.99235
0.996172 -0.085884 -0.0162755 74.6671 0.0862175 0.996054 0.0210341 4.72938 0.0144048 -0.0223568 0.999646 2.01978
0.996106 -0.0871763 -0.0131445 75.323 0.0874527 0.995922 0.0221629 4.79086 0.0111589 -0.0232262 0.999668 2.05237
0.995954 -0.0885047 -0.0155815 75.9553 0.088799 0.995862 0.0193292 4.84535 0.0138063 -0.0206346 0.999692 2.07902
0.995863 -0.0887069 -0.0197164 76.5685 0.0889446 0.99597 0.0115208 4.89106 0.0186149 -0.0132268 0.999739 2.10287
0.995818 -0.08789 -0.0249352 77.1623 0.0880906 0.996088 0.0070566 4.93949 0.0242174 -0.00922365 0.999664 2.129
0.996039 -0.0850607 -0.025916 77.7439 0.0853007 0.996321 0.00829342 4.99331 0.0251152 -0.0104712 0.99963 2.15479
0.996432 -0.0811364 -0.0232629 78.314 0.0814769 0.996576 0.0140778 5.0491 0.022041 -0.0159229 0.99963 2.18211
0.996856 -0.0766753 -0.0199814 78.8693 0.0769435 0.996951 0.0130108 5.09136 0.0189229 -0.0145073 0.999716 2.20594
0.997309 -0.0716127 -0.0156884 79.4129 0.071756 0.997384 0.00876268 5.11962 0.0150198 -0.00986483 0.999839 2.23099
0.997896 -0.0638774 -0.0111191 79.9435 0.0639341 0.997943 0.00480746 5.14545 0.0107891 -0.00550822 0.999927 2.25636
0.998496 -0.0536144 -0.011457 80.4561 0.0536983 0.998532 0.00713579 5.17349 0.0110576 -0.00774027 0.999909 2.27663
0.999167 -0.0390208 -0.0119409 80.957 0.0391721 0.999152 0.0126967 5.20546 0.0114353 -0.0131538 0.999848 2.29531
0.999714 -0.0211052 -0.0112259 81.4454 0.0213031 0.999615 0.0178003 5.22432 0.0108459 -0.0180344 0.999779 2.31248
0.999946 0.000147298 -0.0103773 81.92 2.89849e-05 0.999856 0.016979 5.22041 0.0103783 -0.0169784 0.999802 2.32714
0.999634 0.0255203 -0.0090039 82.3816 -0.0253965 0.999585 0.0135945 5.19834 0.00934708 -0.0133608 0.999867 2.34353
0.998507 0.0541666 -0.00708495 82.8344 -0.054078 0.998463 0.012141 5.16385 0.00773169 -0.0117397 0.999901 2.35916
0.996257 0.0862966 -0.00506091 83.2803 -0.0862322 0.996206 0.0117764 5.11649 0.00605797 -0.0112959 0.999918 2.37381
0.992439 0.122679 -0.00372309 83.717 -0.122628 0.992384 0.0117108 5.05084 0.0051314 -0.0111657 0.999925 2.38646
0.986608 0.16308 -0.00309 84.1452 -0.163033 0.986549 0.0119389 4.96915 0.00499543 -0.0112753 0.999924 2.39692
0.978334 0.207021 -0.00237392 84.5608 -0.206981 0.978275 0.011677 4.866 0.00473973 -0.0109326 0.999929 2.40909
0.967064 0.254517 -0.00275257 84.9607 -0.254457 0.966986 0.0138029 4.74322 0.00617476 -0.0126479 0.999901 2.42375
0.952008 0.306042 -0.00427335 85.3455 -0.305951 0.951932 0.0148504 4.59809 0.00861276 -0.0128302 0.999881 2.43752
0.932813 0.360324 -0.00521215 85.7129 -0.360215 0.932748 0.0150247 4.43048 0.0102754 -0.0121377 0.999874 2.44726
0.909382 0.415922 -0.00581129 86.0621 -0.415796 0.909324 0.0156357 4.24203 0.0117876 -0.0118025 0.999861 2.45406
0.881434 0.472258 -0.00685604 86.3919 -0.472112 0.881393 0.0160147 4.03332 0.0136059 -0.0108791 0.999848 2.45999
0.84914 0.528092 -0.00898594 86.6994 -0.52795 0.849156 0.0142656 3.80115 0.015164 -0.0073694 0.999858 2.46787
0.813486 0.581508 -0.00949936 86.9889 -0.581374 0.813522 0.0136953 3.55409 0.0156918 -0.00561824 0.999861 2.47969
0.774805 0.632146 -0.00826807 87.2619 -0.632046 0.774839 0.0119452 3.28972 0.0139575 -0.00402944 0.999895 2.49085
0.733432 0.679745 -0.00497036 87.5192 -0.679671 0.733433 0.0111309 3.00688 0.0112116 -0.00478558 0.999926 2.49809
0.689771 0.724017 -0.00394816 87.7555 -0.723961 0.689772 0.00975948 2.71039 0.00978935 -0.00387349 0.999945 2.50334
0.644532 0.764551 -0.00635068 87.9674 -0.764507 0.644563 0.00821061 2.39527 0.0103708 -0.000436873 0.999946 2.50746
0.599 0.800672 -0.0111 88.1578 -0.800678 0.599074 0.0049576 2.07071 0.0106191 0.0059179 0.999926 2.51263
0.553601 0.832721 -0.0100469 88.3366 -0.832713 0.55367 0.00618355 1.74174 0.0107118 0.00494296 0.999931 2.52039
0.507565 0.861591 -0.00614376 88.5059 -0.861547 0.507602 0.00880182 1.40451 0.0107021 0.000825632 0.999942 2.52668
0.46321 0.886235 -0.00502316 88.6577 -0.886173 0.463237 0.0104938 1.05715 0.0116268 -0.000409429 0.999932 2.53211
0.421824 0.906616 -0.010568 88.7823 -0.906599 0.421913 0.00825585 0.700753 0.0119437 0.00609846 0.99991 2.53628
0.383211 0.92338 -0.0227629 88.885 -0.923617 0.383317 0.000334889 0.3282 0.00903464 0.0208959 0.999741 2.53649
0.3485 0.93691 -0.0273551 88.9846 -0.937291 0.348526 -0.00397377 -0.0436878 0.00581088 0.0270245 0.999618 2.53867
0.316237 0.948326 -0.0259382 89.0914 -0.948651 0.316325 -0.000764702 -0.415223 0.00747971 0.0248481 0.999663 2.54342
0.285611 0.958203 -0.0165328 89.202 -0.958283 0.285747 0.00648023 -0.787318 0.0109336 0.0139922 0.999842 2.55547
0.257232 0.966288 -0.0108874 89.2978 -0.966255 0.257348 0.0110687 -1.16884 0.0134974 0.00767278 0.99988 2.5708
0.232013 0.972638 -0.012063 89.3745 -0.972594 0.232161 0.0127665 -1.5658 0.0152177 0.00877036 0.999846 2.58145
0.208515 0.977854 -0.017944 89.4352 -0.977875 0.208765 0.0133391 -1.97259 0.0167898 0.0147655 0.99975 2.58864
0.188217 0.98174 -0.0275801 89.484 -0.981841 0.188766 0.0188504 -2.39262 0.0237124 0.0235313 0.999442 2.5804
0.168589 0.985207 -0.0307367 89.539 -0.985188 0.169414 0.0265333 -2.81948 0.031348 0.0258082 0.999175 2.5741
0.150919 0.988143 -0.0282283 89.5982 -0.988022 0.151707 0.0282461 -3.2648 0.0321936 0.0236273 0.999202 2.58145
0.135652 0.990461 -0.0241855 89.6533 -0.990404 0.136214 0.0233619 -3.72961 0.0264334 0.0207843 0.999435 2.59996
0.121165 0.992355 -0.0234922 89.6951 -0.992382 0.121632 0.0195967 -4.20427 0.0223043 0.0209388 0.999532 2.61818
0.107694 0.993867 -0.0251181 89.7283 -0.993989 0.10814 0.0171067 -4.69046 0.019718 0.0231248 0.999538 2.63317
0.095819 0.994988 -0.0286089 89.7536 -0.995224 0.0963018 0.015993 -5.18901 0.018668 0.0269398 0.999463 2.64395
0.0852972 0.995848 -0.0318049 89.776 -0.996174 0.0858483 0.0163789 -5.70261 0.0190413 0.0302861 0.99936 2.6551
0.0766485 0.99648 -0.0339512 89.7973 -0.996867 0.0772558 0.016945 -6.23195 0.0195083 0.0325461 0.99928 2.66704
0.0705548 0.996872 -0.0356153 89.8174 -0.997315 0.0711991 0.0171537 -6.77878 0.0196358 0.0343094 0.999218 2.67785
0.0646776 0.997218 -0.0370654 89.8376 -0.997694 0.0653844 0.0181838 -7.34146 0.0205567 0.0358039 0.999148 2.6866
0.0583041 0.9976 -0.0373554 89.8578 -0.998071 0.0590489 0.0191489 -7.92457 0.0213087 0.0361669 0.999119 2.69412
0.0536033 0.997775 -0.0396406 89.8748 -0.998337 0.0543917 0.0190818 -8.52877 0.0211955 0.0385519 0.999032 2.70427
0.0500338 0.997893 -0.0413036 89.8844 -0.998528 0.0508468 0.0188689 -9.14783 0.0209293 0.0402987 0.998969 2.71361
0.0465435 0.998021 -0.0422846 89.8965 -0.998707 0.0473586 0.0184787 -9.78664 0.0204447 0.0413698 0.998935 2.7246
0.0433709 0.998101 -0.0437537 89.9024 -0.998864 0.0441863 0.0178419 -10.4431 0.0197414 0.0429302 0.998883 2.73493
0.0418778 0.99796 -0.04819 89.9068 -0.998933 0.0427614 0.0174499 -11.1156 0.019475 0.0474079 0.998686 2.74514
0.0420062 0.997758 -0.0521025 89.9079 -0.998931 0.0429481 0.0170885 -11.8035 0.0192879 0.051329 0.998496 2.75416
0.043656 0.997577 -0.054174 89.9161 -0.99886 0.0446307 0.0169147 -12.5103 0.0192915 0.0533739 0.998388 2.76439
0.0467047 0.997298 -0.0567114 89.9285 -0.998712 0.0477466 0.0171562 -13.2332 0.0198176 0.0558371 0.998243 2.77582
0.0504167 0.997064 -0.057631 89.9439 -0.99853 0.0514726 0.0169839 -13.9737 0.0199005 0.05669 0.998194 2.78817
0.054255 0.996781 -0.0590214 89.9683 -0.998357 0.0552439 0.0152516 -14.7316 0.0184631 0.0580969 0.99814 2.80497
0.0581895 0.996553 -0.0591279 89.9981 -0.998157 0.0591008 0.0137797 -15.5031 0.0172267 0.0582171 0.998155 2.82277
0.0623338 0.996462 -0.0563822 90.0378 -0.99794 0.063087 0.011675 -16.2916 0.0151906 0.0555383 0.998341 2.83882
0.0663861 0.996262 -0.0552771 90.0793 -0.997693 0.067065 0.0105118 -17.0862 0.0141797 0.0544517 0.998416 2.85392
0.0703278 0.996116 -0.0529788 90.1268 -0.997409 0.0710268 0.0114234 -17.8886 0.015142 0.0520382 0.99853 2.87127
0.0735602 0.995979 -0.0511436 90.1778 -0.997121 0.0743961 0.0146324 -18.6935 0.0183785 0.0499201 0.998584 2.89131
0.0747678 0.996132 -0.0461577 90.2349 -0.996906 0.0757915 0.0208358 -19.5023 0.0242536 0.044457 0.998717 2.91182
0.0743637 0.996273 -0.0437032 90.2874 -0.996864 0.0754547 0.0238639 -20.317 0.0270725 0.0417915 0.99876 2.93269
0.074428 0.996372 -0.0412806 90.3399 -0.996855 0.0754662 0.0241826 -21.1351 0.0272101 0.0393509 0.998855 2.96141
0.0744221 0.996497 -0.0381471 90.3934 -0.996928 0.0752815 0.0216054 -21.9549 0.0244015 0.036422 0.999039 2.99423
0.0742822 0.996479 -0.0388746 90.4412 -0.996953 0.0751354 0.0209625 -22.7729 0.0238095 0.037199 0.999024 3.02424
0.0744955 0.996545 -0.036712 90.4901 -0.996966 0.0752594 0.0198787 -23.591 0.022573 0.0351198 0.999128 3.05506
0.0741797 0.99663 -0.0350181 90.5366 -0.996993 0.0749041 0.0198433 -24.4078 0.0223995 0.0334409 0.99919 3.089
0.0742297 0.99671 -0.0325374 90.5872 -0.996974 0.0749255 0.0207075 -25.2209 0.0230773 0.0309019 0.999256 3.11913
0.0730094 0.996891 -0.0296165 90.6371 -0.997041 0.0736731 0.0219673 -26.0331 0.024081 0.027925 0.99932 3.1487
0.0702882 0.99717 -0.0266719 90.687 -0.997242 0.0708823 0.0220199 -26.845 0.0238482 0.0250506 0.999402 3.17879
0.0665065 0.997502 -0.0238221 90.7329 -0.997536 0.0670056 0.0207972 -27.6569 0.0223414 0.0223803 0.9995 3.20924
0.0617297 0.997863 -0.0214044 90.7757 -0.9979 0.0621249 0.0183165 -28.4699 0.0196071 0.0202288 0.999603 3.24085
0.055495 0.998277 -0.0190443 90.811 -0.998314 0.055802 0.0159731 -29.2826 0.0170083 0.0181258 0.999691 3.27072
0.0480717 0.998678 -0.0181921 90.8376 -0.998706 0.0483597 0.0157295 -30.0913 0.0165885 0.0174124 0.999711 3.29861
0.0393311 0.999074 -0.0174224 90.8572 -0.999076 0.039622 0.0166715 -30.8945 0.0173463 0.0167506 0.999709 3.32409
0.0292063 0.999416 -0.0177566 90.8646 -0.999414 0.0295146 0.017348 -31.6972 0.0178619 0.0172395 0.999692 3.34866
0.0189678 0.999647 -0.0186092 90.8649 -0.999678 0.0192755 0.0164902 -32.4961 0.0168431 0.0182904 0.999691 3.37438
0.00819573 0.999814 -0.0174575 90.859 -0.999852 0.00845744 0.0149627 -33.2896 0.0151075 0.0173323 0.999736 3.40018
-0.00296573 0.999827 -0.0183612 90.8416 -0.999897 -0.00270641 0.0141279 -34.0828 0.0140757 0.0184012 0.999732 3.42185
-0.0141135 0.999728 -0.0185531 90.8151 -0.999806 -0.0138546 0.0140027 -34.8703 0.0137419 0.0187471 0.99973 3.44307
-0.0252411 0.999511 -0.0184655 90.7816 -0.999582 -0.0249739 0.0145565 -35.6508 0.0140883 0.0188252 0.999724 3.46489
-0.0360622 0.999189 -0.017934 90.7404 -0.999238 -0.0357846 0.0155622 -36.4272 0.0149078 0.0184816 0.999718 3.48583
-0.0464771 0.99875 -0.0184109 90.6907 -0.998797 -0.0461746 0.0165236 -37.1958 0.0156528 0.0191567 0.999694 3.50595
-0.0561189 0.998243 -0.0190229 90.6331 -0.998294 -0.0557939 0.0171956 -37.9563 0.016104 0.0199555 0.999671 3.52678
-0.0657887 0.997644 -0.0194481 90.567 -0.997701 -0.0654498 0.0175756 -38.7091 0.0162613 0.0205596 0.999656 3.54878
-0.075319 0.996962 -0.0198467 90.4968 -0.99703 -0.0749736 0.0176001 -39.4542 0.0160587 0.0211134 0.999648 3.56934
-0.0840508 0.99624 -0.021035 90.4179 -0.996341 -0.0836935 0.0173211 -40.191 0.0154954 0.0224139 0.999629 3.59072
-0.0915706 0.995543 -0.0225487 90.3339 -0.995702 -0.0912221 0.0160261 -40.9203 0.0138977 0.0239193 0.999617 3.61193
-0.0969394 0.994966 -0.0254037 90.2453 -0.995218 -0.0965931 0.0145235 -41.6389 0.0119966 0.0266901 0.999572 3.63459
-0.100993 0.994477 -0.0285579 90.1546 -0.994839 -0.100663 0.0127531 -42.3524 0.00980793 0.0296985 0.999511 3.65319
-0.103931 0.994117 -0.0304951 90.0655 -0.994551 -0.103625 0.0114556 -43.0546 0.00822811 0.0315195 0.999469 3.67005
-0.105735 0.99391 -0.0310392 89.9788 -0.994367 -0.105448 0.0107364 -43.7404 0.00739797 0.0319995 0.999461 3.68641
-0.106808 0.993782 -0.0314453 89.8932 -0.994253 -0.106517 0.0107767 -44.4143 0.00736023 0.0324156 0.999447 3.7018
-0.106269 0.993811 -0.0323474 89.8087 -0.994302 -0.105933 0.0119327 -45.07 0.00843222 0.0334311 0.999406 3.71663
-0.103597 0.994058 -0.0334012 89.7286 -0.994572 -0.103207 0.0132005 -45.7084 0.00967485 0.0345875 0.999355 3.73142
-0.0988831 0.994534 -0.0335329 89.6565 -0.995042 -0.0984597 0.0140528 -46.3302 0.0106743 0.0347562 0.999339 3.74662
-0.0913906 0.99527 -0.0329317 89.5948 -0.995748 -0.0909512 0.0146049 -46.9322 0.0115407 0.0341264 0.999351 3.76254
-0.0807662 0.996215 -0.0321255 89.5415 -0.996657 -0.0803202 0.014939 -47.5165 0.0123022 0.0332246 0.999372 3.7795
-0.0675086 0.997208 -0.0319059 89.4978 -0.997635 -0.0670537 0.0151157 -48.0806 0.012934 0.0328509 0.999377 3.79698
-0.0509762 0.998219 -0.0309752 89.4704 -0.998589 -0.050484 0.0164701 -48.6245 0.0148771 0.0317711 0.999385 3.81403
-0.030694 0.99908 -0.0299574 89.4585 -0.999362 -0.030128 0.0191596 -49.1597 0.0182394 0.0305264 0.999368 3.8349
-0.00702554 0.999566 -0.0285998 89.4604 -0.999729 -0.00638541 0.0224096 -49.6874 0.0222173 0.0287495 0.99934 3.85629
0.0206831 0.999409 -0.0274499 89.4754 -0.999476 0.0213526 0.0243166 -50.2125 0.0248883 0.0269325 0.999327 3.87634
0.0529519 0.998243 -0.0266082 89.5076 -0.998263 0.053605 0.0244559 -50.7347 0.0258393 0.025267 0.999347 3.89707
0.090056 0.995586 -0.0264382 89.5583 -0.995629 0.0906565 0.0224607 -51.2523 0.0247583 0.0242999 0.999398 3.91865
0.131436 0.991002 -0.0252751 89.6335 -0.991071 0.131937 0.0192593 -51.7639 0.0224207 0.022518 0.999495 3.94183
0.175679 0.98418 -0.0229644 89.733 -0.984268 0.176044 0.0149807 -52.2662 0.0187864 0.0199713 0.999624 3.96502
0.223066 0.974616 -0.0191322 89.8559 -0.974675 0.223313 0.0118786 -52.7635 0.0158495 0.015998 0.999747 3.98869
0.273523 0.961734 -0.0159234 90.0093 -0.961754 0.273706 0.0106993 -53.2426 0.0146482 0.0123878 0.999816 4.01339
0.32695 0.944918 -0.0153106 90.183 -0.944921 0.327124 0.0106983 -53.7047 0.0151175 0.0109694 0.999826 4.03274
0.383584 0.923308 -0.0191304 90.3772 -0.923335 0.38383 0.01131 -54.1502 0.0177854 0.0133255 0.999753 4.05205
0.442277 0.896587 -0.0228616 90.5983 -0.896578 0.442645 0.0145903 -54.5716 0.023201 0.0140443 0.999632 4.07174
0.500796 0.865103 -0.0283064 90.8452 -0.865048 0.50136 0.0181979 -54.9729 0.0299348 0.0153729 0.999434 4.09214
0.558142 0.829233 -0.0291765 91.1239 -0.829005 0.558784 0.0226098 -55.3489 0.0350521 0.011568 0.999319 4.11131
0.613267 0.789316 -0.0297299 91.4283 -0.788918 0.613942 0.0261339 -55.7022 0.0388803 0.00742739 0.999216 4.13092
0.665786 0.745461 -0.031901 91.7536 -0.744974 0.666527 0.0274814 -56.0345 0.0417492 0.00546873 0.999113 4.15224
0.714721 0.698613 -0.033373 92.099 -0.698148 0.715484 0.0259136 -56.3453 0.0419814 0.00477833 0.999107 4.17664
0.760213 0.648935 -0.0309651 92.4666 -0.648553 0.760838 0.022471 -56.6313 0.0381416 0.00299972 0.999268 4.20293
0.802212 0.596448 -0.0265847 92.8544 -0.596185 0.802651 0.0177784 -56.8898 0.0319421 0.00158735 0.999489 4.23045
0.839408 0.543056 -0.0220326 93.2618 -0.54285 0.839697 0.0149507 -57.1193 0.0266198 -0.000589304 0.999646 4.25608
0.871508 0.490095 -0.0167426 93.6846 -0.489958 0.871667 0.0117775 -57.3276 0.020366 -0.00206102 0.999791 4.27785
0.898053 0.439749 -0.011069 94.1228 -0.439629 0.898103 0.0117119 -57.5114 0.0150914 -0.0056516 0.99987 4.30068
0.919184 0.393753 -0.00772763 94.5705 -0.393637 0.919172 0.0131471 -57.6728 0.0122797 -0.0090427 0.999884 4.31915
0.935422 0.353522 -0.00297033 95.036 -0.353408 0.93528 0.0188222 -57.8121 0.00943214 -0.016557 0.999819 4.33073
0.947939 0.318431 -0.00368418 95.5013 -0.318266 0.947717 0.0232254 -57.9388 0.0108872 -0.0208437 0.999723 4.3367
0.95786 0.287201 -0.00445553 95.9742 -0.286999 0.957588 0.0256456 -58.0614 0.011632 -0.0232861 0.999661 4.34192
0.964497 0.264004 -0.00684106 96.4484 -0.263825 0.964362 0.0200381 -58.1884 0.0118874 -0.0175219 0.999776 4.35053
0.968714 0.248074 -0.00721558 96.9299 -0.247926 0.968631 0.0169594 -58.3085 0.0111964 -0.0146399 0.99983 4.36421
0.971903 0.235279 -0.00695701 97.4237 -0.235097 0.971757 0.0204618 -58.4183 0.0115747 -0.0182513 0.999766 4.37238
0.974196 0.225635 -0.00562693 97.9314 -0.225421 0.973917 0.0258993 -58.5246 0.0113239 -0.0239626 0.999649 4.37439
0.975604 0.21947 -0.00540498 98.4466 -0.219181 0.97513 0.0328869 -58.6285 0.0124882 -0.0308999 0.999445 4.3828
0.976216 0.216655 -0.0078872 98.9712 -0.216195 0.975567 0.039115 -58.7365 0.0161689 -0.0364795 0.999204 4.39631
0.976393 0.215785 -0.00966764 99.5035 -0.215224 0.975698 0.0411362 -58.8532 0.0183093 -0.0380844 0.999107 4.41419
0.975885 0.217923 -0.0125887 100.045 -0.217265 0.975274 0.0404669 -58.9783 0.0210961 -0.0367559 0.999102 4.4308
0.974823 0.222089 -0.0199298 100.594 -0.221214 0.974457 0.0387158 -59.1114 0.0280191 -0.0333323 0.999052 4.44318
0.973737 0.226264 -0.0253278 101.153 -0.225219 0.973549 0.0384579 -59.2453 0.0333595 -0.0317435 0.998939 4.45686
0.97275 0.230653 -0.0235913 101.734 -0.229512 0.972349 0.0431448 -59.3772 0.0328904 -0.0365547 0.99879 4.47749
0.971525 0.236203 -0.0186357 102.329 -0.235143 0.970842 0.0466232 -59.5124 0.0291049 -0.0409136 0.998739 4.50085
0.970433 0.240935 -0.0144943 102.932 -0.240107 0.969747 0.0440348 -59.6655 0.0246653 -0.0392527 0.998925 4.52468
0.969602 0.244506 -0.00948057 103.546 -0.24396 0.968976 0.0396062 -59.8282 0.0188704 -0.0360894 0.999171 4.54756
0.968781 0.247864 -0.00508427 104.17 -0.247518 0.968184 0.0367976 -59.9928 0.0140433 -0.0343904 0.99931 4.56853
0.967977 0.250995 -0.00476941 104.801 -0.250716 0.967517 0.0324364 -60.1616 0.0127558 -0.0302019 0.999463 4.58459
0.967803 0.251568 -0.00843007 105.438 -0.251236 0.967495 0.0288718 -60.3359 0.0154193 -0.0258243 0.999548 4.60065
0.967789 0.251326 -0.0147957 106.082 -0.250856 0.967623 0.0278715 -60.5085 0.0213215 -0.0232621 0.999502 4.61742
0.967783 0.250769 -0.0226193 106.737 -0.250081 0.967779 0.0294024 -60.6775 0.0292637 -0.0227985 0.999312 4.63463
0.968247 0.248603 -0.0263435 107.41 -0.24771 0.96827 0.0330635 -60.8477 0.0337273 -0.0254881 0.999106 4.65344
0.968976 0.246094 -0.0228556 108.1 -0.245324 0.968914 0.0319657 -61.0241 0.0300117 -0.025367 0.999228 4.67537
0.969561 0.244293 -0.0164938 108.807 -0.24379 0.969434 0.027646 -61.2065 0.0227434 -0.0227835 0.999482 4.70293
0.97028 0.2418 -0.00945514 109.524 -0.241466 0.970017 0.0275781 -61.3855 0.01584 -0.0244754 0.999575 4.73133
0.970743 0.239952 -0.00894601 110.246 -0.239583 0.970393 0.0306093 -61.5587 0.0160259 -0.0275704 0.999492 4.75388
0.971148 0.238162 -0.012292 110.976 -0.237586 0.970683 0.0364511 -61.7283 0.0206129 -0.032479 0.99926 4.77301
0.971913 0.234684 -0.0175863 111.715 -0.233905 0.971524 0.037818 -61.9064 0.0259607 -0.0326423 0.99913 4.79147
0.972799 0.230667 -0.0213108 112.467 -0.22979 0.972532 0.0371284 -62.0866 0.0292897 -0.0312215 0.999083 4.81293
0.973708 0.226891 -0.020347 113.234 -0.226102 0.97347 0.0351203 -62.2688 0.0277757 -0.0295964 0.999176 4.83939
0.974555 0.223264 -0.0199139 114.01 -0.222602 0.974421 0.0308718 -62.4534 0.0262971 -0.0256534 0.999325 4.86857
0.975045 0.221331 -0.0173184 114.8 -0.220774 0.974885 0.0292989 -62.6368 0.0233682 -0.0247443 0.999421 4.89828
0.975438 0.21974 -0.0153314 115.609 -0.219299 0.975306 0.0262048 -62.822 0.0207111 -0.022199 0.999539 4.92344
0.975609 0.218991 -0.0151464 116.419 -0.218659 0.975577 0.0209234 -63.0113 0.0193585 -0.0171012 0.999666 4.94752
0.975767 0.218384 -0.0136608 117.238 -0.218067 0.975697 0.0215176 -63.195 0.0180279 -0.0180172 0.999675 4.97367
0.975642 0.218899 -0.0143913 118.058 -0.218481 0.975493 0.0260605 -63.3723 0.0197432 -0.0222815 0.999557 4.99921
0.975458 0.219584 -0.0162919 118.884 -0.21899 0.9752 0.0320887 -63.5498 0.022934 -0.0277335 0.999352 5.02417
0.975266 0.220448 -0.0160631 119.713 -0.219679 0.974761 0.0397739 -63.7279 0.0244257 -0.0352614 0.99908 5.04838
0.974712 0.22304 -0.0137597 120.551 -0.222186 0.973875 0.0469113 -63.906 0.0238633 -0.0426678 0.998804 5.07698
0.974021 0.22623 -0.0101132 121.392 -0.225464 0.972964 0.0500778 -64.0912 0.0211688 -0.0464967 0.998694 5.10823
0.973445 0.228681 -0.0105046 122.231 -0.227884 0.972376 0.0505471 -64.2864 0.0217735 -0.046811 0.998667 5.13729
0.972911 0.23077 -0.0137403 123.072 -0.229822 0.971921 0.050521 -64.4822 0.0250132 -0.0459946 0.998629 5.16176
0.972695 0.231637 -0.0144696 123.927 -0.230832 0.972025 0.0434123 -64.6882 0.0241207 -0.0388869 0.998953 5.17929
0.972591 0.231954 -0.0162305 124.777 -0.231247 0.9722 0.0367635 -64.8969 0.0243067 -0.0320026 0.999192 5.20209
0.972247 0.233365 -0.0166027 125.625 -0.232687 0.971919 0.0350853 -65.099 0.0243241 -0.0302483 0.999246 5.22802
0.972035 0.234417 -0.0139887 126.476 -0.233749 0.971545 0.0382384 -65.2943 0.0225544 -0.0338992 0.999171 5.25165
0.971887 0.235302 -0.00832693 127.329 -0.234804 0.971233 0.039671 -65.4908 0.017422 -0.0366005 0.999178 5.27471
0.971697 0.236228 -0.00122775 128.178 -0.235957 0.970807 0.0431142 -65.6891 0.0113767 -0.0416042 0.99907 5.30229
0.971359 0.237507 -0.00728807 128.999 -0.236994 0.970573 0.0426966 -65.8956 0.0172143 -0.0397465 0.999062 5.33475
0.971007 0.238052 -0.0218058 129.807 -0.237082 0.970681 0.0396359 -66.1113 0.0306018 -0.033317 0.998976 5.36846
0.970744 0.237673 -0.0341537 130.616 -0.236471 0.970978 0.0358137 -66.3299 0.0416745 -0.0266896 0.998775 5.40356
0.97115 0.236734 -0.0287314 131.443 -0.235744 0.97122 0.0340197 -66.5428 0.0359581 -0.026265 0.999008 5.44258
0.971876 0.235359 -0.00797377 132.285 -0.235056 0.971577 0.0280523 -66.7553 0.0143495 -0.0253891 0.999575 5.48338
0.972192 0.233989 0.00954319 133.122 -0.234158 0.971883 0.0247867 -66.9654 -0.00347507 -0.026332 0.999647 5.52311
0.972372 0.233377 0.00527059 133.931 -0.233433 0.971992 0.0271974 -67.1691 0.00122427 -0.0276763 0.999616 5.54105
0.972577 0.232409 -0.00895957 134.726 -0.23197 0.972091 0.0350587 -67.3676 0.0168575 -0.0320189 0.999345 5.54741
0.972687 0.231413 -0.0181391 135.524 -0.230661 0.972362 0.0361525 -67.5733 0.0260039 -0.0309811 0.999182 5.55628
0.973081 0.229531 -0.0207226 136.327 -0.228804 0.972931 0.0324653 -67.7827 0.0276134 -0.0268499 0.999258 5.58207
0.973769 0.226877 -0.0173367 137.137 -0.226254 0.973543 0.0319839 -67.9759 0.0241344 -0.0272224 0.999338 5.60801
0.97453 0.223437 -0.0191423 137.937 -0.222778 0.974358 0.0315575 -68.1637 0.0257026 -0.0264893 0.999319 5.62196
0.97555 0.218727 -0.0214878 138.734 -0.217994 0.975426 0.0319902 -68.35 0.0279569 -0.0265238 0.999257 5.63187
0.976272 0.21567 -0.0195022 139.534 -0.214872 0.97596 0.0364912 -68.524 0.0269034 -0.0314348 0.999144 5.65246
0.976714 0.213611 -0.0200225 140.332 -0.21262 0.976196 0.0428283 -68.6953 0.0286944 -0.0375738 0.998882 5.66995
0.977167 0.211782 -0.0171475 141.133 -0.210846 0.976486 0.0449392 -68.8707 0.0262616 -0.0402976 0.998843 5.6937
0.977555 0.210291 -0.0128148 141.933 -0.209574 0.976846 0.0430155 -69.0508 0.0215639 -0.0393644 0.998992 5.71761
0.977839 0.208988 -0.0124867 142.727 -0.208311 0.977171 0.0417659 -69.2286 0.0209302 -0.0382392 0.999049 5.74121
0.978304 0.206511 -0.0165707 143.519 -0.205726 0.977793 0.0399751 -69.4017 0.024458 -0.0356988 0.999063 5.76332
0.979155 0.20208 -0.0204772 144.303 -0.201279 0.978887 0.0356069 -69.5755 0.0272402 -0.030743 0.999156 5.78158
0.9804 0.195634 -0.0232974 145.096 -0.194847 0.980302 0.0322891 -69.74 0.0291553 -0.0271169 0.999207 5.80489
0.981795 0.188968 -0.0192287 145.897 -0.188323 0.981613 0.0311413 -69.8928 0.0247598 -0.0269531 0.99933 5.8321
0.983093 0.182794 -0.0106778 146.702 -0.182423 0.982791 0.0290423 -70.0428 0.0158028 -0.0266034 0.999521 5.86048
0.983937 0.178497 -0.00257041 147.508 -0.178381 0.983653 0.0246273 -70.1835 0.00692428 -0.0237732 0.999694 5.87959
0.984665 0.174437 0.00264828 148.309 -0.174434 0.984172 0.031281 -70.3102 0.00285019 -0.0312633 0.999507 5.89548
0.985423 0.170116 -0.00158532 149.102 -0.169958 0.984837 0.034795 -70.4339 0.00748044 -0.0340183 0.999393 5.90897
0.986494 0.16336 -0.0119184 149.889 -0.162856 0.98602 0.0352481 -70.5637 0.0175099 -0.0328311 0.999308 5.9201
0.98743 0.15689 -0.0191824 150.683 -0.15622 0.987187 0.0325067 -70.6915 0.0240366 -0.0291014 0.999287 5.93084
0.988457 0.150272 -0.0192767 151.489 -0.149637 0.988256 0.0309728 -70.8131 0.0237046 -0.0277307 0.999334 5.95068
0.989662 0.142685 -0.014519 152.305 -0.142059 0.989145 0.037559 -70.9195 0.0197205 -0.0351081 0.999189 5.97824
0.990738 0.134985 -0.0147265 153.116 -0.134239 0.989999 0.0433857 -71.0172 0.0204356 -0.041007 0.99895 6.00046
0.991909 0.125334 -0.020198 153.922 -0.1243 0.991169 0.0461984 -71.1191 0.0258099 -0.043314 0.998728 6.01947
0.992883 0.116756 -0.0234718 154.731 -0.115626 0.992282 0.0447999 -71.2179 0.0285213 -0.0417671 0.99872 6.03493
0.993827 0.108691 -0.0222461 155.549 -0.107617 0.993183 0.0447965 -71.3083 0.0269634 -0.0421258 0.998749 6.05456
0.99479 0.100801 -0.0152063 156.374 -0.0999744 0.993842 0.0477913 -71.3808 0.0199301 -0.0460221 0.998742 6.07317
0.995649 0.0927236 -0.00929657 157.202 -0.0921379 0.994451 0.0507788 -71.4452 0.0139534 -0.0497013 0.998667 6.09483
0.996358 0.0850837 -0.00562464 158.025 -0.0846969 0.995145 0.0501372 -71.5094 0.00986317 -0.0494782 0.998727 6.11391
0.996891 0.0786772 -0.00421796 158.847 -0.078369 0.995669 0.0500267 -71.5713 0.00813565 -0.0495407 0.998739 6.13054
0.997222 0.0742798 -0.00548967 159.668 -0.0739187 0.996035 0.049502 -71.6272 0.00914489 -0.0489587 0.998759 6.14785
0.997483 0.0699793 -0.0114353 160.485 -0.0692705 0.996153 0.0536745 -71.675 0.0151474 -0.0527473 0.998493 6.16606
0.997636 0.0666605 -0.0166875 161.301 -0.0655359 0.996002 0.0607027 -71.7112 0.0206673 -0.0594656 0.998016 6.18111
0.99774 0.0640493 -0.0203137 162.12 -0.0626885 0.996122 0.0617313 -71.7493 0.0241888 -0.0603184 0.997886 6.19432
0.998046 0.0607757 -0.014517 162.954 -0.0597405 0.996197 0.0634222 -71.7903 0.0183163 -0.0624311 0.997881 6.20869
0.998285 0.0583168 -0.00510605 163.794 -0.0578585 0.996175 0.0654855 -71.8246 0.00890542 -0.0650778 0.997841 6.22185
0.998493 0.0547966 0.00310888 164.63 -0.0548819 0.996284 0.0663752 -71.8608 0.000539806 -0.0664458 0.99779 6.23582
0.998742 0.0501315 0.00081679 165.453 -0.0500799 0.996667 0.0643956 -71.8976 0.00241417 -0.0643555 0.997924 6.24486
0.998948 0.0451204 -0.00820526 166.268 -0.0446118 0.997536 0.0541428 -71.9432 0.010628 -0.0537198 0.9985 6.25102
0.999137 0.0383406 -0.0159782 167.084 -0.0375248 0.998115 0.0485594 -71.9795 0.0178099 -0.0479179 0.998693 6.25243
0.9994 0.0314542 -0.0145345 167.911 -0.0306533 0.998157 0.052375 -71.9941 0.0161551 -0.051898 0.998522 6.25939
0.999665 0.0239515 -0.00982258 168.745 -0.0234253 0.998446 0.050562 -72.0091 0.0110183 -0.050315 0.998673 6.27125
0.999851 0.0164267 -0.00529694 169.582 -0.0161632 0.998791 0.0464212 -72.0269 0.00605307 -0.0463286 0.998908 6.28178
0.999939 0.0105648 -0.00321312 170.423 -0.010435 0.999222 0.0380253 -72.0425 0.00361234 -0.0379894 0.999272 6.2874
0.999987 0.00446692 -0.00243285 171.265 -0.00438292 0.99943 0.0334652 -72.0502 0.00258094 -0.0334541 0.999437 6.29648
0.999968 -0.00162527 -0.0078728 172.102 0.00186097 0.999548 0.030014 -72.0492 0.00782045 -0.0300277 0.999519 6.30548
0.9998 -0.00873604 -0.0179759 172.93 0.00913659 0.999709 0.0223151 -72.0486 0.0177757 -0.0224748 0.999589 6.31083
0.999546 -0.015962 -0.025558 173.762 0.016232 0.999814 0.01039 -72.0523 0.0253874 -0.0108002 0.999619 6.32208
0.999596 -0.0222312 -0.0177206 174.613 0.0224546 0.99967 0.0125 -72.0319 0.0174368 -0.0128928 0.999765 6.33644
0.999613 -0.0273585 -0.00499942 175.473 0.0274649 0.999368 0.0225895 -71.9906 0.00437824 -0.0227181 0.999732 6.35259
0.999472 -0.0322828 0.00367968 176.329 0.0321626 0.99906 0.0290575 -71.9486 -0.00461429 -0.0289238 0.999571 6.36863
0.999341 -0.036237 0.0020768 177.173 0.0361624 0.998931 0.0287879 -71.9117 -0.00311777 -0.0286938 0.999583 6.37486
0.999242 -0.0380023 -0.00843091 178.009 0.0382379 0.998825 0.0297904 -71.8706 0.00728889 -0.0300902 0.999521 6.37823
0.999002 -0.0404589 -0.018912 178.847 0.0411898 0.998351 0.0399939 -71.8165 0.0172627 -0.0407329 0.999021 6.38597
0.998848 -0.0423738 -0.0225042 179.693 0.043254 0.998256 0.0401748 -71.7722 0.0207626 -0.0411019 0.998939 6.39867
0.998796 -0.0452758 -0.0188652 180.55 0.0458992 0.998366 0.0340294 -71.7409 0.0172936 -0.0348543 0.999243 6.4176
0.998903 -0.0457873 -0.00984807 181.411 0.0460999 0.998349 0.0342653 -71.6987 0.00826289 -0.0346817 0.999364 6.43552
0.998957 -0.04553 -0.00359088 182.274 0.0456306 0.9983 0.0362634 -71.6497 0.00193369 -0.0363895 0.999336 6.45525
0.998875 -0.0471605 -0.00486019 183.13 0.0473024 0.998266 0.0350497 -71.6071 0.00319879 -0.0352402 0.999374 6.47332
0.998717 -0.0491129 -0.0123122 183.978 0.0495082 0.99819 0.034159 -71.5631 0.0106122 -0.0347247 0.999341 6.49018
0.99841 -0.051307 -0.0233556 184.822 0.0518635 0.998369 0.0238735 -71.5319 0.0220926 -0.0250469 0.999442 6.5061
0.998154 -0.0538141 -0.0281431 185.67 0.0541773 0.998456 0.0122999 -71.5032 0.0274377 -0.0138019 0.999528 6.52728
0.998204 -0.0549737 -0.0238226 186.53 0.0553131 0.998374 0.0138197 -71.4546 0.0230241 -0.0151125 0.999621 6.55285
0.998314 -0.0561538 -0.0146963 187.391 0.0564312 0.998222 0.0191894 -71.3979 0.0135926 -0.0199863 0.999708 6.58356
0.998285 -0.057839 -0.00906468 188.241 0.0580254 0.998076 0.0218479 -71.3428 0.00778357 -0.0223365 0.99972 6.60935
0.998187 -0.0588205 -0.0127545 189.08 0.0590641 0.998061 0.0196363 -71.2962 0.0115747 -0.020354 0.999726 6.62786
0.998082 -0.0588687 -0.019162 189.915 0.0592461 0.998048 0.0197566 -71.2501 0.0179615 -0.020854 0.999621 6.64448
0.998033 -0.0589551 -0.0213277 190.753 0.0595097 0.997879 0.0263722 -71.1888 0.0197277 -0.0275895 0.999425 6.66362
0.998086 -0.0593734 -0.0172958 191.594 0.0598686 0.997765 0.0296667 -71.1322 0.0154957 -0.0306454 0.99941 6.68694
0.998082 -0.0601892 -0.0144799 192.431 0.0606434 0.997604 0.0332886 -71.0765 0.0124416 -0.0341028 0.999341 6.71082
0.998098 -0.0605245 -0.0117178 193.267 0.0609147 0.997478 0.0364371 -71.0201 0.00948285 -0.0370816 0.999267 6.72893
0.998065 -0.0610015 -0.0120723 194.098 0.0614428 0.997294 0.0403636 -70.959 0.00957739 -0.0410272 0.999112 6.74637
0.998002 -0.0615718 -0.0141543 194.922 0.0620784 0.997322 0.0386781 -70.9024 0.0117349 -0.0394795 0.999152 6.76432
0.997846 -0.0624236 -0.0201447 195.735 0.0631988 0.997181 0.0404558 -70.8433 0.0175625 -0.0416418 0.998978 6.7788
0.997746 -0.0636163 -0.0213418 196.547 0.0644612 0.997055 0.0415576 -70.7821 0.0186352 -0.0428396 0.998908 6.79154
0.997909 -0.0607898 -0.0219443 197.258 0.0616632 0.99723 0.041599 -70.7383 0.0193547 -0.0428652 0.998893 6.80222
0.998076 -0.057767 -0.0225391 197.964 0.058668 0.997411 0.0415962 -70.6953 0.0200778 -0.0428385 0.99888 6.8128
0.998232 -0.0547429 -0.023134 198.67 0.0556713 0.997582 0.0415972 -70.6523 0.0208009 -0.0428116 0.998867 6.82339
0.99838 -0.0517189 -0.0237288 199.377 0.0526749 0.997745 0.0416019 -70.6093 0.0215237 -0.0427844 0.998853 6.83397
0.998518 -0.0486947 -0.0243234 200.083 0.0496782 0.997898 0.0416103 -70.5663 0.0222461 -0.042757 0.998838 6.84455
