0.999993 -0.00339075 -0.00153139 0.683511 0.00338684 0.999991 -0.00254573 -0.00246107 0.00154001 0.00254052 0.999996 0.0113926
0.999969 -0.00729567 -0.00297924 1.38703 0.00729153 0.999972 -0.00139825 0.0109128 0.00298936 0.00137648 0.999995 0.0164454
0.999926 -0.0113648 -0.00436954 2.10591 0.0113601 0.999935 -0.00109967 0.0172288 0.00438176 0.00104995 0.99999 0.0198409
0.999858 -0.0161039 -0.00502648 2.8489 0.0161066 0.99987 0.000502828 0.0406233 0.00501773 -0.000583716 0.999987 0.0225779
0.999776 -0.0205334 -0.00509353 3.59366 0.0205315 0.999789 -0.000429095 0.0568534 0.00510127 0.000324421 0.999987 0.0299652
0.999662 -0.0252925 -0.00596126 4.35006 0.0252968 0.99968 0.000652127 0.0857484 0.00594286 -0.000802707 0.999982 0.0419574
0.999529 -0.0299714 -0.00657357 5.12907 0.0299964 0.999543 0.00373568 0.118422 0.0064586 -0.0039311 0.999971 0.054236
0.999389 -0.0344994 -0.00569097 5.92514 0.0345328 0.999386 0.00586318 0.152985 0.0054852 -0.00605612 0.999967 0.0572274
0.999242 -0.0387959 -0.00305355 6.72938 0.0388134 0.999229 0.00591208 0.191654 0.00282183 -0.00602612 0.999978 0.067006
0.999093 -0.0425837 -0.000790812 7.54323 0.0425867 0.999084 0.00429282 0.223806 0.000607283 -0.00432261 0.99999 0.0755895
0.998981 -0.0451291 -0.000738687 8.35695 0.0451321 0.99897 0.00461131 0.268075 0.000529823 -0.00463994 0.999989 0.0840899
0.998881 -0.0472798 -0.00137096 9.17981 0.0472854 0.998872 0.00437485 0.312032 0.00116257 -0.00443478 0.99999 0.0836854
0.998792 -0.0491145 -0.00143553 10.0115 0.049118 0.99879 0.00253514 0.348795 0.00130928 -0.00260259 0.999996 0.0969674
0.998685 -0.0512622 -0.000809949 10.8588 0.0512642 0.998682 0.00264846 0.396264 0.000673115 -0.0026865 0.999996 0.0997213
0.998624 -0.052438 -0.000741298 11.7181 0.052438 0.998624 5.5977e-06 0.437034 0.000739985 -4.44622e-05 1 0.10738
0.998527 -0.0541885 -0.00258629 12.5824 0.0541904 0.99853 0.000669607 0.496199 0.0025462 -0.000808773 0.999996 0.113414
0.998441 -0.055564 -0.00524182 13.4556 0.0555745 0.998453 0.00188407 0.554484 0.00512903 -0.00217244 0.999985 0.122508
0.998335 -0.0572813 -0.00683597 14.3348 0.0573221 0.998338 0.0059177 0.614169 0.00648563 -0.0062997 0.999959 0.134061
0.998264 -0.0585007 -0.00685799 15.2155 0.0585541 0.998253 0.00787083 0.666865 0.00638556 -0.00825872 0.999946 0.137913
0.998195 -0.0598193 -0.00534668 16.1344 0.0598605 0.998175 0.00790717 0.722985 0.00486392 -0.00821295 0.999954 0.145702
0.998114 -0.0612437 -0.00409566 17.025 0.0612743 0.99809 0.00782328 0.783507 0.00360871 -0.00805948 0.999961 0.158917
0.99805 -0.0623191 -0.00355937 17.9334 0.0623444 0.998026 0.00753524 0.839899 0.00308275 -0.00774245 0.999965 0.17371
0.997953 -0.0638086 -0.00432333 18.845 0.0638359 0.997939 0.00650144 0.908805 0.00389957 -0.00676412 0.99997 0.179103
0.99788 -0.0648935 -0.00483825 19.7601 0.0649222 0.997872 0.00601896 0.967929 0.00443737 -0.00632031 0.99997 0.19012
0.997841 -0.0656017 -0.00323402 20.6847 0.0656234 0.997819 0.00715574 1.02876 0.00275754 -0.00735252 0.999969 0.201074
0.997828 -0.0658668 3.87792e-05 21.6108 0.0658636 0.997786 0.00923798 1.09425 -0.000647169 -0.00921537 0.999957 0.208568
0.997872 -0.0651075 0.00364452 22.5503 0.06507 0.997834 0.00960737 1.16084 -0.00426214 -0.00934977 0.999947 0.210678
0.99795 -0.0636483 0.00668584 23.485 0.0635869 0.997936 0.00902063 1.22541 -0.00724618 -0.00857701 0.999937 0.210997
0.998051 -0.0619209 0.00778756 24.4359 0.0618758 0.998066 0.0059035 1.28973 -0.00813805 -0.00541013 0.999952 0.209017
0.998168 -0.060248 0.00553351 25.3771 0.060223 0.998174 0.00457852 1.35301 -0.00579925 -0.00423689 0.999974 0.209633
0.998249 -0.0591289 0.00138994 26.3392 0.059123 0.998243 0.00394568 1.42524 -0.0016208 -0.00385659 0.999991 0.21532
0.998323 -0.0578683 -0.00173878 27.2923 0.0578767 0.99831 0.00525581 1.48112 0.0014317 -0.00534763 0.999985 0.219593
0.998365 -0.0571395 -0.00126178 28.269 0.0571474 0.998338 0.00751225 1.53837 0.00083044 -0.00757208 0.999971 0.234877
0.998371 -0.0569815 0.00307163 29.2427 0.0569558 0.998346 0.00788522 1.59912 -0.00351586 -0.00769742 0.999964 0.237333
0.998301 -0.0578459 0.00704481 30.2229 0.0578277 0.998323 0.00274849 1.65446 -0.00719198 -0.00233643 0.999971 0.2368
0.998241 -0.0587976 0.00754259 31.1986 0.0588583 0.998233 -0.00810522 1.69965 -0.0070527 0.00853492 0.999939 0.238315
0.998169 -0.0603121 0.00460709 32.1789 0.0603603 0.998114 -0.0111621 1.75747 -0.00392519 0.0114197 0.999927 0.243991
0.99808 -0.0619327 0.0011324 33.1618 0.0619411 0.998026 -0.0103327 1.81921 -0.000490229 0.010383 0.999946 0.255083
0.997973 -0.0636381 -0.000216829 34.1525 0.0636351 0.99795 -0.00685657 1.89169 0.000652723 0.00682888 0.999976 0.254026
0.997915 -0.0645378 0.000723721 35.1576 0.0645409 0.997899 -0.00571679 1.95426 -0.000353251 0.00575158 0.999983 0.269057
0.997824 -0.0658506 0.00322371 36.1614 0.0658611 0.997823 -0.00325934 2.03141 -0.00300206 0.00346456 0.99999 0.273671
0.99775 -0.0668781 0.00477766 37.1527 0.0668847 0.99776 -0.00122179 2.10973 -0.00468525 0.00153859 0.999988 0.279981
0.997673 -0.0678035 0.00709384 38.1523 0.0678134 0.997697 -0.00116807 2.18395 -0.0069983 0.00164641 0.999974 0.278066
0.99764 -0.0678953 0.010186 39.1624 0.0679027 0.997692 -0.000379645 2.24529 -0.0101367 0.0010704 0.999948 0.287959
0.997561 -0.0686628 0.0125876 40.1694 0.0686435 0.997639 0.00196042 2.33318 -0.0126925 -0.00109158 0.999919 0.282103
0.997573 -0.0684967 0.0124829 41.1611 0.0684623 0.997649 0.00315838 2.4029 -0.0126699 -0.0022961 0.999917 0.278301
0.997587 -0.0684854 0.0114096 42.1525 0.0684811 0.997652 0.000768584 2.47264 -0.0114355 1.46141e-05 0.999935 0.276084
0.997618 -0.0683954 0.00901096 43.1518 0.068364 0.997653 0.00374352 2.55048 -0.00924585 -0.00311857 0.999952 0.280909
0.997552 -0.0694076 0.00855451 44.1436 0.0693565 0.997573 0.00613093 2.62439 -0.00895928 -0.00552261 0.999945 0.283129
0.99745 -0.0706829 0.009832 45.1402 0.0706609 0.997497 0.00257147 2.69189 -0.00998916 -0.00187018 0.999948 0.277935
0.997377 -0.0715776 0.01079 46.1295 0.0715443 0.997431 0.00344797 2.76687 -0.0110091 -0.00266696 0.999936 0.274589
0.997387 -0.0717051 0.00884964 47.1112 0.0716836 0.997424 0.00272581 2.84277 -0.0090223 -0.00208431 0.999957 0.286517
0.997367 -0.0724062 0.00416494 48.0847 0.0723835 0.997362 0.00536511 2.9248 -0.00454243 -0.00504951 0.999977 0.284218
0.99734 -0.0728461 0.00258179 49.057 0.0728275 0.997322 0.00670329 3.0034 -0.00306319 -0.00649743 0.999974 0.292603
0.997303 -0.0732245 0.00500511 50.0377 0.0731868 0.997291 0.0073417 3.07576 -0.00552915 -0.00695559 0.999961 0.287619
0.997271 -0.0732957 0.00880623 51.0078 0.0732642 0.997305 0.00384966 3.14703 -0.00906467 -0.00319397 0.999954 0.299242
0.997247 -0.0734964 0.00978628 51.9713 0.0734677 0.997292 0.00326394 3.22009 -0.00999967 -0.00253598 0.999947 0.298563
0.997234 -0.0737277 0.00945067 52.9394 0.0737339 0.997278 -0.000312306 3.29061 -0.00940192 0.00100828 0.999955 0.305937
0.997213 -0.0741258 0.00847296 53.9043 0.0741568 0.997241 -0.00340053 3.35858 -0.00819752 0.00401938 0.999958 0.31499
0.997137 -0.0750429 0.00934118 54.8517 0.0750832 0.997169 -0.00404472 3.43341 -0.00901121 0.00473451 0.999948 0.312287
0.997039 -0.0757986 0.0129154 55.8057 0.0758777 0.997101 -0.00575183 3.50066 -0.012442 0.00671479 0.9999 0.307358
0.996894 -0.076577 0.0184056 56.7797 0.0767326 0.99702 -0.00790419 3.56838 -0.0177455 0.00929195 0.999799 0.313234
0.99679 -0.0772708 0.0209749 57.7298 0.0774435 0.996968 -0.00755109 3.6498 -0.0203279 0.00915122 0.999752 0.304508
0.996742 -0.0785183 0.0184416 58.6682 0.0786794 0.996866 -0.00817541 3.7307 -0.0177419 0.00959975 0.999797 0.30263
0.996721 -0.0800433 0.0118067 59.6028 0.0801336 0.996757 -0.00737832 3.8137 -0.0111778 0.00830024 0.999903 0.302343
0.996711 -0.0808042 0.00612285 60.5211 0.0808314 0.996718 -0.0043442 3.88861 -0.00575173 0.00482483 0.999972 0.308667
0.996633 -0.0818029 0.00553452 61.4367 0.0817956 0.996648 0.00153939 3.98258 -0.00564189 -0.00108151 0.999983 0.302567
0.996555 -0.0826014 0.00741825 62.3378 0.0825616 0.996571 0.00552455 4.06632 -0.00784914 -0.00489306 0.999957 0.308123
0.996449 -0.0837287 0.00891781 63.2183 0.0836795 0.996476 0.00575555 4.14725 -0.00936829 -0.00498887 0.999944 0.314268
0.996351 -0.0848831 0.00891492 64.0962 0.0848276 0.996375 0.00642593 4.22635 -0.00942805 -0.00564625 0.99994 0.318984
0.996218 -0.0863701 0.00947056 64.9504 0.0863028 0.996242 0.00730322 4.30611 -0.0100658 -0.00645826 0.999928 0.318414
0.996091 -0.0877608 0.00999607 65.7997 0.0876814 0.996115 0.00812366 4.38471 -0.0106702 -0.00721544 0.999917 0.323997
0.995957 -0.0892235 0.0104279 66.6273 0.0891334 0.995981 0.00881244 4.46312 -0.0111722 -0.00784734 0.999907 0.331661
0.99584 -0.0904055 0.0113827 67.4395 0.0902977 0.995868 0.00965904 4.54195 -0.0122089 -0.00859103 0.999889 0.334586
0.995692 -0.0917191 0.0135914 68.2435 0.091548 0.995719 0.0127211 4.62261 -0.0147 -0.0114221 0.999827 0.338002
0.995524 -0.0929486 0.0170906 69.0356 0.0927082 0.99559 0.0143599 4.69825 -0.0183499 -0.0127112 0.999751 0.3279
0.99532 -0.0947237 0.0191131 69.8161 0.0944398 0.995414 0.015251 4.77995 -0.0204701 -0.0133745 0.999701 0.326133
0.995237 -0.0960826 0.0165066 70.5688 0.0958363 0.995282 0.0151182 4.8612 -0.0178814 -0.0134642 0.999749 0.338051
0.995222 -0.0971752 0.00950194 71.2936 0.0970277 0.99517 0.0149083 4.93661 -0.0109048 -0.0139151 0.999844 0.337145
0.995131 -0.0985045 0.00347984 72.0029 0.0984455 0.99504 0.0142965 5.01408 -0.00487085 -0.0138843 0.999892 0.340455
0.995095 -0.0989124 0.00149331 72.6962 0.0988695 0.994936 0.0180946 5.08613 -0.00327553 -0.0178582 0.999835 0.339137
0.995015 -0.0996494 0.00386653 73.3828 0.0995426 0.994794 0.0218004 5.16229 -0.00601879 -0.0213068 0.999755 0.343698
0.994873 -0.100925 0.00641398 74.0387 0.100782 0.994714 0.0196787 5.23981 -0.00836614 -0.0189314 0.999786 0.347969
0.994797 -0.101779 0.00445015 74.674 0.101696 0.994685 0.0161277 5.3006 -0.00606796 -0.0155912 0.99986 0.35668
0.994813 -0.101719 0.000398228 75.2922 0.101711 0.994773 0.00907063 5.35371 -0.0013188 -0.00898308 0.999959 0.369519
0.994915 -0.100645 -0.00381072 75.8937 0.100663 0.994909 0.00484838 5.41394 0.00330335 -0.00520733 0.999981 0.37996
0.995197 -0.0977885 -0.00457588 76.4795 0.0978208 0.995176 0.0074755 5.47829 0.00382279 -0.00788721 0.999962 0.388516
0.99559 -0.093779 -0.00262715 77.0487 0.0938045 0.995513 0.0124031 5.5473 0.00145222 -0.0125948 0.99992 0.386549
0.996018 -0.0891506 0.000368544 77.6065 0.0891405 0.995952 0.0115177 5.59509 -0.00139387 -0.011439 0.999934 0.390989
0.996499 -0.0834669 0.00474958 78.1473 0.0834226 0.996475 0.00886464 5.63548 -0.00547274 -0.00843738 0.999949 0.396734
0.997087 -0.075751 0.00887054 78.672 0.0757109 0.997118 0.00477537 5.66457 -0.00920672 -0.00408987 0.999949 0.409334
0.997816 -0.0653873 0.0093911 79.1796 0.065324 0.99784 0.00689697 5.7007 -0.00982179 -0.00626844 0.999932 0.424947
0.998663 -0.050863 0.0092301 79.6854 0.0507574 0.998647 0.0113439 5.73012 -0.00979459 -0.0108602 0.999893 0.431387
0.999406 -0.0330782 0.00964575 80.1645 0.0329175 0.999324 0.0163702 5.74486 -0.0101807 -0.0160429 0.999819 0.424987
0.999877 -0.0115201 0.010677 80.6381 0.011355 0.999817 0.0153991 5.73889 -0.0108525 -0.015276 0.999824 0.419483
0.999825 0.0142997 0.012065 81.0924 -0.0144506 0.999817 0.0125143 5.71595 -0.0118838 -0.0126864 0.999849 0.42294
0.998948 0.0436005 0.0141966 81.5388 -0.0437646 0.998976 0.0114609 5.68182 -0.0136824 -0.0120702 0.999834 0.431606
0.996961 0.0761749 0.0163384 81.9754 -0.0763595 0.99702 0.0109895 5.63509 -0.0154526 -0.0122037 0.999806 0.436964
0.993407 0.113325 0.0173147 82.401 -0.113523 0.993476 0.0108914 5.58212 -0.0159675 -0.0127852 0.999791 0.438429
0.987796 0.154649 0.0185271 82.8131 -0.154872 0.98787 0.0112673 5.5121 -0.0165599 -0.0139992 0.999765 0.438204
0.97974 0.199386 0.0188299 83.2178 -0.199612 0.979813 0.0110384 5.42005 -0.0162489 -0.0145734 0.999762 0.435459
0.968496 0.248362 0.0182329 83.599 -0.248605 0.968524 0.0125051 5.32192 -0.0145532 -0.0166439 0.999756 0.434215
0.953631 0.300507 0.0168433 83.9769 -0.300736 0.953615 0.0132859 5.19288 -0.0120695 -0.0177352 0.99977 0.434923
0.934465 0.355697 0.0159498 84.3359 -0.355907 0.934429 0.0131181 5.03749 -0.0102379 -0.017935 0.999787 0.433901
0.910973 0.412177 0.0154304 84.6761 -0.412379 0.910912 0.0135573 4.86329 -0.00846772 -0.0187135 0.999789 0.434973
0.882909 0.469326 0.014339 85.005 -0.469506 0.882817 0.0141042 4.66373 -0.00603922 -0.019185 0.999798 0.421189
0.850536 0.525761 0.0128137 85.3167 -0.5259 0.850452 0.0126937 4.43513 -0.00422356 -0.0175352 0.999837 0.429043
0.814718 0.579719 0.0126761 85.6094 -0.579848 0.814638 0.011905 4.18833 -0.00342488 -0.0170495 0.999849 0.435952
0.775821 0.630799 0.0139199 85.897 -0.63094 0.775757 0.0107682 3.92927 -0.00400588 -0.0171368 0.999845 0.451899
0.734115 0.67882 0.0166868 86.1635 -0.679001 0.734072 0.00974167 3.65712 -0.00563648 -0.0184819 0.999813 0.451
0.689903 0.723703 0.0169593 86.4149 -0.723881 0.68987 0.00863801 3.36454 -0.00544839 -0.0182359 0.999819 0.444722
0.644333 0.764613 0.0142551 86.6445 -0.764736 0.644306 0.00699009 3.05132 -0.00383993 -0.0154053 0.999874 0.441923
0.598182 0.801286 0.0109102 86.848 -0.801354 0.598176 0.00411096 2.72373 -0.00323219 -0.0112021 0.999932 0.45479
0.552082 0.833701 0.0121907 87.0394 -0.833784 0.552072 0.00451583 2.40197 -0.00296528 -0.0126575 0.999915 0.47345
0.505406 0.862754 0.0148387 87.2193 -0.86288 0.505364 0.00672294 2.06915 -0.0016987 -0.0162018 0.999867 0.479618
0.460183 0.887697 0.0150483 87.3926 -0.887824 0.460104 0.00855143 1.7232 0.000667299 -0.0172955 0.99985 0.476619
0.417825 0.908482 0.00909602 87.543 -0.908523 0.417771 0.00723135 1.36907 0.0027695 -0.0112854 0.999932 0.443694
0.377614 0.925961 -0.00187421 87.6582 -0.925962 0.377616 0.000393106 0.999165 0.00107173 0.001587 0.999998 0.450601
0.341578 0.939836 -0.00575418 87.7749 -0.93985 0.341553 -0.00493216 0.635259 -0.00267007 0.00709279 0.999971 0.478264
0.308034 0.951368 -0.00379347 87.8933 -0.951374 0.308025 -0.00284337 0.273133 -0.0015366 0.00448487 0.999989 0.510007
0.27688 0.960894 0.00440558 88.0183 -0.960901 0.276864 0.00397459 -0.100196 0.00259941 -0.00533381 0.999982 0.523116
0.248152 0.968679 0.00906049 88.1248 -0.968698 0.248071 0.00922207 -0.476003 0.00668558 -0.0110654 0.999916 0.511843
0.222183 0.974973 0.0079372 88.2053 -0.974963 0.22209 0.0111283 -0.867847 0.00908704 -0.010211 0.999907 0.507797
0.19835 0.980131 0.000855363 88.2738 -0.980062 0.198325 0.0120531 -1.27481 0.011644 -0.00322903 0.999927 0.503444
0.17753 0.984087 -0.00740942 88.3333 -0.983954 0.177633 0.0167894 -1.69317 0.0178384 0.00430989 0.999832 0.516497
0.157732 0.987432 -0.00991424 88.4003 -0.987172 0.157926 0.0234523 -2.1124 0.0247232 0.00608789 0.999676 0.518849
0.139782 0.990164 -0.00597224 88.4656 -0.989851 0.139889 0.0250135 -2.55491 0.0256029 0.0024152 0.999669 0.530903
0.124259 0.992247 -0.00232542 88.5262 -0.992023 0.12428 0.0211111 -3.01082 0.0212364 -0.000316371 0.999774 0.537309
0.109773 0.993955 -0.00190851 88.5712 -0.993795 0.109789 0.0178249 -3.47768 0.0179267 -6.00228e-05 0.999839 0.550777
0.0969154 0.995288 -0.00305292 88.6144 -0.995169 0.0969512 0.0154567 -3.96615 0.0156798 0.00154018 0.999876 0.560322
0.0853028 0.996327 -0.00746936 88.6429 -0.996242 0.0854036 0.0144281 -4.45645 0.015013 0.00621054 0.999868 0.570826
0.0752169 0.997112 -0.010508 88.6763 -0.997049 0.075366 0.0145948 -4.97695 0.0153446 0.00937924 0.999838 0.582198
0.0672793 0.997657 -0.0123792 88.7086 -0.997609 0.0674624 0.015024 -5.51161 0.015824 0.0113388 0.999811 0.593947
0.0614117 0.998009 -0.0143802 88.739 -0.997982 0.0616307 0.015314 -6.05058 0.0161697 0.0134107 0.999779 0.603524
0.0559149 0.998322 -0.0150679 88.771 -0.998293 0.0561559 0.0160709 -6.61266 0.0168901 0.0141436 0.999757 0.613698
0.0497868 0.998639 -0.0155463 88.7976 -0.998609 0.0500442 0.0166303 -7.20066 0.0173856 0.0146967 0.999741 0.622315
0.0453562 0.998818 -0.0174613 88.8276 -0.998815 0.045651 0.0168692 -7.80186 0.0176464 0.0166755 0.999705 0.630531
0.0424731 0.998928 -0.0184006 88.8561 -0.998945 0.0427816 0.0167075 -8.4243 0.0174768 0.0176716 0.999691 0.644468
0.0394622 0.999032 -0.0194253 88.8805 -0.999077 0.0397796 0.016234 -9.06555 0.016991 0.0187667 0.99968 0.661096
0.0370722 0.999094 -0.020896 88.8985 -0.999173 0.0374085 0.0159406 -9.72288 0.0167079 0.0202878 0.999655 0.667509
0.0362172 0.999065 -0.0236007 88.9184 -0.99921 0.0365885 0.0155002 -10.402 0.0163492 0.0230207 0.999601 0.679132
0.0371938 0.998927 -0.0275973 88.938 -0.999182 0.0376139 0.0148652 -11.0983 0.0158873 0.0270218 0.999509 0.693586
0.0396964 0.998773 -0.0295976 88.9601 -0.999087 0.0401426 0.0146375 -11.8038 0.0158077 0.0289896 0.999455 0.710123
0.0434813 0.998571 -0.0310592 88.99 -0.998925 0.0439546 0.0147199 -12.5284 0.0160641 0.0303858 0.999409 0.722176
0.0475526 0.998352 -0.0321265 89.025 -0.998743 0.0480327 0.0143419 -13.2718 0.0158614 0.0314041 0.999381 0.735136
0.0512797 0.998125 -0.0334252 89.0582 -0.998576 0.0517385 0.0130091 -14.0393 0.0147141 0.0327105 0.999357 0.745839
0.0555556 0.997881 -0.0338597 89.1113 -0.998368 0.0559685 0.0113701 -14.8192 0.0132411 0.0331728 0.999362 0.760918
0.0597793 0.997741 -0.0306344 89.173 -0.998146 0.0600984 0.00960367 -15.622 0.0114231 0.0300035 0.999485 0.773661
0.0637092 0.997536 -0.0293763 89.2199 -0.997915 0.063982 0.00844241 -16.4092 0.0103012 0.0287772 0.999533 0.785422
0.0678677 0.99732 -0.0273253 89.2736 -0.997636 0.0681342 0.00894312 -17.2164 0.0107809 0.0266538 0.999587 0.80251
0.0712373 0.997102 -0.0267055 89.3398 -0.997358 0.0715862 0.012344 -18.0261 0.01422 0.0257556 0.999567 0.827634
0.0724917 0.997079 -0.0240352 89.419 -0.997181 0.0729247 0.0176561 -18.8429 0.0193573 0.0226876 0.999555 0.842699
0.0725611 0.997182 -0.0190541 89.4897 -0.997119 0.0729533 0.0207622 -19.6533 0.0220938 0.0174927 0.999603 0.862033
0.0730417 0.997196 -0.0162704 89.5642 -0.997092 0.07337 0.0205913 -20.4777 0.0217273 0.0147191 0.999656 0.878885
0.0732628 0.997228 -0.0129954 89.6333 -0.997114 0.0735021 0.0190113 -21.2985 0.0199138 0.0115651 0.999735 0.906465
0.0732743 0.997204 -0.0146687 89.6959 -0.997139 0.0735277 0.0175528 -22.122 0.0185823 0.0133405 0.999738 0.928022
0.0733801 0.997226 -0.0125114 89.7627 -0.997145 0.0735864 0.016911 -22.9364 0.0177848 0.0112348 0.999779 0.952006
0.0736446 0.997234 -0.0100875 89.8293 -0.997127 0.0738091 0.0170502 -23.7569 0.0177475 0.00880291 0.999804 0.977657
0.073762 0.997236 -0.00891599 89.8919 -0.997114 0.0739084 0.0173829 -24.5817 0.0179938 0.00760805 0.999809 1.00054
0.0726054 0.997349 -0.00477574 89.9684 -0.997182 0.0726823 0.0185926 -25.4006 0.0188904 0.00341236 0.999816 1.02862
0.0700731 0.99754 -0.00181091 90.0401 -0.997373 0.0700945 0.0182534 -26.2174 0.0183354 0.000527079 0.999832 1.05555
0.0665405 0.997782 0.00205133 90.1124 -0.997641 0.066496 0.0170696 -27.0274 0.0168953 -0.00318231 0.999852 1.07248
0.0616139 0.998095 0.00329794 90.1705 -0.997996 0.0615593 0.0146671 -27.8363 0.0144362 -0.00419503 0.999887 1.09883
0.0557807 0.99843 0.00513444 90.2289 -0.998362 0.05571 0.0130049 -28.6704 0.0126984 -0.00585145 0.999902 1.11905
0.0480581 0.998832 0.00497253 90.2786 -0.998767 0.0479919 0.012662 -29.4926 0.0124085 -0.00557491 0.999907 1.14283
0.0390847 0.999223 0.0051694 90.3154 -0.99915 0.0390127 0.013351 -30.3009 0.013139 -0.00568682 0.999897 1.16021
0.0291798 0.999563 0.00478625 90.3467 -0.999487 0.0291135 0.0133727 -31.1057 0.0132275 -0.005174 0.999899 1.18165
0.0187883 0.999815 0.00420926 90.3663 -0.999744 0.0187334 0.0127147 -31.9015 0.0126335 -0.00444707 0.99991 1.20238
0.00792998 0.99995 0.00610696 90.3764 -0.999903 0.00785941 0.0114912 -32.7075 0.0114426 -0.00619749 0.999915 1.22562
-0.00320923 0.999984 0.00462057 90.3733 -0.999938 -0.00325823 0.0106299 -33.4889 0.0106448 -0.00458617 0.999933 1.23816
-0.0141103 0.999892 0.00419331 90.3676 -0.999838 -0.014156 0.0110863 -34.291 0.0111445 -0.0040362 0.99993 1.26556
-0.0251435 0.999676 0.00397419 90.3479 -0.99962 -0.0251865 0.0111721 -35.0738 0.0112685 -0.00369178 0.99993 1.2861
-0.0360148 0.99934 0.00463092 90.3214 -0.999276 -0.0360686 0.0120903 -35.8541 0.0122493 -0.00419213 0.999916 1.30583
-0.0460974 0.998932 0.00299692 90.2924 -0.998852 -0.0461323 0.012873 -36.6307 0.0129975 -0.00240007 0.999913 1.32503
-0.0559 0.998433 0.00275222 90.2601 -0.998345 -0.0559319 0.0133512 -37.389 0.0134843 -0.00200133 0.999907 1.34382
-0.065102 0.997874 0.00309929 90.2103 -0.997784 -0.0651383 0.0135562 -38.1462 0.0137293 -0.00220989 0.999903 1.36435
-0.0744965 0.997217 0.00283558 90.1567 -0.997125 -0.0745286 0.0136979 -38.8905 0.0138711 -0.00180699 0.999902 1.38217
-0.0832514 0.996528 0.00104612 90.0869 -0.996441 -0.0832579 0.0131653 -39.6419 0.0132067 5.36321e-05 0.999913 1.40435
-0.0906234 0.995884 0.00150239 90.0226 -0.995814 -0.0906348 0.0118101 -40.387 0.0118977 -0.000425827 0.999929 1.42406
-0.0955681 0.995422 -0.00133829 89.9563 -0.99537 -0.0955489 0.0104661 -41.1046 0.0102903 0.00233232 0.999944 1.43957
-0.0996913 0.995014 -0.00284063 89.8775 -0.994983 -0.0996635 0.00866585 -41.8285 0.00833954 0.00369029 0.999958 1.45869
-0.102537 0.994716 -0.00521101 89.8047 -0.994705 -0.102497 0.00747291 -42.5407 0.00689931 0.00594967 0.999959 1.47643
-0.104315 0.994523 -0.00657601 89.734 -0.994527 -0.104271 0.00666809 -43.2195 0.00594588 0.00723559 0.999956 1.49104
-0.104766 0.994477 -0.0063506 89.6659 -0.994476 -0.10472 0.00718414 -43.8952 0.00647942 0.00706817 0.999954 1.50417
-0.104064 0.994542 -0.00751899 89.5927 -0.994545 -0.104004 0.00797882 -44.5539 0.00715327 0.00830828 0.99994 1.5181
-0.101092 0.994841 -0.00843717 89.5246 -0.994841 -0.101013 0.00937753 -45.1991 0.00847689 0.00934164 0.99992 1.53444
-0.0958877 0.995349 -0.00922647 89.4593 -0.995349 -0.0957936 0.0101488 -45.8229 0.00921779 0.0101567 0.999906 1.54556
-0.0879924 0.99609 -0.00784742 89.4057 -0.996071 -0.0879062 0.010728 -46.4406 0.00999626 0.00876057 0.999912 1.56296
-0.0767299 0.997038 -0.00520333 89.3663 -0.996999 -0.0766709 0.0107196 -47.0364 0.0102889 0.00601023 0.999929 1.5763
-0.0631965 0.997988 -0.00511582 89.3373 -0.997944 -0.0631371 0.0110536 -47.6088 0.0107084 0.00580385 0.999926 1.59491
-0.0458845 0.998935 -0.00484045 89.3166 -0.998873 -0.0458219 0.0123354 -48.1602 0.0121004 0.00540101 0.999912 1.60854
-0.0249438 0.999677 -0.00488198 89.3191 -0.999574 -0.0248665 0.01531 -48.7047 0.0151836 0.00526179 0.999871 1.62285
-0.000437021 0.999994 -0.00336548 89.3319 -0.999835 -0.000375867 0.0181738 -49.2504 0.0181724 0.00337286 0.999829 1.64372
0.027742 0.999614 -0.0013112 89.3637 -0.99941 0.0277629 0.0202028 -49.7851 0.0202314 0.000749961 0.999795 1.66227
0.0603846 0.998175 -0.000638225 89.4242 -0.997967 0.060385 0.0203774 -50.3176 0.0203787 -0.000593551 0.999792 1.67332
0.098254 0.995161 -0.000358348 89.4983 -0.994983 0.0982432 0.0189017 -50.8554 0.0188454 -0.00150061 0.999821 1.67781
0.139654 0.9902 0.000305287 89.6084 -0.990074 0.139631 0.016041 -51.378 0.0158411 -0.00254243 0.999871 1.69223
0.184562 0.982817 0.00267017 89.7346 -0.982751 0.184515 0.0124699 -51.8908 0.011763 -0.00492559 0.999919 1.70288
0.23243 0.972591 0.00652955 89.8926 -0.972583 0.232365 0.00943866 -52.4009 0.00766272 -0.00854436 0.999934 1.72276
0.28342 0.958949 0.00944609 90.077 -0.958984 0.283354 0.00768892 -52.8919 0.00469669 -0.0112378 0.999926 1.73945
0.337318 0.941343 0.00948562 90.2906 -0.941381 0.337253 0.00784247 -53.3691 0.0041834 -0.011575 0.999924 1.7419
0.394692 0.91879 0.00657401 90.517 -0.9188 0.394638 0.00818986 -53.8183 0.00493041 -0.00927268 0.999945 1.76176
0.454009 0.890992 0.00304259 90.7665 -0.890958 0.453955 0.0109358 -54.2487 0.00836252 -0.00767578 0.999936 1.78104
0.513196 0.858268 -0.00235509 91.046 -0.858163 0.513173 0.0144915 -54.6499 0.0136462 -0.00541595 0.999892 1.79359
0.571202 0.820806 -0.00248341 91.3626 -0.820638 0.571142 0.0187236 -55.0268 0.0167868 -0.00865699 0.999822 1.8071
0.626735 0.779224 -0.00349095 91.6944 -0.778988 0.626645 0.0222289 -55.3774 0.0195089 -0.0112122 0.999747 1.81118
0.679567 0.73359 -0.00589798 92.0403 -0.733301 0.67949 0.0237195 -55.7046 0.021408 -0.011794 0.999701 1.81328
0.728633 0.684861 -0.00776013 92.3988 -0.68457 0.728584 0.0229872 -56.0049 0.0213969 -0.0114369 0.999706 1.81215
0.773951 0.633228 -0.00474896 92.7784 -0.633036 0.773865 0.0199484 -56.2934 0.016307 -0.0124328 0.99979 1.83174
0.81523 0.579136 -0.00128076 93.1838 -0.579051 0.815145 0.0154768 -56.5379 0.0100072 -0.0118755 0.999879 1.83364
0.851724 0.523975 0.00401622 93.6011 -0.523979 0.851632 0.0129975 -56.7569 0.00339002 -0.0131747 0.999907 1.85131
0.882718 0.469819 0.00892765 94.0116 -0.469894 0.882659 0.0105588 -56.9473 -0.00291936 -0.0135155 0.999904 1.84917
0.908327 0.417985 0.0151691 94.4483 -0.418145 0.908331 0.00948851 -57.1119 -0.0098125 -0.0149615 0.99984 1.87034
0.928531 0.370787 0.0185992 94.8777 -0.371019 0.928561 0.0109497 -57.2589 -0.0132105 -0.0170678 0.999767 1.88221
0.943766 0.329845 0.0225423 95.3134 -0.33022 0.943775 0.0155887 -57.3804 -0.016133 -0.022156 0.999624 1.88221
0.955457 0.29429 0.0222594 95.7663 -0.294731 0.95537 0.0200547 -57.5002 -0.0153641 -0.0257219 0.999551 1.87938
0.964523 0.263198 0.0205594 96.2261 -0.263635 0.964358 0.0225724 -57.5998 -0.0138857 -0.0271918 0.999534 1.8449
0.97033 0.24103 0.0191069 96.6835 -0.241369 0.970265 0.0180642 -57.7104 -0.0141848 -0.02214 0.999654 1.84593
0.974043 0.22561 0.0184387 97.1655 -0.225899 0.974029 0.015419 -57.811 -0.0144811 -0.019184 0.999711 1.84593
0.976862 0.212995 0.0193538 97.6674 -0.213353 0.976794 0.0187958 -57.8985 -0.0149013 -0.02249 0.999636 1.85346
0.978839 0.203601 0.0205343 98.1729 -0.204072 0.978655 0.0242559 -57.9772 -0.0151574 -0.0279331 0.999495 1.84307
0.980118 0.19739 0.0201275 98.6838 -0.19794 0.97974 0.0304799 -58.0561 -0.0137033 -0.033858 0.999333 1.84202
0.980706 0.194704 0.0175112 99.2115 -0.195229 0.980085 0.0363253 -58.1357 -0.0100898 -0.0390431 0.999187 1.83437
0.980836 0.194252 0.0150366 99.7474 -0.194697 0.980114 0.0383292 -58.229 -0.00729208 -0.0405222 0.999152 1.82714
0.980389 0.196772 0.0108572 100.295 -0.197037 0.979755 0.0354442 -58.3439 -0.00366299 -0.0368883 0.999313 1.8269
0.979574 0.201044 0.00408363 100.854 -0.201067 0.979012 0.0332826 -58.4632 0.00269333 -0.0334239 0.999438 1.82838
0.978705 0.205273 0.000541084 101.431 -0.205159 0.978066 0.036009 -58.5867 0.00686246 -0.0353532 0.999351 1.83336
0.977734 0.209834 0.00235073 102.008 -0.209746 0.976855 0.0419534 -58.6875 0.00650694 -0.0415124 0.999117 1.83993
0.976518 0.215328 0.00686472 102.614 -0.215417 0.975481 0.0450776 -58.8053 0.00301008 -0.0454978 0.99896 1.83051
0.975509 0.219689 0.0109001 103.226 -0.219956 0.974567 0.0428908 -58.9478 -0.00120023 -0.0442379 0.99902 1.82961
0.974537 0.223657 0.0159792 103.844 -0.22413 0.973741 0.0399408 -59.0942 -0.00662658 -0.0425052 0.999074 1.82961
0.973675 0.227044 0.0201779 104.475 -0.227671 0.973005 0.0377785 -59.2381 -0.0110559 -0.0413779 0.999082 1.82517
0.973024 0.229857 0.0197455 105.114 -0.230406 0.972548 0.0326174 -59.4028 -0.011706 -0.036287 0.999273 1.8192
0.972887 0.230735 0.0158627 105.768 -0.231106 0.972523 0.0280728 -59.5614 -0.00894951 -0.0309776 0.99948 1.81187
0.973076 0.23033 0.00846193 106.436 -0.230473 0.97274 0.0256579 -59.7132 -0.00232148 -0.0269173 0.999635 1.82492
0.973278 0.229615 0.00260003 107.096 -0.229591 0.972841 0.0294822 -59.8653 0.00424015 -0.0292913 0.999562 1.823
0.973899 0.226981 3.69528e-05 107.78 -0.226853 0.973345 0.033709 -60.0179 0.00761534 -0.0328376 0.999432 1.83564
0.974484 0.224413 0.00437517 108.481 -0.224423 0.973824 0.0360803 -60.1764 0.00383626 -0.0361415 0.999339 1.82281
0.974813 0.222755 0.0109493 109.2 -0.222999 0.974264 0.0328917 -60.3425 -0.00334073 -0.034505 0.999399 1.82893
0.97539 0.219869 0.0165041 109.918 -0.220288 0.974955 0.0305861 -60.4993 -0.0093658 -0.033469 0.999396 1.83007
0.975753 0.218269 0.0162994 110.647 -0.218697 0.97526 0.0322523 -60.6496 -0.00885647 -0.0350349 0.999347 1.83407
0.976262 0.216184 0.0133123 111.398 -0.216541 0.975531 0.0380613 -60.7997 -0.00475829 -0.0400405 0.999187 1.8351
0.977079 0.212725 0.00801246 112.149 -0.212875 0.976256 0.0401043 -60.9604 0.000708958 -0.0408907 0.999163 1.83639
0.977965 0.208711 0.00484584 112.912 -0.208739 0.977183 0.0392532 -61.1249 0.0034573 -0.0393998 0.999218 1.8369
0.978798 0.20475 0.00560507 113.699 -0.204816 0.978085 0.0374133 -61.2899 0.00217815 -0.0377681 0.999284 1.83957
0.979514 0.201273 0.00649135 114.502 -0.201377 0.978944 0.0334119 -61.4576 0.000370228 -0.0340346 0.999421 1.84787
0.97995 0.199041 0.00901522 115.302 -0.199231 0.97941 0.0326006 -61.6209 -0.00234075 -0.0337431 0.999428 1.84936
0.980181 0.197822 0.0105285 116.098 -0.198046 0.979786 0.0282302 -61.7898 -0.00473109 -0.0297558 0.999546 1.84717
0.980289 0.197258 0.0110531 116.913 -0.197479 0.97999 0.0249285 -61.955 -0.0059146 -0.0266199 0.999628 1.85118
0.980348 0.196866 0.012705 117.741 -0.197133 0.980053 0.0251904 -62.114 -0.00749248 -0.0271999 0.999602 1.85237
0.980308 0.197094 0.0122209 118.555 -0.197373 0.9799 0.0289969 -62.27 -0.00626015 -0.030838 0.999505 1.86051
0.980188 0.197818 0.0100123 119.383 -0.198046 0.979618 0.0335733 -62.4212 -0.00316681 -0.034891 0.999386 1.85853
0.980052 0.19846 0.0106128 120.227 -0.198736 0.979067 0.0439608 -62.5764 -0.00166616 -0.045193 0.998977 1.86052
0.979464 0.201193 0.013108 121.058 -0.201603 0.97815 0.0507789 -62.7316 -0.00260519 -0.0523787 0.998624 1.86421
0.978874 0.203919 0.0149518 121.905 -0.204432 0.977432 0.0532308 -62.8915 -0.00375965 -0.0551629 0.99847 1.85792
0.978314 0.206628 0.0143681 122.754 -0.207104 0.976883 0.0529875 -63.0657 -0.00308718 -0.0548141 0.998492 1.86126
0.977914 0.208662 0.0120106 123.598 -0.209004 0.976595 0.0507903 -63.2338 -0.00113149 -0.0521788 0.998637 1.86257
0.977642 0.209996 0.0108178 124.447 -0.210272 0.976608 0.0449647 -63.4244 -0.00112229 -0.0462341 0.99893 1.86448
0.977577 0.210375 0.00920475 125.289 -0.210575 0.976801 0.0389626 -63.6105 -0.000794445 -0.0400273 0.999198 1.87707
0.977406 0.211173 0.00910479 126.137 -0.211367 0.976687 0.0375023 -63.7969 -0.000973068 -0.0385795 0.999255 1.90521
0.977069 0.212569 0.0122714 126.979 -0.212894 0.976265 0.0397978 -63.9788 -0.00352034 -0.0414977 0.999132 1.90806
0.976729 0.213675 0.0185156 127.831 -0.214282 0.975874 0.0418632 -64.1578 -0.00912379 -0.0448566 0.998952 1.90579
0.976472 0.21442 0.0229266 128.68 -0.21526 0.975545 0.0444406 -64.3306 -0.0128369 -0.0483302 0.998749 1.89879
0.976285 0.215848 0.0166794 129.503 -0.216385 0.975317 0.0439842 -64.5094 -0.00677378 -0.0465502 0.998893 1.88879
0.976267 0.216566 0.00126381 130.313 -0.216441 0.975466 0.0402423 -64.6885 0.00748233 -0.0395608 0.999189 1.89044
0.976314 0.216251 -0.00687292 131.124 -0.215845 0.975689 0.0379818 -64.8707 0.0149194 -0.0355986 0.999255 1.92787
0.976519 0.215425 0.0014694 131.959 -0.215332 0.975849 0.0367564 -65.0564 0.00648433 -0.0362097 0.999323 1.93765
0.976674 0.213781 0.0201301 132.822 -0.214336 0.976255 0.0313922 -65.2428 -0.0129411 -0.0349746 0.999304 1.93779
0.976603 0.212317 0.0341891 133.651 -0.213216 0.97668 0.0252003 -65.4256 -0.0280414 -0.0319004 0.999098 1.92876
0.976971 0.211434 0.0287 134.47 -0.212179 0.976885 0.0259993 -65.5974 -0.0225395 -0.0314901 0.99925 1.92522
0.977514 0.210321 0.0152232 135.279 -0.210725 0.976974 0.0334242 -65.7584 -0.00784288 -0.0358806 0.999325 1.93609
0.977807 0.209368 0.00762516 136.085 -0.209506 0.977108 0.0369774 -65.9308 0.000291265 -0.0377543 0.999287 1.92206
0.978163 0.207739 0.00639907 136.899 -0.207834 0.977521 0.0354617 -66.1009 0.00111154 -0.0360173 0.999351 1.93552
0.978708 0.205101 0.00796095 137.717 -0.205253 0.978147 0.0331636 -66.2691 -0.000985089 -0.0340915 0.999418 1.95368
0.979493 0.201364 0.00672182 138.53 -0.201476 0.978964 0.032189 -66.4284 -9.87153e-05 -0.0328832 0.999459 1.96837
0.980434 0.196774 0.00541849 139.339 -0.196844 0.979871 0.0332293 -66.583 0.00122923 -0.0336457 0.999433 1.97064
0.981096 0.193432 0.00592812 140.145 -0.193517 0.980369 0.0377834 -66.7386 0.00149678 -0.0382163 0.999268 1.98699
0.98155 0.191089 0.00668606 140.951 -0.191198 0.980615 0.0428704 -66.8793 0.0016356 -0.0433578 0.999058 1.99166
0.981821 0.189588 0.00915888 141.759 -0.189808 0.980789 0.0450104 -67.0225 -0.0004495 -0.0459306 0.998945 1.99335
0.982072 0.188079 0.0126807 142.564 -0.188459 0.981102 0.0438403 -67.1799 -0.0041956 -0.0454441 0.998958 1.99078
0.982348 0.186614 0.0129558 143.366 -0.187001 0.981447 0.0423263 -67.3295 -0.00481672 -0.0440019 0.99902 2.00138
0.98285 0.184147 0.00975867 144.177 -0.184392 0.982022 0.0403926 -67.474 -0.00214508 -0.0414993 0.999136 2.00956
0.983652 0.179994 0.00549349 144.976 -0.180073 0.982944 0.0373363 -67.6257 0.00132051 -0.0377152 0.999288 2.01458
0.984789 0.173705 0.00406906 145.779 -0.173741 0.984183 0.0346017 -67.7623 0.00200579 -0.0347823 0.999393 2.02765
0.985919 0.167038 0.00790624 146.577 -0.167215 0.985284 0.0354208 -67.8985 -0.00187326 -0.0362441 0.999341 2.01923
0.986837 0.160989 0.0153473 147.377 -0.161412 0.986363 0.0321682 -68.0243 -0.00995925 -0.034222 0.999365 2.02286
0.987342 0.156698 0.0245357 148.181 -0.157428 0.987033 0.0313374 -68.161 -0.019307 -0.0348033 0.999208 2.0255
0.987887 0.152559 0.028384 148.978 -0.153483 0.98757 0.0338826 -68.2674 -0.0228621 -0.0378287 0.999023 2.02754
0.988679 0.148091 0.0241375 149.788 -0.14888 0.988234 0.0350411 -68.3777 -0.0186642 -0.038238 0.999094 2.01719
0.989811 0.141644 0.0145392 150.6 -0.142069 0.989266 0.0341925 -68.4805 -0.00954001 -0.0359097 0.999309 2.02458
0.990826 0.134886 0.00830895 151.381 -0.135086 0.990306 0.0323346 -68.5915 -0.00386694 -0.0331603 0.999443 2.02012
0.9917 0.128277 0.00873835 152.202 -0.128506 0.991102 0.0346776 -68.6981 -0.00421225 -0.0355127 0.99936 2.01826
0.992634 0.120526 0.0122649 153.019 -0.120933 0.99181 0.0410957 -68.783 -0.00721132 -0.0422762 0.99908 2.01993
0.99358 0.112556 0.0113613 153.853 -0.112953 0.992611 0.0443262 -68.858 -0.00628813 -0.0453249 0.998953 2.024
0.994677 0.102832 0.00660615 154.673 -0.103029 0.993584 0.0466409 -68.9318 -0.00176758 -0.0470733 0.99889 2.02203
0.995539 0.0942919 0.00339532 155.488 -0.0943483 0.994484 0.0458151 -69.0097 0.000943399 -0.0459311 0.998944 2.02481
0.996263 0.0862115 0.0052673 156.309 -0.0863632 0.995188 0.0462894 -69.0723 -0.00125128 -0.0465713 0.998914 2.02958
0.996869 0.0782292 0.0115219 157.145 -0.0786998 0.995716 0.0485364 -69.1227 -0.00767561 -0.0492912 0.998755 2.02508
0.997418 0.0697752 0.0169937 157.988 -0.0705596 0.996201 0.05103 -69.1685 -0.0133685 -0.0520973 0.998553 2.02452
0.997883 0.0618227 0.0201631 158.81 -0.0627815 0.996723 0.0510067 -69.2169 -0.0169436 -0.0521646 0.998495 2.01794
0.998214 0.0554874 0.0221394 159.636 -0.0565517 0.997109 0.0507582 -69.258 -0.019259 -0.0519195 0.998466 2.01757
0.99848 0.0511226 0.0205984 160.46 -0.0521067 0.997365 0.0504679 -69.3051 -0.0179641 -0.0514645 0.998513 2.01143
0.99878 0.0467572 0.0158907 161.296 -0.0475593 0.997378 0.0545408 -69.3254 -0.0132989 -0.05523 0.998385 2.02041
0.999027 0.0430247 0.00974205 162.106 -0.0435323 0.997257 0.0598597 -69.3486 -0.00713988 -0.0602256 0.998159 2.01968
0.99918 0.0398854 0.00694243 162.926 -0.0402394 0.997269 0.061924 -69.3727 -0.00445361 -0.0621525 0.998057 2.01037
0.999256 0.0366226 0.0120548 163.762 -0.0373207 0.997255 0.063951 -69.3928 -0.00967964 -0.0643533 0.99788 2.00994
0.999205 0.0338723 0.0210394 164.603 -0.0352095 0.997144 0.0668217 -69.4125 -0.0187159 -0.0675093 0.997543 1.99209
0.999119 0.0302646 0.0290685 165.447 -0.032189 0.997153 0.0681884 -69.4304 -0.026922 -0.069064 0.997249 1.99179
0.999332 0.0256219 0.0260471 166.246 -0.0271818 0.997742 0.0614108 -69.4583 -0.0244148 -0.0620778 0.997773 1.97014
0.999642 0.020808 0.0167955 167.061 -0.0216253 0.998513 0.0500446 -69.4832 -0.0157292 -0.0503899 0.998606 1.974
0.999832 0.0143459 0.0114093 167.872 -0.0148792 0.998731 0.0481184 -69.4944 -0.0107045 -0.0482801 0.998776 1.96789
0.999899 0.00726421 0.0122494 168.699 -0.00793026 0.998442 0.0552323 -69.4924 -0.0118291 -0.0553239 0.998398 1.96269
0.999855 -0.000886122 0.0169863 169.538 -3.44511e-05 0.998535 0.0541182 -69.4891 -0.0170094 -0.0541109 0.99839 1.94232
0.999755 -0.0080132 0.0206437 170.378 0.00700653 0.998804 0.0483832 -69.4915 -0.0210067 -0.0482266 0.998616 1.94288
0.99961 -0.014136 0.0240742 171.22 0.0131466 0.999082 0.0407704 -69.4871 -0.0246284 -0.040438 0.998878 1.91641
0.999504 -0.0199243 0.0243951 172.059 0.0190932 0.999245 0.0338372 -69.4788 -0.0250508 -0.0333546 0.99913 1.91759
0.999477 -0.0261319 0.0190402 172.893 0.025604 0.999295 0.0274593 -69.4579 -0.0197444 -0.0269574 0.999442 1.92874
0.999397 -0.0333885 0.00958149 173.716 0.0332085 0.99928 0.0183674 -69.4345 -0.0101878 -0.0180382 0.999785 1.91511
0.999194 -0.0397633 0.00557456 174.556 0.0396787 0.999107 0.0145324 -69.4278 -0.00614744 -0.0142995 0.999879 1.91029
0.998857 -0.0464129 0.0113868 175.414 0.0461589 0.9987 0.0216371 -69.373 -0.0123762 -0.0210867 0.999701 1.90019
0.998417 -0.0514662 0.022669 176.264 0.0507445 0.99822 0.0313398 -69.3087 -0.0242416 -0.0301399 0.999252 1.88394
0.997951 -0.0561717 0.0306368 177.117 0.0550969 0.997872 0.0348651 -69.2495 -0.0325301 -0.0331056 0.998922 1.87496
0.997795 -0.0596618 0.0290935 177.96 0.058808 0.997837 0.0293687 -69.1961 -0.0307827 -0.027593 0.999145 1.86368
0.9979 -0.061686 0.0197618 178.804 0.0610843 0.99769 0.0297292 -69.1393 -0.02155 -0.0284596 0.999363 1.87439
0.997878 -0.0643483 0.00994867 179.638 0.0639269 0.997228 0.0380628 -69.0605 -0.0123704 -0.037346 0.999226 1.86532
0.997774 -0.0664335 0.00582724 180.486 0.0661446 0.996988 0.0405045 -68.9957 -0.00850055 -0.0400289 0.999162 1.84657
0.997605 -0.0684829 0.00975635 181.338 0.0680808 0.996999 0.0368617 -68.9431 -0.0122515 -0.0361092 0.999273 1.83398
0.997473 -0.0687916 0.0177593 182.19 0.068108 0.997007 0.03659 -68.883 -0.0202232 -0.035288 0.999173 1.81587
0.997332 -0.06915 0.0233732 183.046 0.0682426 0.996959 0.0376154 -68.8242 -0.0259032 -0.03592 0.999019 1.80213
0.997216 -0.0707585 0.023513 183.906 0.0699475 0.996982 0.0336915 -68.7531 -0.025826 -0.0319531 0.999156 1.80032
0.997245 -0.0724256 0.01601 184.75 0.0719859 0.997053 0.0265215 -68.6903 -0.0178837 -0.0252959 0.99952 1.79732
0.997216 -0.0743712 0.00535385 185.6 0.0742602 0.997066 0.0185914 -68.6449 -0.00672081 -0.0181421 0.999813 1.79385
0.997099 -0.0761039 0.00131051 186.449 0.0760824 0.997027 0.0121649 -68.5897 -0.00223241 -0.0120299 0.999925 1.79257
0.997006 -0.0771527 0.00511829 187.312 0.0770332 0.996819 0.0204507 -68.5095 -0.00667983 -0.0199952 0.999778 1.79063
0.99681 -0.0785439 0.0141527 188.169 0.0781588 0.996603 0.0259714 -68.4323 -0.0161445 -0.0247824 0.999563 1.77696
0.996629 -0.0799943 0.0182018 189.018 0.0795216 0.996511 0.025358 -68.3607 -0.0201668 -0.0238251 0.999513 1.77439
0.996607 -0.0808133 0.0156285 189.851 0.0804572 0.996511 0.0222132 -68.2942 -0.0173691 -0.0208804 0.999631 1.78288
0.996696 -0.0805769 0.0102593 190.682 0.0803344 0.996521 0.0221888 -68.2232 -0.0120115 -0.0212913 0.999701 1.78935
0.996681 -0.0809694 0.0084344 191.53 0.0806664 0.996241 0.0315815 -68.1351 -0.0109598 -0.0307963 0.999466 1.77651
0.996629 -0.0813133 0.0108766 192.368 0.0808837 0.996095 0.0353797 -68.0583 -0.013711 -0.0343807 0.999315 1.76929
0.996541 -0.082045 0.0132473 193.205 0.0814524 0.99586 0.0403613 -67.9747 -0.0165039 -0.0391427 0.999097 1.76539
0.996488 -0.0822445 0.0157187 194.04 0.0814802 0.995691 0.0442813 -67.9037 -0.0192929 -0.042845 0.998895 1.75817
0.996437 -0.0829078 0.0154931 194.868 0.082151 0.995632 0.0443674 -67.8224 -0.0191038 -0.0429365 0.998895 1.75009
0.996452 -0.0832359 0.0124415 195.689 0.0826248 0.995633 0.0434607 -67.7496 -0.0160047 -0.0422786 0.998978 1.75407
0.996409 -0.0843662 0.00715582 196.507 0.0839621 0.995453 0.0449892 -67.6709 -0.0109188 -0.0442268 0.998962 1.75297
0.996299 -0.0856134 0.00765078 197.316 0.0851604 0.995248 0.0472178 -67.5946 -0.0116569 -0.0463915 0.998855 1.75898
0.996033 -0.0876176 0.0155628 198.132 0.0867356 0.994956 0.0503849 -67.5173 -0.0198989 -0.0488351 0.998609 1.73259
