0.477145 -0.878658 0.0170838 1.17719 0.878819 0.477118 -0.00591762 1.44919 -0.00295141 0.0178371 0.999837 0.781296
0.476058 -0.879285 0.015013 1.5326 0.87941 0.476034 -0.00536234 2.09916 -0.00243166 0.0157553 0.999873 0.778683
0.474392 -0.880174 0.0156897 2.1677 0.880302 0.474402 -0.00328921 3.26198 -0.00454814 0.015372 0.999871 0.780275
0.473782 -0.880489 0.0163995 2.39364 0.88062 0.47382 -0.00175243 3.67633 -0.0062274 0.015272 0.999864 0.781087
0.472704 -0.881046 0.0175925 2.87966 0.881178 0.472784 0.000476752 4.5718 -0.00873748 0.0152767 0.999845 0.781842
0.471725 -0.881555 0.01831 3.26585 0.88168 0.471842 0.00243347 5.28703 -0.0107847 0.0149956 0.999829 0.781486
0.470632 -0.882109 0.0197183 3.77055 0.88224 0.470785 0.00370325 6.22584 -0.0125498 0.0156534 0.999799 0.77984
0.470089 -0.882362 0.0213209 4.15273 0.882461 0.470324 0.00755375 6.9453 -0.0166929 0.0152639 0.999744 0.780984
0.469826 -0.882466 0.0227353 4.71779 0.882427 0.4702 0.0153391 8.02223 -0.0242264 0.0128555 0.999624 0.787069
0.470219 -0.882197 0.0249342 5.05588 0.881933 0.470759 0.024085 8.68285 -0.0329857 0.0106651 0.999399 0.792955
0.471268 -0.881546 0.0279744 5.56123 0.880933 0.472019 0.0339779 9.6724 -0.0431575 0.00863089 0.999031 0.798578
0.472515 -0.88079 0.0306212 5.98591 0.879774 0.473459 0.0428363 10.5228 -0.0522277 0.00669895 0.998613 0.802267
0.474076 -0.879971 0.0300439 6.55255 0.878659 0.475014 0.0481696 11.6635 -0.0566591 0.00356231 0.998387 0.803231
0.475036 -0.879485 0.029094 6.92763 0.877886 0.475926 0.0530191 12.4422 -0.0604761 0.000355303 0.99817 0.808779
0.476408 -0.878834 0.0261864 7.50996 0.877252 0.477122 0.0527584 13.632 -0.05886 -0.00216247 0.998264 0.819775
0.477177 -0.87837 0.0277112 7.88003 0.876553 0.477973 0.0565438 14.3948 -0.0629116 -0.00269106 0.998015 0.841119
0.47728 -0.878227 0.0303475 8.4737 0.876248 0.478241 0.0589497 15.6042 -0.0662847 -0.00154362 0.9978 0.874293
0.476559 -0.878523 0.0330025 8.91761 0.876427 0.4777 0.0606516 16.516 -0.0690491 2.0247e-05 0.997613 0.903874
0.475635 -0.878838 0.0376063 9.36819 0.876991 0.477085 0.0572439 17.4222 -0.0682495 0.00575317 0.997652 0.929431
0.474704 -0.879228 0.0401677 9.75608 0.877611 0.476305 0.0541581 18.1943 -0.0667494 0.00954247 0.997724 0.944521
0.472964 -0.880295 0.0372198 10.3254 0.879179 0.474296 0.0456846 19.3349 -0.0578692 0.0111157 0.998262 0.96175
0.471756 -0.880996 0.0359548 10.6928 0.880074 0.472976 0.0419935 20.0648 -0.0540019 0.0118322 0.998471 0.980562
0.469632 -0.882257 0.0326829 11.2996 0.881687 0.470595 0.0341948 21.2854 -0.045549 0.0127572 0.998881 1.01343
0.468504 -0.882912 0.031148 11.6547 0.882429 0.46937 0.0317923 21.9797 -0.0426897 0.0125911 0.999009 1.03717
0.46741 -0.883515 0.0304828 12.0705 0.883102 0.468224 0.0299377 22.7991 -0.0407232 0.0129263 0.999087 1.0574
0.465656 -0.884502 0.0286377 12.6303 0.884281 0.466325 0.0242631 23.9206 -0.0348153 0.0140255 0.999295 1.07946
0.46491 -0.88487 0.0294047 13.0257 0.884791 0.465544 0.0203418 24.6956 -0.031689 0.0165599 0.999361 1.09425
0.464065 -0.885431 0.0255988 13.5015 0.885361 0.464552 0.0181137 25.6426 -0.0279304 0.0142583 0.999508 1.10678
0.463636 -0.885689 0.0244267 13.8866 0.885658 0.464061 0.0160397 26.3971 -0.0255416 0.0141971 0.999573 1.10821
0.463014 -0.886038 0.0235558 14.3885 0.886145 0.463316 0.00923013 27.3806 -0.019092 0.0166001 0.99968 1.11002
0.46289 -0.886159 0.0213228 14.8003 0.88633 0.463046 0.00273132 28.1824 -0.0122938 0.0176347 0.999769 1.10622
0.462246 -0.886573 0.0177954 15.3366 0.886749 0.4622 -0.00683929 29.2329 -0.00216149 0.0189414 0.999818 1.10877
0.46136 -0.88701 0.0189694 15.6928 0.887212 0.461229 -0.0110457 29.9102 0.00104842 0.0219259 0.999759 1.10754
0.460205 -0.887619 0.0185082 16.2343 0.887774 0.459891 -0.0189113 30.9669 0.00827424 0.0251342 0.99965 1.11129
0.459713 -0.887909 0.016807 16.6181 0.887973 0.459304 -0.0233198 31.7076 0.0129863 0.0256446 0.999587 1.10776
0.459226 -0.888203 0.0144072 17.0167 0.888134 0.458738 -0.027898 32.4821 0.0181699 0.025607 0.999507 1.10122
0.458818 -0.888464 0.0108245 17.546 0.88808 0.458164 -0.0374142 33.5129 0.0282817 0.0267794 0.999241 1.10261
0.458329 -0.888704 0.0117846 17.8928 0.888319 0.457622 -0.0383647 34.1715 0.028702 0.0280521 0.999194 1.107
0.458103 -0.888767 0.0152836 18.4005 0.888428 0.457234 -0.0404086 35.1433 0.0289257 0.0320897 0.999066 1.11863
0.457554 -0.889 0.0179783 18.7748 0.888749 0.456607 -0.0404388 35.8625 0.027741 0.0344811 0.99902 1.11788
0.457511 -0.888979 0.0200255 19.2832 0.88865 0.456314 -0.045603 36.8477 0.0314022 0.0386595 0.998759 1.11447
0.457125 -0.889119 0.0224552 19.7013 0.888722 0.455643 -0.0506287 37.6388 0.0347833 0.0431001 0.998465 1.10903
0.456018 -0.889635 0.0244172 20.123 0.889258 0.454384 -0.0524854 38.4423 0.0355981 0.0456475 0.998323 1.10647
0.454534 -0.890282 0.0282459 20.548 0.890117 0.452816 -0.0514745 39.2563 0.0330366 0.048539 0.998275 1.10948
0.453104 -0.890814 0.0338821 21.0076 0.891004 0.451333 -0.0490946 40.1367 0.028442 0.052434 0.998219 1.11385
0.451403 -0.891587 0.0361744 21.3888 0.891999 0.449781 -0.045113 40.8761 0.0239516 0.0526317 0.998327 1.11132
0.450097 -0.892315 0.0344339 21.8788 0.892614 0.448475 -0.0459425 41.8341 0.0255525 0.0514147 0.99835 1.09636
0.44852 -0.893259 0.0303188 22.2775 0.893219 0.44679 -0.0503771 42.6233 0.0314537 0.0496765 0.99827 1.07684
0.446483 -0.894367 0.0275693 22.643 0.894091 0.444703 -0.0532871 43.3503 0.035398 0.0484413 0.998199 1.06482
0.44465 -0.895427 0.0222862 23.1101 0.894891 0.443048 -0.0536462 44.2825 0.0381624 0.0437975 0.998311 1.06066
0.442021 -0.896743 0.0216488 23.4583 0.896356 0.440655 -0.0486627 44.9897 0.0340983 0.0409149 0.998581 1.06484
0.438184 -0.898683 0.0190491 24.2863 0.898313 0.43705 -0.0449623 46.6418 0.0320814 0.0368138 0.998807 1.06548
0.434966 -0.900241 0.0192658 24.621 0.899962 0.43393 -0.0421038 47.3259 0.0295436 0.0356522 0.998927 1.06211
0.432287 -0.901551 0.0182821 25.0558 0.901288 0.431344 -0.0402824 48.207 0.0284307 0.033891 0.999021 1.06132
0.429681 -0.902793 0.0184203 25.4071 0.902576 0.428788 -0.0386839 48.9294 0.0270251 0.0332474 0.999082 1.06173
0.426446 -0.904306 0.019374 25.728 0.904173 0.4256 -0.0365531 49.5884 0.0248096 0.0331054 0.999144 1.06268
0.423246 -0.9058 0.0197326 26.0817 0.905749 0.422494 -0.0334304 50.3219 0.0219444 0.0320221 0.999246 1.06422
0.420859 -0.906922 0.019225 26.4664 0.906948 0.420262 -0.0287243 51.1226 0.0179711 0.029525 0.999402 1.06523
0.418244 -0.908134 0.019111 26.7912 0.908222 0.417767 -0.0245858 51.8012 0.0143433 0.0276399 0.999515 1.06399
0.414955 -0.909692 0.0165346 27.0936 0.909738 0.414564 -0.0226578 52.4377 0.013757 0.0244441 0.999607 1.05737
0.412909 -0.910702 0.0113023 27.4436 0.910561 0.412514 -0.0266761 53.1753 0.0196317 0.0213063 0.99958 1.04425
0.411158 -0.911526 0.00832338 27.7616 0.911174 0.410699 -0.0329811 53.8462 0.0266448 0.0211445 0.999421 1.03539
0.408802 -0.912599 0.00668487 28.0082 0.912185 0.408367 -0.0339827 54.3781 0.0282827 0.01999 0.9994 1.03741
0.407289 -0.913284 0.00523506 28.3508 0.912894 0.40693 -0.032141 55.1038 0.0272235 0.0178697 0.99947 1.04418
0.404376 -0.914578 0.00525214 28.5785 0.914291 0.404088 -0.0280208 55.5991 0.0235048 0.0161329 0.999593 1.05578
0.401511 -0.915834 0.00605083 28.89 0.915557 0.401204 -0.0281131 56.2535 0.0233193 0.0168276 0.999586 1.06203
0.399052 -0.916884 0.00899859 29.1273 0.916581 0.398612 -0.0314162 56.7518 0.0252181 0.0207846 0.999466 1.06525
0.398379 -0.917139 0.0122594 29.4266 0.916706 0.397672 -0.0388147 57.3706 0.0307232 0.0267012 0.999171 1.06455
0.398982 -0.916878 0.0121972 29.6668 0.916377 0.39822 -0.0409173 57.8806 0.032659 0.0275025 0.999088 1.0686
0.399657 -0.91661 0.0100572 29.8842 0.916158 0.399047 -0.0376306 58.3469 0.0304793 0.0242533 0.999241 1.07469
0.403583 -0.914888 0.0100013 30.1796 0.914548 0.403063 -0.0338019 58.9545 0.0268938 0.0227885 0.999379 1.0808
0.404905 -0.91426 0.0134429 30.3734 0.914071 0.404365 -0.0310391 59.3385 0.022942 0.0248556 0.999428 1.08864
0.41176 -0.911065 0.0203684 30.6769 0.911129 0.411159 -0.0281529 59.9205 0.0172745 0.0301505 0.999396 1.10083
0.417804 -0.908302 0.0206663 30.883 0.908413 0.417264 -0.026014 60.3322 0.0150052 0.0296423 0.999448 1.10273
0.428717 -0.903287 0.0165618 31.1296 0.903324 0.428298 -0.0237893 60.8092 0.0143952 0.0251595 0.99958 1.099
0.443353 -0.89627 0.0117702 31.376 0.896252 0.443075 -0.0204334 61.2694 0.0130987 0.0196082 0.999722 1.09347
0.454947 -0.890445 0.0114114 31.5708 0.890445 0.454708 -0.0186391 61.596 0.0114083 0.018641 0.999761 1.08983
0.481458 -0.876348 0.0145398 31.8851 0.876415 0.481177 -0.0191153 62.0833 0.00975545 0.0219461 0.999712 1.08434
0.498151 -0.86693 0.0166627 32.0767 0.867057 0.497871 -0.0183451 62.364 0.00760811 0.0235861 0.999693 1.08264
0.530062 -0.84776 0.0183517 32.3848 0.847946 0.529807 -0.0170885 62.7884 0.00476408 0.0246192 0.999686 1.08027
0.558557 -0.82925 0.0189598 32.6402 0.829462 0.558331 -0.016113 63.1162 0.00277587 0.0247265 0.99969 1.07757
0.589742 -0.807368 0.0189982 32.9079 0.807591 0.589538 -0.0155438 63.4342 0.00134945 0.0245096 0.999699 1.0723
0.664249 -0.74731 0.0173611 33.5336 0.747511 0.664062 -0.0157437 64.0496 0.000236525 0.0234353 0.999725 1.05642
0.701636 -0.712364 0.0156156 33.8436 0.712535 0.701442 -0.0165396 64.3014 0.000828791 0.0227315 0.999741 1.05099
0.739959 -0.672498 0.0144023 34.1692 0.672651 0.739747 -0.017739 64.528 0.00127544 0.0228138 0.999739 1.04366
0.773154 -0.634066 0.0139096 34.4704 0.634218 0.772936 -0.0183952 64.7074 0.000912584 0.023044 0.999734 1.03487
0.855298 -0.518021 0.0109528 35.2673 0.518131 0.854994 -0.0229259 65.0786 0.00251154 0.0252835 0.999677 1.00464
0.880468 -0.473979 0.0109797 35.5615 0.474103 0.880138 -0.0241436 65.1721 0.0017799 0.0264631 0.999648 0.997644
0.916574 -0.399709 0.0111432 36.0362 0.399865 0.91623 -0.0251196 65.2933 -0.000169205 0.0274798 0.999622 0.988189
0.937683 -0.347278 0.0121698 36.3746 0.347477 0.937392 -0.0235873 65.3595 -0.00321655 0.0263461 0.999648 0.979615
0.957339 -0.288675 0.0129694 36.7554 0.288904 0.9571 -0.0222438 65.4136 -0.00599177 0.0250418 0.999668 0.968732
0.972181 -0.233863 0.0131024 37.1201 0.234116 0.971931 -0.0232293 65.4431 -0.00730211 0.0256505 0.999644 0.957238
0.985808 -0.167421 0.0123297 37.5683 0.167707 0.985444 -0.0278213 65.4492 -0.00749241 0.0294943 0.999537 0.942795
0.994726 -0.102055 0.0102041 38.0163 0.102307 0.99435 -0.0283232 65.4308 -0.0072559 0.0292178 0.999547 0.931534
0.998774 -0.0488239 0.00817982 38.3871 0.0490084 0.998507 -0.0241152 65.4069 -0.00699021 0.0244865 0.999676 0.925126
0.99998 0.00208664 0.00592767 38.7578 -0.00196404 0.999786 -0.0206111 65.3666 -0.00596941 0.020599 0.99977 0.918416
0.998769 0.0494521 0.00379793 39.1212 -0.0493571 0.998539 -0.0219935 65.3032 -0.00488 0.021779 0.999751 0.903824
0.996211 0.0868944 0.00345975 39.4421 -0.086756 0.995796 -0.0293944 65.228 -0.00599941 0.0289829 0.999562 0.883052
0.991195 0.132352 0.00383715 39.8673 -0.132103 0.990462 -0.0391623 65.1069 -0.00898376 0.0383105 0.999225 0.858268
0.985102 0.171955 0.00229483 40.2644 -0.171741 0.984389 -0.0385217 64.9934 -0.00888301 0.0375537 0.999255 0.839156
0.977887 0.209129 -0.00114901 40.6548 -0.20908 0.977506 -0.0276866 64.8809 -0.00466692 0.0273146 0.999616 0.834179
0.972227 0.234027 -0.00256788 40.9459 -0.234032 0.972036 -0.0193658 64.7983 -0.00203605 0.019429 0.999809 0.839479
0.962539 0.27109 -0.00539855 41.4193 -0.27114 0.962443 -0.0136505 64.6227 0.00149527 0.0146029 0.999892 0.841609
0.956621 0.29124 -0.00741679 41.704 -0.291319 0.956526 -0.0138578 64.5246 0.0030584 0.0154173 0.999876 0.842318
0.947296 0.31998 -0.0155988 42.1666 -0.320229 0.947177 -0.0175645 64.3307 0.00915456 0.021634 0.999724 0.825618
0.940853 0.338074 -0.022395 42.4899 -0.338473 0.940817 -0.0173239 64.2049 0.0152128 0.0238794 0.999599 0.813991
0.931094 0.363787 -0.026888 42.9781 -0.364217 0.931221 -0.0131762 63.9869 0.0202454 0.0220613 0.999552 0.811971
0.917192 0.398004 -0.0187696 43.8226 -0.398223 0.917237 -0.00974336 63.5694 0.0133382 0.016411 0.999776 0.835047
0.911816 0.41026 -0.0166838 44.1522 -0.410448 0.91183 -0.0099293 63.4226 0.0111392 0.0159015 0.999812 0.846036
0.904064 0.427094 -0.0160962 44.6689 -0.427294 0.904031 -0.0121427 63.1609 0.00936538 0.0178556 0.999797 0.8503
0.89821 0.439226 -0.0172699 45.1062 -0.439464 0.898154 -0.0138336 62.9387 0.00943494 0.0200149 0.999755 0.851492
0.893121 0.44943 -0.0186117 45.5579 -0.449705 0.893054 -0.0148038 62.7042 0.00996793 0.0215914 0.999717 0.851106
0.889434 0.456655 -0.0193214 45.991 -0.456951 0.889357 -0.015469 62.4768 0.0101197 0.0225876 0.999694 0.848709
0.885158 0.46483 -0.0206891 46.5498 -0.465162 0.885083 -0.0158721 62.1735 0.0109338 0.0236731 0.99966 0.844518
0.881453 0.471779 -0.0215701 47.0395 -0.472124 0.881401 -0.0152006 61.9101 0.0118405 0.0235824 0.999652 0.838684
0.877343 0.479334 -0.0225512 47.6374 -0.479708 0.877287 -0.0157225 61.5805 0.0122476 0.024612 0.999622 0.832197
0.874792 0.483944 -0.0231901 48.1563 -0.484345 0.874718 -0.0166929 61.2955 0.0122064 0.0258348 0.999592 0.823366
0.873435 0.48639 -0.0231435 48.6037 -0.486799 0.873339 -0.0174559 61.0531 0.0117218 0.0265129 0.99958 0.812454
0.870407 0.491787 -0.023175 49.3578 -0.492208 0.870282 -0.0184654 60.6291 0.0110877 0.0274793 0.999561 0.801766
0.869119 0.494002 -0.0243889 49.8613 -0.494485 0.868933 -0.0209707 60.3481 0.0108328 0.030286 0.999483 0.791785
0.869065 0.494042 -0.0254489 50.3435 -0.494589 0.868801 -0.0238119 60.0766 0.010346 0.0332808 0.999393 0.780456
0.869349 0.49346 -0.0270006 51.0975 -0.494093 0.868994 -0.0268555 59.6458 0.0102112 0.0366876 0.999275 0.767729
0.870423 0.491512 -0.0279293 51.7038 -0.492197 0.870019 -0.0284425 59.3079 0.0103193 0.0385037 0.999205 0.75599
0.871965 0.488738 -0.0285032 52.3811 -0.489459 0.871523 -0.0296302 58.9324 0.0103598 0.0397877 0.999155 0.744845
0.873561 0.485907 -0.028032 52.8834 -0.486623 0.873067 -0.0308469 58.6597 0.00948505 0.0405877 0.999131 0.735494
0.875635 0.482231 -0.0267712 53.6901 -0.482909 0.875081 -0.0321254 58.2194 0.00793509 0.0410582 0.999125 0.724398
0.877383 0.479174 -0.024315 54.3631 -0.479752 0.876828 -0.0317877 57.8635 0.00608826 0.0395551 0.999199 0.710348
0.87916 0.476026 -0.0218421 54.9744 -0.476507 0.87862 -0.0311139 57.5483 0.00437985 0.037762 0.999277 0.694433
0.881279 0.472154 -0.0204241 55.881 -0.472576 0.880813 -0.0289968 57.0802 0.00429888 0.0352062 0.999371 0.674587
0.882676 0.469491 -0.0214642 56.5684 -0.469932 0.882323 -0.02588 56.7299 0.00678797 0.0329304 0.999435 0.658169
0.883478 0.46791 -0.0229527 57.1301 -0.468364 0.883267 -0.0217938 56.4454 0.0100758 0.0300046 0.999499 0.642892
0.883593 0.467555 -0.0255911 58.0482 -0.468002 0.883592 -0.0154393 55.9819 0.0153934 0.0256187 0.999553 0.627669
0.883605 0.467553 -0.0252128 58.7534 -0.467941 0.883674 -0.012316 55.6327 0.0165215 0.0226806 0.999606 0.624836
0.883561 0.467781 -0.0223744 59.4629 -0.468086 0.883615 -0.010907 55.2814 0.0146683 0.0201102 0.99969 0.627897
0.88361 0.467745 -0.0211761 60.2297 -0.468027 0.883647 -0.0109185 54.8961 0.0136051 0.0195587 0.999716 0.626874
0.883512 0.467998 -0.0195899 60.7843 -0.468245 0.883535 -0.0105985 54.6179 0.0123483 0.0185368 0.999752 0.624401
0.884009 0.467134 -0.0177075 62.4804 -0.467294 0.884081 -0.00610518 53.7588 0.0128029 0.0136717 0.999825 0.617548
0.883407 0.468301 -0.016933 62.9771 -0.468429 0.88349 -0.00440678 53.51 0.0128965 0.0118249 0.999847 0.612538
0.882358 0.470314 -0.0157999 63.8385 -0.470389 0.882458 -0.00121605 53.0762 0.0133708 0.00850508 0.999874 0.60852
0.88071 0.473454 -0.0138214 64.4548 -0.473494 0.880797 0.000420971 52.7661 0.0123732 0.0061736 0.999904 0.608942
0.878367 0.477867 -0.0107028 65.2668 -0.477878 0.878424 0.00166238 52.3538 0.010196 0.00365446 0.999941 0.611964
0.875675 0.482844 -0.00739845 66.032 -0.482839 0.875705 0.00253518 51.9581 0.00770297 0.00135227 0.999969 0.615389
0.872516 0.488549 -0.0060284 66.7232 -0.488537 0.872537 0.00329694 51.5931 0.00687072 6.84639e-05 0.999976 0.618816
0.868715 0.495278 -0.00578037 67.3535 -0.495262 0.868735 0.00393177 51.2539 0.00696893 -0.000552794 0.999976 0.617299
0.863501 0.504297 -0.0071043 68.223 -0.504278 0.86353 0.0043864 50.7755 0.00834683 -0.000205117 0.999965 0.611533
0.859345 0.511348 -0.00703265 68.7565 -0.511333 0.859374 0.00396481 50.4724 0.00807108 0.000188886 0.999967 0.609655
0.853198 0.521551 -0.00616084 69.623 -0.521539 0.85322 0.00360309 49.9692 0.00713575 0.000138967 0.999974 0.607823
0.848479 0.529197 -0.00582843 70.2098 -0.529189 0.848499 0.00291746 49.6128 0.00648933 0.000608929 0.999979 0.608348
0.842994 0.537889 -0.00612262 70.8588 -0.537886 0.843015 0.00223211 49.2067 0.00636208 0.00141162 0.999979 0.607619
0.83723 0.546807 -0.006863 71.5535 -0.546804 0.837257 0.0024786 48.7598 0.00710142 0.00167756 0.999973 0.603677
0.831986 0.554743 -0.00770734 72.178 -0.554738 0.83202 0.00300355 48.3459 0.00807886 0.00177664 0.999966 0.599747
0.826577 0.562754 -0.00888358 72.7991 -0.562747 0.826622 0.00345752 47.9258 0.0092891 0.00214131 0.999955 0.595199
0.821106 0.570684 -0.0102166 73.4638 -0.570681 0.821164 0.00348976 47.4665 0.010381 0.00296495 0.999942 0.591339
0.816267 0.577563 -0.0113871 74.057 -0.577567 0.816337 0.00319867 47.0423 0.0111431 0.00396583 0.99993 0.591633
0.811105 0.584774 -0.0121543 74.6923 -0.584783 0.811184 0.00323933 46.579 0.0117537 0.0044802 0.999921 0.594433
0.806781 0.590716 -0.0125591 75.1858 -0.590738 0.80686 0.00232397 46.2088 0.0115063 0.00554421 0.999918 0.59762
0.801798 0.597457 -0.0128303 75.8411 -0.5975 0.801869 0.00060256 45.7115 0.0106482 0.00718299 0.999918 0.598083
0.798269 0.602164 -0.0128594 76.3592 -0.602233 0.798318 -0.00197025 45.3104 0.0090795 0.00931717 0.999915 0.596798
0.795667 0.605586 -0.0134242 76.999 -0.605695 0.795673 -0.00615096 44.803 0.00695633 0.0130251 0.999891 0.595465
0.794226 0.607467 -0.0137003 77.5278 -0.607597 0.794196 -0.00885941 44.3774 0.00549889 0.0153606 0.999867 0.591827
0.793299 0.608673 -0.0139097 78.0959 -0.608815 0.793241 -0.0106144 43.9211 0.00457308 0.0168888 0.999847 0.584718
0.792694 0.60946 -0.0139289 78.6059 -0.609604 0.792629 -0.0110233 43.5121 0.0043222 0.0172293 0.999842 0.576699
0.792729 0.609387 -0.0150911 79.1032 -0.609554 0.792663 -0.0114238 43.1122 0.00500063 0.0182548 0.999821 0.566973
0.794301 0.607289 -0.0168938 79.6296 -0.60749 0.794243 -0.0115436 42.6865 0.00640748 0.0194319 0.999791 0.55813
0.797323 0.603275 -0.0183097 80.1378 -0.603505 0.797276 -0.0115381 42.2773 0.0076372 0.0202496 0.999766 0.550944
0.802142 0.596834 -0.0189204 80.6263 -0.597069 0.802118 -0.0107573 41.8889 0.00875602 0.0199257 0.999763 0.547395
0.805719 0.591996 -0.0188902 80.9619 -0.59223 0.805699 -0.0106073 41.63 0.00894034 0.0197338 0.999765 0.551303
0.813346 0.581478 -0.0187241 81.4612 -0.581707 0.813331 -0.0104134 41.2546 0.0091737 0.0193616 0.99977 0.556383
0.822483 0.568475 -0.0189197 81.9192 -0.568695 0.822498 -0.00909227 40.9247 0.0103927 0.0182378 0.99978 0.562842
0.832412 0.553789 -0.0202141 82.3303 -0.554012 0.832475 -0.00745041 40.6449 0.0127018 0.0174007 0.999768 0.56936
0.841993 0.53906 -0.0214969 82.7044 -0.539276 0.842111 -0.00549042 40.4063 0.0151431 0.0162157 0.999754 0.576844
0.857502 0.513972 -0.0228943 83.2062 -0.514161 0.857689 -0.00286944 40.0992 0.0181614 0.0142319 0.999734 0.584312
0.871368 0.490099 -0.0227994 83.634 -0.490267 0.87157 -0.00207453 39.8603 0.0188545 0.0129855 0.999738 0.594904
0.886325 0.462596 -0.0208031 84.0761 -0.462738 0.886492 -0.00236341 39.6345 0.0173485 0.0117212 0.999781 0.606829
0.904106 0.426959 -0.0172451 84.5615 -0.427075 0.90421 -0.00349017 39.4168 0.014103 0.0105204 0.999845 0.618849
0.917757 0.396928 -0.0130356 84.9597 -0.397006 0.917807 -0.00403561 39.2684 0.0103623 0.00887891 0.999907 0.628507
0.936083 0.351711 -0.00692665 85.4778 -0.35174 0.936091 -0.00345259 39.1018 0.00526966 0.00566829 0.99997 0.637358
0.950096 0.311948 -0.00249775 85.9191 -0.311953 0.950096 -0.00170149 38.997 0.00184233 0.00239576 0.999995 0.642825
0.966858 0.255315 0.000554416 86.4625 -0.255316 0.966858 0.000255536 38.8956 -0.000470795 -0.00038862 1 0.644138
0.980622 0.19591 0.00012101 86.974 -0.19591 0.980621 -0.00157975 38.8389 -0.000428151 0.00152543 0.999999 0.646025
0.988927 0.148394 -0.00155649 87.3812 -0.148398 0.988924 -0.00286834 38.8259 0.00111361 0.00306756 0.999995 0.651566
0.997064 0.0763121 -0.00630936 87.9259 -0.0763452 0.997068 -0.00517483 38.83 0.00589596 0.00564133 0.999967 0.657286
0.999774 0.019144 -0.0092983 88.3594 -0.0191938 0.999802 -0.00529985 38.8744 0.00919499 0.00547711 0.999943 0.666613
0.998168 -0.0592761 -0.0121319 88.9072 0.0592429 0.998239 -0.00308142 38.9644 0.0122932 0.00235704 0.999922 0.67506
0.993104 -0.116465 -0.0134077 89.3159 0.11644 0.993194 -0.00263338 39.0734 0.0136232 0.00105402 0.999907 0.685412
0.978956 -0.20364 -0.0132347 89.8954 0.203603 0.979045 -0.00416081 39.2577 0.0138047 0.00137863 0.999904 0.697636
0.965233 -0.261212 -0.00963802 90.291 0.26118 0.96528 -0.00450238 39.4299 0.0104795 0.00182858 0.999943 0.713184
0.943965 -0.330034 -0.00287844 90.7596 0.330028 0.943968 -0.00256414 39.6628 0.00356341 0.00147048 0.999993 0.729326
0.920948 -0.389672 0.00324701 91.1819 0.389674 0.920953 -0.000112269 39.9099 -0.00294659 0.00136866 0.999995 0.740704
0.895215 -0.445545 0.0089342 91.5984 0.445534 0.895259 0.00330513 40.186 -0.00947101 0.00102168 0.999955 0.748281
0.868113 -0.496166 0.0140727 92.0008 0.496108 0.868227 0.0075811 40.4852 -0.0159798 0.000400346 0.999872 0.752709
0.83791 -0.545561 0.0164568 92.4181 0.545425 0.83807 0.0122549 40.8263 -0.0204778 -0.00129258 0.999789 0.755324
0.815049 -0.579167 0.0161451 92.7418 0.57893 0.815196 0.0172067 41.1154 -0.0231269 -0.00467741 0.999722 0.757476
0.785438 -0.61881 0.0126673 93.1699 0.618497 0.785486 0.021728 41.5189 -0.0233955 -0.00923135 0.999684 0.754451
0.760983 -0.648703 0.00947782 93.543 0.648389 0.760954 0.0232715 41.8935 -0.0223085 -0.0115639 0.999684 0.744847
0.746334 -0.66549 0.0103845 93.8151 0.665211 0.746352 0.0212784 42.1747 -0.0219111 -0.00897295 0.99972 0.744344
0.729413 -0.683942 0.0134086 94.218 0.68372 0.729526 0.0178797 42.608 -0.0220106 -0.00387391 0.99975 0.749327
0.717723 -0.696216 0.0125728 94.5817 0.695993 0.71782 0.0181029 43.0047 -0.0216286 -0.00424228 0.999757 0.760826
0.710687 -0.703434 0.0102615 94.8551 0.703185 0.710727 0.0199658 43.3119 -0.0213377 -0.0069737 0.999748 0.771045
0.702892 -0.711279 0.00500721 95.244 0.711001 0.702786 0.0238629 43.7667 -0.0204922 -0.0132129 0.999703 0.777392
0.699247 -0.71488 -0.000515919 95.5476 0.714652 0.699006 0.025743 44.1219 -0.0180425 -0.0183694 0.999668 0.790095
0.696086 -0.717932 -0.00611977 95.9823 0.71782 0.69576 0.0255396 44.6313 -0.0140778 -0.0221707 0.999655 0.809154
0.695782 -0.718214 -0.00745833 96.2936 0.718159 0.695485 0.0234104 44.9795 -0.0116266 -0.0216448 0.999698 0.833218
0.697205 -0.716816 -0.00887953 96.6316 0.716837 0.696996 0.0184648 45.3487 -0.00704687 -0.0192389 0.99979 0.854426
0.699795 -0.714244 -0.0119101 97.1013 0.714343 0.699714 0.010691 45.8624 0.000697647 -0.0159894 0.999872 0.878071
0.702026 -0.711995 -0.0149005 97.4758 0.712146 0.701947 0.0108978 46.2623 0.00270013 -0.0182619 0.99983 0.907519
0.704731 -0.709287 -0.0163046 97.8073 0.709473 0.704593 0.0140261 46.609 0.00153956 -0.0214523 0.999769 0.936805
0.708745 -0.70533 -0.0138275 98.3115 0.705459 0.708524 0.0179211 47.136 -0.00284315 -0.0224562 0.999744 0.977318
0.711442 -0.702694 -0.00845807 98.7302 0.702703 0.711219 0.0193637 47.5518 -0.00759119 -0.0197197 0.999777 1.01026
0.713739 -0.7004 -0.00391678 99.1044 0.700309 0.713529 0.0210554 47.9191 -0.0119525 -0.0177711 0.999771 1.02973
0.71642 -0.697669 0.000579771 99.6116 0.697499 0.716263 0.0214885 48.4168 -0.0154071 -0.0149904 0.999769 1.04605
0.717641 -0.696407 0.00310968 100.143 0.696283 0.717585 0.0161804 48.9265 -0.0134996 -0.00944649 0.999864 1.05377
0.717766 -0.69628 0.00246868 100.559 0.696224 0.717745 0.0106765 49.3147 -0.00920573 -0.00594447 0.99994 1.05894
0.717626 -0.696426 -0.00175544 101.028 0.696426 0.717614 0.00456218 49.7623 -0.0019175 -0.00449648 0.999988 1.06097
0.71698 -0.697065 -0.00634304 101.482 0.697087 0.716984 0.0020673 50.2007 0.00310681 -0.00590387 0.999978 1.0637
0.715485 -0.698594 -0.00694918 101.99 0.698617 0.715494 0.00146167 50.6925 0.00395098 -0.00590062 0.999975 1.07108
0.713919 -0.700227 -0.00129158 102.586 0.700225 0.713908 0.00442493 51.2745 -0.00217639 -0.00406344 0.999989 1.09136
0.712983 -0.701176 0.00270722 103.02 0.701142 0.712979 0.00772886 51.6905 -0.00734947 -0.00361241 0.999966 1.10286
0.711457 -0.702722 0.00326351 103.604 0.702655 0.711441 0.0113482 52.2659 -0.0102964 -0.00578061 0.99993 1.1136
0.710319 -0.70388 -0.000371234 104.076 0.703831 0.710263 0.012219 52.7371 -0.00833705 -0.0089407 0.999925 1.11529
0.707717 -0.706467 -0.00640536 104.718 0.706494 0.707662 0.00900403 53.3878 -0.00182822 -0.0108977 0.999939 1.11909
0.705229 -0.708927 -0.00865735 105.186 0.708977 0.705206 0.00592972 53.8608 0.00190148 -0.0103197 0.999945 1.12178
0.702438 -0.711702 -0.00777832 105.761 0.71174 0.702432 0.00401645 54.4508 0.00260523 -0.00835745 0.999962 1.13046
0.700128 -0.713996 -0.00543696 106.235 0.714016 0.700122 0.00337616 54.9346 0.00139597 -0.00624582 0.999979 1.14017
0.696686 -0.717374 0.0016668 107.494 0.717366 0.696687 0.00375319 56.2281 -0.00385368 -0.00141909 0.999992 1.17509
0.696078 -0.717951 0.00464068 107.937 0.717946 0.696092 0.00292869 56.6836 -0.005333 0.00129316 0.999985 1.17899
0.695581 -0.718407 0.0076452 108.611 0.71841 0.695614 0.00293315 57.3849 -0.0074253 0.00345214 0.999966 1.18381
0.695512 -0.718493 0.00564273 109.162 0.718479 0.695534 0.00448071 57.9683 -0.00714407 0.000937792 0.999974 1.18116
0.695737 -0.718297 6.69844e-05 109.714 0.718283 0.695724 0.00622751 58.5583 -0.0045198 -0.0042846 0.999981 1.17523
0.695976 -0.718048 -0.00492524 110.234 0.718059 0.695926 0.00881142 59.1153 -0.00289943 -0.00966915 0.999949 1.17127
0.697255 -0.716728 -0.0116948 110.89 0.71682 0.697105 0.0146344 59.8173 -0.00233638 -0.0185869 0.999825 1.16968
0.698881 -0.715097 -0.0142164 111.404 0.715228 0.698629 0.0191395 60.3691 -0.00375462 -0.0235442 0.999716 1.16833
0.701104 -0.712893 -0.0153571 112.084 0.713045 0.700791 0.0214231 61.0877 -0.00451021 -0.0259701 0.999653 1.17005
0.702887 -0.711096 -0.0170895 112.7 0.711298 0.702609 0.0198876 61.7372 -0.00213474 -0.0261344 0.999656 1.17203
0.70348 -0.710569 -0.0143763 113.179 0.710711 0.703274 0.0171899 62.234 -0.00210413 -0.0223101 0.999749 1.17556
0.704095 -0.710048 -0.00908479 113.923 0.710103 0.703996 0.011954 62.9898 -0.00209228 -0.0148679 0.999887 1.18815
0.70434 -0.709831 -0.00674393 114.39 0.70986 0.704281 0.00931592 63.4671 -0.0018631 -0.0113488 0.999934 1.194
0.705506 -0.708673 -0.00654573 115.146 0.708696 0.705427 0.0110834 64.238 -0.00323701 -0.0124584 0.999917 1.2039
0.70629 -0.707897 -0.00602443 115.717 0.707886 0.706139 0.0162848 64.8281 -0.00727389 -0.0157664 0.999849 1.2064
0.706931 -0.707266 -0.00489194 116.291 0.707168 0.706674 0.0229094 65.4225 -0.012746 -0.0196548 0.999726 1.20961
0.707713 -0.706465 -0.00711572 116.915 0.70642 0.707443 0.0222463 66.0649 -0.0106822 -0.0207707 0.999727 1.20477
0.707678 -0.706468 -0.00974061 117.366 0.706524 0.707523 0.0153493 66.527 -0.00395207 -0.0177443 0.999835 1.19297
0.706942 -0.707179 -0.0114457 118.699 0.707209 0.707002 -0.00195036 67.8667 0.0094714 -0.00671571 0.999933 1.19958
0.705904 -0.708303 -0.00260998 119.162 0.708305 0.705885 0.00553678 68.3403 -0.00207937 -0.0057571 0.999981 1.20669
0.704548 -0.709518 0.0140081 119.866 0.709226 0.70467 0.0209286 69.061 -0.0247203 -0.00481022 0.999683 1.21907
0.703856 -0.710188 0.0148093 120.48 0.709796 0.703979 0.0245439 69.6997 -0.0278562 -0.0067638 0.999589 1.20657
0.703004 -0.711145 0.00761612 120.925 0.710901 0.702986 0.0207391 70.1694 -0.0201025 -0.00916535 0.999756 1.18079
0.701966 -0.7122 -0.00380502 121.594 0.712186 0.701887 0.0121011 70.8701 -0.00594773 -0.0112045 0.99992 1.14942
0.700967 -0.713179 -0.00458727 122.197 0.713193 0.70094 0.00634684 71.4969 -0.00131103 -0.00772053 0.999969 1.14241
0.699193 -0.714928 -0.00258359 122.703 0.714926 0.699166 0.00689625 72.0215 -0.00312397 -0.00666889 0.999973 1.14598
0.696889 -0.717175 -0.00241708 123.351 0.717174 0.696868 0.00612249 72.7048 -0.00270651 -0.00600016 0.999978 1.15134
0.693882 -0.720081 -0.00348844 123.889 0.720089 0.693867 0.00456867 73.2759 -0.000869296 -0.0056821 0.999983 1.1554
0.691212 -0.722633 -0.00510529 124.332 0.722651 0.691186 0.00610342 73.7533 -0.000881827 -0.0079081 0.999968 1.15729
0.688872 -0.724806 -0.0105842 124.967 0.724883 0.688789 0.0106703 74.4517 -0.000443608 -0.0150228 0.999887 1.15821
0.687529 -0.726047 -0.0126393 125.542 0.726155 0.687383 0.014254 75.0859 -0.00166102 -0.0189781 0.999819 1.1573
0.685907 -0.727605 -0.0110327 125.989 0.727672 0.685709 0.0172529 75.5747 -0.00498806 -0.0198621 0.99979 1.15731
0.68457 -0.728903 -0.00793003 126.622 0.728899 0.684361 0.0188487 76.2624 -0.00831185 -0.0186834 0.999791 1.15543
0.682954 -0.730423 -0.00752944 127.153 0.730429 0.68279 0.0164633 76.84 -0.00688412 -0.0167434 0.999836 1.15509
0.680157 -0.733036 -0.00672334 127.774 0.73306 0.680082 0.010556 77.5152 -0.00316552 -0.0121084 0.999922 1.1568
0.676235 -0.736667 -0.00533844 128.288 0.736686 0.676212 0.0055951 78.0819 -0.000511806 -0.00771636 0.99997 1.15781
0.672021 -0.740524 -0.00348441 128.71 0.740529 0.671997 0.00599962 78.5558 -0.00210134 -0.00661218 0.999976 1.16065
0.666626 -0.745389 0.00222581 129.323 0.745327 0.666604 0.0113072 79.2543 -0.00991201 -0.00587873 0.999934 1.1602
0.662779 -0.748774 0.00786027 129.779 0.748611 0.662807 0.0163736 79.779 -0.01747 -0.00496782 0.999835 1.16385
0.658944 -0.752134 0.009286 130.396 0.751772 0.658939 0.0252467 80.5004 -0.0251078 -0.00965522 0.999638 1.15739
0.65595 -0.754782 0.00582961 130.895 0.75443 0.655849 0.0264058 81.0944 -0.0237539 -0.0129228 0.999634 1.14276
0.651544 -0.75861 0.000612089 131.392 0.758428 0.651405 0.0213867 81.6893 -0.0166229 -0.0134702 0.999771 1.12256
0.646115 -0.763235 -0.00266182 131.932 0.763196 0.646037 0.0129988 82.3448 -0.00820153 -0.0104302 0.999912 1.105
0.640981 -0.767553 -0.00223724 132.468 0.767534 0.640937 0.00956826 83.0095 -0.00591022 -0.00785023 0.999952 1.09839
0.636298 -0.771437 -0.00318937 132.867 0.7714 0.636213 0.0132459 83.5189 -0.00818929 -0.0108886 0.999907 1.09627
0.629493 -0.776965 -0.00799168 133.45 0.776947 0.629284 0.01886 84.2757 -0.0096245 -0.0180813 0.99979 1.08916
0.623433 -0.781786 -0.0119069 133.872 0.781842 0.62319 0.018926 84.8361 -0.0073758 -0.0211085 0.99975 1.08269
0.608148 -0.793692 -0.0144999 134.978 0.793819 0.607979 0.0145839 86.3067 -0.00275949 -0.0203794 0.999789 1.07297
0.603056 -0.797583 -0.0135902 135.353 0.797671 0.602803 0.0187 86.8306 -0.00672263 -0.0221177 0.999733 1.07697
0.595725 -0.803094 -0.0122999 135.916 0.803059 0.595285 0.0270557 87.6295 -0.0144064 -0.0259953 0.999558 1.07978
0.589538 -0.807668 -0.0108475 136.374 0.807528 0.589021 0.0308673 88.2858 -0.0185411 -0.0269571 0.999465 1.07552
0.584164 -0.81158 -0.00946382 136.832 0.811357 0.583618 0.033021 88.9476 -0.0212759 -0.0269682 0.99941 1.06864
0.579638 -0.81482 -0.00939154 137.328 0.81459 0.579094 0.03307 89.6723 -0.0215075 -0.0268189 0.999409 1.05546
0.576371 -0.8171 -0.0120068 137.723 0.81697 0.575817 0.0315299 90.2621 -0.0188494 -0.0279822 0.999431 1.04674
0.572309 -0.819774 -0.0208057 138.268 0.819945 0.571676 0.0296182 91.0868 -0.0123861 -0.0340103 0.999345 1.03319
0.569961 -0.821297 -0.0248058 138.641 0.821624 0.569345 0.027943 91.6567 -0.00882645 -0.0363074 0.999302 1.02867
0.566939 -0.823381 -0.0249908 139.192 0.823688 0.566227 0.0304198 92.4936 -0.0108966 -0.0378308 0.999225 1.02941
0.565129 -0.824672 -0.0233375 139.554 0.824827 0.564201 0.0365588 93.0476 -0.016982 -0.0399099 0.999059 1.03503
0.562516 -0.826568 -0.0190085 140.111 0.826305 0.561255 0.0470352 93.9044 -0.0282092 -0.0421649 0.998712 1.03744
0.559267 -0.828797 -0.0177811 140.505 0.82844 0.557989 0.04833 94.5029 -0.0301341 -0.0417599 0.998673 1.03062
0.555579 -0.831319 -0.0154773 140.912 0.831078 0.554659 0.0407848 95.1185 -0.0253206 -0.0355221 0.999048 1.01111
0.549087 -0.835668 -0.0127473 141.463 0.835618 0.548639 0.0271568 95.9562 -0.0157004 -0.0255633 0.99955 0.987275
0.544518 -0.838644 -0.0132802 141.809 0.838617 0.544083 0.0263912 96.5043 -0.0149072 -0.0255075 0.999563 0.980351
0.537042 -0.843478 -0.011455 142.354 0.843328 0.536533 0.0304954 97.3865 -0.0195762 -0.0260377 0.999469 0.972692
0.530847 -0.847449 -0.00565002 142.774 0.847123 0.53043 0.0320407 98.066 -0.0241559 -0.021795 0.999471 0.971565
0.520171 -0.854023 0.0081707 143.647 0.853555 0.520168 0.0294649 99.5072 -0.0294138 -0.00835264 0.999532 0.95086
0.51607 -0.856491 0.00975124 143.977 0.856094 0.516133 0.0266278 100.063 -0.0278394 -0.0053938 0.999598 0.946051
0.508823 -0.860811 0.0102158 144.506 0.860698 0.508923 0.0140381 100.969 -0.0172832 0.00164984 0.999849 0.927921
0.50309 -0.864083 0.0161397 144.913 0.864178 0.503182 0.00199244 101.651 -0.00984283 0.0129452 0.999868 0.920374
0.498597 -0.86661 0.0196909 145.241 0.866759 0.498725 0.00187081 102.222 -0.0114416 0.0161345 0.999804 0.922944
0.492311 -0.870206 0.0192636 145.751 0.870099 0.49261 0.0162233 103.152 -0.023607 0.00877436 0.999683 0.923739
0.488057 -0.87262 0.0182883 146.136 0.872177 0.488394 0.0279149 103.869 -0.0332909 0.00232657 0.999443 0.92641
0.484949 -0.874351 0.0183137 146.453 0.873829 0.485293 0.0302264 104.467 -0.035316 0.00134474 0.999375 0.922905
0.482121 -0.875984 0.0144965 146.94 0.875697 0.482336 0.0225128 105.397 -0.0267131 0.00184063 0.999641 0.900867
0.480154 -0.877174 0.00416459 147.277 0.877001 0.480145 0.0181765 106.049 -0.0179436 -0.00507516 0.999826 0.887057
0.47821 -0.87824 -0.00306118 147.685 0.878172 0.478123 0.0145621 106.846 -0.0113254 -0.00965199 0.999889 0.882253
0.476387 -0.879235 -0.00101278 148.017 0.879166 0.476334 0.0131354 107.477 -0.0110667 -0.00714795 0.999913 0.892467
0.474884 -0.880032 0.00526971 148.493 0.879855 0.474897 0.0181258 108.386 -0.0184538 -0.00397108 0.999822 0.907265
0.474997 -0.879955 0.00756717 148.875 0.879637 0.475033 0.0241335 109.118 -0.0248311 -0.004807 0.99968 0.91364
0.474166 -0.880395 0.00840828 149.257 0.880021 0.474215 0.0261554 109.851 -0.0270144 -0.00500255 0.999622 0.913638
0.472894 -0.881085 0.00775367 149.61 0.8808 0.472941 0.0227636 110.519 -0.0237237 -0.00393533 0.999711 0.907242
0.470948 -0.882115 0.0090101 150.101 0.882096 0.471013 0.00731388 111.448 -0.0106956 0.00450331 0.999933 0.897792
0.469217 -0.882964 0.0145006 150.486 0.883076 0.469214 -0.00385903 112.159 -0.00339652 0.0146159 0.999887 0.903582
0.468191 -0.883461 0.0171704 150.803 0.883622 0.468166 -0.00565309 112.752 -0.00304435 0.0178189 0.999837 0.918794
0.467079 -0.884024 0.0183904 151.286 0.884134 0.467217 0.003865 113.683 -0.0120091 0.0144543 0.999823 0.941306
0.465838 -0.884666 0.0189902 151.593 0.884693 0.466067 0.0100119 114.275 -0.0177079 0.0121365 0.99977 0.959491
0.464826 -0.885188 0.0194502 152.082 0.885223 0.465062 0.00990549 115.227 -0.0178137 0.0126134 0.999762 0.970453
0.464282 -0.885511 0.0176988 152.374 0.885575 0.464449 0.00667939 115.797 -0.0141348 0.0125725 0.999821 0.96647
0.464572 -0.885456 0.0118422 152.824 0.885484 0.464648 0.00456692 116.687 -0.00954626 0.00836442 0.999919 0.966992
0.464191 -0.885687 0.00921284 153.135 0.885669 0.464258 0.00733195 117.297 -0.010771 0.0047561 0.999931 0.973796
0.463938 -0.885837 0.00740631 153.594 0.885751 0.463996 0.0123686 118.198 -0.0143931 0.000821874 0.999896 0.985117
0.463503 -0.886091 0.00286011 154.35 0.885908 0.463469 0.0190803 119.685 -0.0182324 -0.00630998 0.999814 0.992576
0.463175 -0.886263 0.00241669 154.672 0.886106 0.463142 0.0177776 120.322 -0.0168749 -0.00609271 0.999839 0.997689
0.462716 -0.886505 -0.00133301 155.088 0.886435 0.46266 0.0133478 121.148 -0.0112162 -0.00735787 0.99991 0.999802
0.461922 -0.886914 -0.00337168 155.401 0.886876 0.461857 0.0117511 121.777 -0.008865 -0.00841837 0.999925 1.00005
0.460222 -0.887797 -0.00345504 155.741 0.887724 0.460125 0.0151655 122.449 -0.0118741 -0.0100466 0.999879 1.00007
0.459658 -0.888081 -0.00517273 156.11 0.888025 0.45954 0.0153199 123.174 -0.0112283 -0.0116354 0.999869 1.00978
0.459679 -0.888056 -0.00713496 156.474 0.888026 0.459541 0.0152288 123.889 -0.0102452 -0.0133364 0.999859 1.03197
0.460263 -0.887733 -0.0093512 156.834 0.887738 0.460109 0.0149099 124.596 -0.00893348 -0.0151639 0.999845 1.0627
0.461351 -0.887139 -0.011798 157.191 0.887188 0.461184 0.0143833 125.297 -0.00731893 -0.0171028 0.999827 1.08926
0.463247 -0.88611 -0.0145465 157.536 0.886213 0.463079 0.0135654 125.983 -0.00528428 -0.0191755 0.999802 1.12
0.465861 -0.884684 -0.0175382 157.874 0.884853 0.465703 0.0124733 126.654 -0.00286735 -0.0213296 0.999768 1.14987
0.469142 -0.882878 -0.0207814 158.205 0.883123 0.46901 0.0111336 127.31 -8.29082e-05 -0.0235758 0.999722 1.18058
0.473045 -0.880704 -0.0242876 158.528 0.881033 0.472958 0.0095712 127.954 0.0030576 -0.0259258 0.999659 1.21218
0.477521 -0.878173 -0.028039 158.843 0.878596 0.477503 0.00779807 128.585 0.00654064 -0.0283587 0.999576 1.24198
0.482652 -0.875227 -0.0320223 159.152 0.875751 0.482729 0.00578574 129.195 0.0103943 -0.0308361 0.99947 1.26941
0.48822 -0.871968 -0.0362281 159.457 0.872599 0.488424 0.00359889 129.791 0.0145565 -0.0333697 0.999337 1.29767
0.494221 -0.868384 -0.040682 159.755 0.869128 0.494586 0.00124776 130.374 0.0190372 -0.0359745 0.999171 1.32215
0.500539 -0.864524 -0.0453674 160.048 0.865387 0.501103 -0.00123869 130.946 0.0238046 -0.0386403 0.99897 1.34472
0.507086 -0.860428 -0.0502742 160.34 0.861413 0.507891 -0.00383707 131.51 0.0288353 -0.0413611 0.998728 1.3636
0.515359 -0.855118 -0.0563735 160.68 0.856252 0.516509 -0.00708709 132.165 0.0351777 -0.0446176 0.998385 1.39081
0.519815 -0.852318 -0.0578495 160.88 0.853478 0.521067 -0.00802456 132.531 0.0369829 -0.045202 0.998293 1.38479
0.527955 -0.847572 -0.053716 161.259 0.848605 0.528991 -0.00617701 133.228 0.0336507 -0.0423225 0.998537 1.42994
0.531943 -0.845429 -0.0478091 161.5 0.846264 0.532742 -0.00484168 133.628 0.0295632 -0.0378836 0.998845 1.43035
0.538425 -0.841784 -0.0387066 161.882 0.842286 0.539002 -0.00557419 134.27 0.0255552 -0.0296007 0.999235 1.45444
0.541633 -0.839827 -0.0363964 162.147 0.840252 0.542163 -0.00591745 134.695 0.0247024 -0.0273771 0.99932 1.44143
0.544357 -0.838007 -0.0376844 162.529 0.838517 0.544861 -0.0038319 135.334 0.0237439 -0.0295131 0.999282 1.43729
0.544726 -0.837823 -0.0364105 163.187 0.838379 0.545088 -1.01994e-05 136.462 0.0198554 -0.0305202 0.999337 1.45386
0.544193 -0.838212 -0.035417 163.428 0.838772 0.54448 0.00181618 136.828 0.0177615 -0.0306951 0.999371 1.41369
0.543914 -0.838091 -0.0419516 163.837 0.838904 0.544269 0.00345828 137.519 0.0199346 -0.0370744 0.999114 1.38805
0.542933 -0.838374 -0.0485002 164.094 0.839415 0.543487 0.00208895 137.929 0.0246079 -0.041846 0.998821 1.34584
0.540924 -0.839229 -0.0556444 164.459 0.84038 0.541977 -0.00467561 138.54 0.0340819 -0.0442333 0.99844 1.31745
0.537853 -0.841188 -0.0558274 164.81 0.842032 0.539266 -0.0131601 139.113 0.041176 -0.0399303 0.998354 1.30278
0.534367 -0.843616 -0.0525762 165.156 0.844328 0.535657 -0.0134789 139.695 0.0395338 -0.0371889 0.998526 1.29712
0.531188 -0.845594 -0.05301 165.465 0.846695 0.53207 -0.00303466 140.241 0.0307711 -0.0432713 0.998589 1.29549
0.527901 -0.848104 -0.0451693 165.809 0.849149 0.528078 0.0088961 140.847 0.0163081 -0.0430518 0.99894 1.30419
0.524474 -0.850733 -0.0343554 166.136 0.851416 0.524239 0.0162506 141.408 0.00418546 -0.0377738 0.999277 1.3031
0.521746 -0.85257 -0.0300823 166.417 0.8531 0.521453 0.0174972 141.886 0.000768963 -0.0347924 0.999394 1.28472
0.518314 -0.854483 -0.0347677 166.843 0.855174 0.518129 0.0148455 142.673 0.00532891 -0.0374271 0.999285 1.25734
0.515893 -0.855837 -0.0373845 167.082 0.856602 0.515848 0.0115747 143.087 0.00937873 -0.037995 0.999234 1.22893
0.511848 -0.858311 -0.0362435 167.495 0.85888 0.512177 0.000220118 143.842 0.0183742 -0.0312415 0.999343 1.1981
