0.473086 -0.880585 0.0275449 0.680021 0.881012 0.472945 -0.0118607 0.391352 -0.00258283 0.0298785 0.99955 1.08609
0.471701 -0.881399 0.0251733 1.07245 0.881759 0.471519 -0.0131121 1.12479 -0.000312669 0.0283818 0.999597 1.08035
0.47043 -0.882152 0.0224179 1.48439 0.882435 0.470227 -0.0139288 1.89942 0.00174579 0.0263349 0.999652 1.07481
0.468971 -0.883 0.0194229 1.95178 0.88321 0.468793 -0.0131598 2.78434 0.00251477 0.023326 0.999725 1.07215
0.467995 -0.883517 0.0194575 2.31529 0.88373 0.467851 -0.0117099 3.475 0.00124273 0.0226753 0.999742 1.07352
0.466431 -0.884324 0.0203399 2.84046 0.884557 0.466332 -0.00965308 4.47452 -0.000948678 0.0224943 0.999746 1.07569
0.465627 -0.884737 0.0207974 3.20553 0.884977 0.465565 -0.00802569 5.17782 -0.00258192 0.0221422 0.999751 1.07622
0.464625 -0.885264 0.0207927 3.57803 0.885499 0.464596 -0.00648325 5.9007 -0.00392082 0.0214242 0.999763 1.07528
0.463479 -0.885857 0.0210622 4.06191 0.886098 0.463454 -0.00638451 6.8457 -0.00410557 0.0216222 0.999758 1.07241
0.462888 -0.886156 0.0214825 4.42568 0.886393 0.462916 -0.00396517 7.56791 -0.00643084 0.0208774 0.999761 1.07137
0.462533 -0.886352 0.0210618 4.95767 0.886539 0.462652 0.000878795 8.63525 -0.0105232 0.0182657 0.999778 1.07366
0.462877 -0.886157 0.0217023 5.27187 0.886278 0.463105 0.00674464 9.28288 -0.0160273 0.0161124 0.999742 1.07436
0.463872 -0.885606 0.0228933 5.73952 0.885635 0.464212 0.0125729 10.2419 -0.021762 0.0144429 0.999659 1.07209
0.465081 -0.884946 0.0238902 6.12864 0.884881 0.465506 0.0170236 11.0514 -0.026186 0.0132226 0.99957 1.06589
0.466556 -0.884227 0.0216401 6.64489 0.884138 0.466922 0.0168702 12.1208 -0.0250213 0.011262 0.999623 1.05295
0.467456 -0.883797 0.0197072 6.98735 0.883683 0.467776 0.0170207 12.8353 -0.0242614 0.00945846 0.999661 1.04491
0.468668 -0.883216 0.0167371 7.48661 0.883159 0.468888 0.0132049 13.857 -0.0195106 0.00859276 0.999773 1.03802
0.469585 -0.882715 0.0174229 7.95296 0.882712 0.469794 0.0106606 14.7914 -0.0175954 0.0103733 0.999791 1.04242
0.469614 -0.882645 0.0199969 8.41451 0.882677 0.469866 0.0103885 15.7116 -0.0185653 0.0127722 0.999746 1.05127
0.469107 -0.882827 0.0235639 8.80236 0.882877 0.469452 0.0119455 16.4794 -0.0216079 0.0152003 0.999651 1.05644
0.468462 -0.882984 0.0296962 9.20641 0.883161 0.468934 0.0112583 17.2611 -0.0238664 0.0209524 0.999496 1.05789
0.467161 -0.883525 0.0338272 9.73882 0.883954 0.467554 0.00433881 18.291 -0.0196495 0.0278747 0.999418 1.05018
0.466234 -0.884001 0.0341777 10.1358 0.884499 0.466541 0.00114336 19.0503 -0.016956 0.029697 0.999415 1.0433
0.463313 -0.885598 0.0325047 11.1196 0.886129 0.463413 -0.00484362 20.9819 -0.0107736 0.0310475 0.99946 1.04442
0.462578 -0.885939 0.0336614 11.5255 0.886493 0.462727 -0.00368331 21.7475 -0.0123129 0.0315444 0.999426 1.05107
0.46132 -0.886611 0.0332236 12.0643 0.887168 0.461418 -0.00510976 22.7885 -0.0107996 0.0318322 0.999435 1.05474
0.46035 -0.887093 0.0338175 12.5063 0.887679 0.460423 -0.00604509 23.6409 -0.0102078 0.0328019 0.99941 1.05523
0.459865 -0.887267 0.0357999 12.9127 0.887901 0.460013 -0.00449072 24.4224 -0.0124839 0.0338519 0.999349 1.05565
0.459424 -0.887545 0.0345511 13.4074 0.888099 0.459649 -0.00160506 25.389 -0.0144568 0.0314222 0.999402 1.05158
0.459387 -0.887598 0.0336723 13.8552 0.888117 0.459616 -0.00105421 26.2608 -0.0145406 0.0303892 0.999432 1.04253
0.459241 -0.887642 0.0344766 14.3071 0.888202 0.459448 -0.00212239 27.1304 -0.0139563 0.0315968 0.999403 1.03284
0.459472 -0.887636 0.0314416 14.8272 0.888158 0.459476 -0.00752197 28.1441 -0.00776988 0.0313812 0.999477 1.0195
0.459214 -0.887772 0.031362 15.2165 0.888303 0.45917 -0.00901709 28.8921 -0.00639538 0.0319997 0.999467 1.01608
0.457356 -0.888637 0.033903 16.1827 0.889275 0.45719 -0.0129374 30.7775 -0.00400345 0.036066 0.999341 1.00876
0.456861 -0.888917 0.0332206 16.5755 0.889531 0.456689 -0.013044 31.5342 -0.00357648 0.03551 0.999363 1.00661
0.456552 -0.889247 0.0282829 17.0909 0.889686 0.456163 -0.0193103 32.5405 0.00426999 0.033979 0.999413 0.999894
0.456279 -0.889421 0.0271882 17.4815 0.889807 0.455798 -0.0221999 33.2963 0.00735278 0.0343216 0.999384 1.00226
0.455759 -0.889656 0.0282027 17.9187 0.89008 0.455288 -0.0216917 34.1404 0.00645783 0.0349888 0.999367 1.01207
0.455421 -0.889724 0.0313463 18.3677 0.890269 0.454999 -0.0199123 35.0039 0.00345392 0.0369752 0.99931 1.02615
0.455504 -0.889624 0.0329385 18.8931 0.890222 0.454999 -0.021908 36.0273 0.00450286 0.0393018 0.999217 1.03463
0.455472 -0.889564 0.034954 19.2732 0.890235 0.454883 -0.0237261 36.7698 0.00520586 0.0419238 0.999107 1.0362
0.45516 -0.889606 0.0378263 19.7008 0.890385 0.454424 -0.0267019 37.5887 0.00656505 0.0458336 0.998927 1.03764
0.454347 -0.889918 0.0401902 20.123 0.890803 0.453556 -0.0275168 38.4016 0.0062592 0.0483038 0.998813 1.04214
0.453476 -0.890196 0.0437093 20.633 0.891256 0.452661 -0.0275874 39.3873 0.00477269 0.0514664 0.998663 1.05332
0.452642 -0.890374 0.0484617 21.0514 0.891692 0.451942 -0.0251602 40.196 0.000500159 0.0546015 0.998508 1.06414
0.451604 -0.8908 0.0502935 21.431 0.892211 0.451116 -0.0213142 40.9408 -0.00370149 0.054498 0.998507 1.06736
0.450914 -0.891261 0.0482743 21.9231 0.892565 0.450382 -0.0220009 41.9105 -0.00213329 0.0530085 0.998592 1.05828
0.450072 -0.891917 0.0438116 22.3213 0.892983 0.449301 -0.026645 42.7054 0.00408054 0.0511152 0.998684 1.04455
0.448987 -0.892612 0.0406716 22.6856 0.893497 0.448067 -0.0299782 43.4353 0.00853536 0.0497998 0.998723 1.03749
0.448067 -0.893311 0.035101 23.1539 0.893925 0.447174 -0.0305518 44.3772 0.011596 0.0450669 0.998917 1.03862
0.446566 -0.894101 0.0340853 23.5002 0.894713 0.445874 -0.0261852 45.0856 0.0082145 0.04219 0.999076 1.0467
0.444411 -0.895276 0.0313095 24.3355 0.895802 0.443886 -0.0224769 46.7682 0.00622518 0.0380361 0.999257 1.05462
0.44272 -0.896121 0.0310762 24.6654 0.896647 0.442263 -0.0206675 47.4458 0.00477674 0.0370143 0.999303 1.05402
0.440991 -0.897001 0.0302554 25.0708 0.897505 0.440604 -0.0188016 48.2737 0.00353442 0.0354457 0.999365 1.05692
0.439181 -0.89789 0.0302189 25.4132 0.898396 0.438853 -0.0170839 48.9814 0.00207778 0.0346515 0.999397 1.05973
0.437805 -0.89855 0.0305519 25.8088 0.899068 0.437492 -0.0166477 49.7948 0.00159258 0.0347567 0.999394 1.06194
0.436288 -0.899291 0.0304714 26.1246 0.899807 0.436049 -0.0144446 50.4571 -0.000297139 0.0337204 0.999431 1.06539
0.435296 -0.899792 0.0298545 26.5073 0.90028 0.435185 -0.0104764 51.2598 -0.00356558 0.0314378 0.999499 1.06859
0.434057 -0.900398 0.0296287 26.8291 0.900863 0.434046 -0.00713718 51.936 -0.00643392 0.0297894 0.999535 1.06872
0.432221 -0.901365 0.0269336 27.1287 0.901745 0.432227 -0.00591712 52.5696 -0.00630791 0.0268447 0.99962 1.06299
0.431532 -0.90184 0.0215582 27.4772 0.902098 0.431406 -0.0104454 53.3104 0.000119719 0.0239551 0.999713 1.05149
0.430696 -0.9023 0.0188423 27.7698 0.902472 0.430433 -0.0164791 53.9329 0.00675873 0.0241021 0.999687 1.04492
0.430353 -0.902518 0.0160525 28.0778 0.90259 0.430028 -0.0201847 54.5929 0.011314 0.0231754 0.999667 1.04518
0.429233 -0.903063 0.0153602 28.3273 0.90314 0.428959 -0.0182411 55.131 0.00988403 0.0217021 0.999716 1.05389
0.428238 -0.903539 0.0151503 28.651 0.903647 0.42806 -0.0137034 55.8255 0.00589629 0.0195588 0.999791 1.06875
0.426434 -0.904373 0.0162053 28.8829 0.904504 0.426255 -0.0133961 56.3186 0.0052075 0.0203703 0.999779 1.07428
0.425825 -0.904594 0.0195348 29.1771 0.904757 0.42548 -0.0195512 56.9329 0.00937423 0.0259997 0.999618 1.07909
0.425704 -0.904588 0.0222963 29.4137 0.904767 0.425172 -0.0250109 57.4272 0.0131448 0.0308202 0.999438 1.08232
0.42787 -0.903562 0.022407 29.6938 0.903689 0.427213 -0.0289091 58.0183 0.0165486 0.0326183 0.999331 1.08802
0.42971 -0.902738 0.0203352 29.909 0.902844 0.429171 -0.0261686 58.4802 0.0148961 0.0296044 0.999451 1.09552
0.434817 -0.900286 0.0204549 30.204 0.900443 0.434375 -0.0228191 59.0927 0.0116587 0.0283406 0.99953 1.10521
0.437024 -0.89913 0.0239737 30.3961 0.899412 0.436608 -0.0207702 59.4699 0.00820796 0.0306393 0.999497 1.11289
0.443773 -0.895608 0.0308323 30.6816 0.896134 0.443394 -0.0185728 60.0206 0.0029631 0.035872 0.999352 1.12584
0.451387 -0.891769 0.0315736 30.9085 0.892328 0.451071 -0.016919 60.4692 0.000845905 0.035811 0.999358 1.12705
0.461507 -0.886691 0.0281146 31.136 0.887137 0.46126 -0.0151048 60.9097 0.00042514 0.0319124 0.99949 1.12316
0.473189 -0.880615 0.0246776 31.3536 0.88096 0.47303 -0.0122912 61.3179 -0.000849423 0.0275561 0.99962 1.11831
0.492159 -0.870187 0.0235118 31.6315 0.870503 0.492042 -0.0109351 61.785 -0.00205324 0.0258489 0.999664 1.11251
0.514331 -0.857186 0.0263909 31.8941 0.857585 0.514206 -0.0118441 62.1911 -0.00341778 0.0287242 0.999581 1.10852
0.53338 -0.845387 0.0287422 32.107 0.845859 0.533275 -0.0118559 62.4984 -0.00530464 0.0306355 0.999516 1.10561
0.562436 -0.826276 0.030543 32.3934 0.826802 0.562382 -0.0111471 62.8942 -0.0079662 0.0315225 0.999471 1.10395
0.588006 -0.808244 0.0314702 32.6344 0.808794 0.587999 -0.0104615 63.2036 -0.010049 0.0316044 0.99945 1.10121
0.620517 -0.783551 0.0317175 32.9233 0.784107 0.620541 -0.0102814 63.5476 -0.011626 0.0312497 0.999444 1.09486
0.652928 -0.756739 0.032106 33.2092 0.757305 0.652981 -0.0102503 63.8536 -0.0132078 0.0310067 0.999432 1.08867
0.697462 -0.71597 0.0305685 33.5828 0.716494 0.697509 -0.0108369 64.204 -0.0135629 0.0294605 0.999474 1.07972
0.730258 -0.682554 0.0290334 33.8616 0.683048 0.730273 -0.0120803 64.4223 -0.0129569 0.028653 0.999505 1.07271
0.770801 -0.636485 0.0274517 34.212 0.63696 0.770768 -0.0140877 64.6617 -0.0121923 0.0283445 0.999524 1.0619
0.802522 -0.59602 0.026792 34.507 0.596495 0.802469 -0.0153938 64.8284 -0.0123247 0.0283351 0.999522 1.05028
0.879975 -0.474417 0.0239156 35.3011 0.474884 0.879812 -0.0203834 65.2018 -0.011371 0.029294 0.999506 1.01809
0.903177 -0.428609 0.0237844 35.5895 0.429102 0.902982 -0.0222617 65.2801 -0.0119353 0.0303122 0.999469 1.00901
0.933644 -0.357388 0.0241274 36.0297 0.357927 0.933446 -0.0237997 65.3862 -0.0140159 0.0308563 0.999426 0.998411
0.951751 -0.305823 0.0253321 36.3567 0.306397 0.951623 -0.0231044 65.443 -0.0170408 0.0297513 0.999412 0.988305
0.970977 -0.237722 0.0263194 36.7852 0.238311 0.970938 -0.0220825 65.4985 -0.020305 0.0277138 0.99941 0.974393
0.982939 -0.182031 0.0263485 37.1451 0.182655 0.982895 -0.0235538 65.5211 -0.0216103 0.0279647 0.999375 0.961613
0.993084 -0.114636 0.025361 37.5883 0.115346 0.992914 -0.0285863 65.523 -0.0219043 0.0313139 0.999269 0.945707
0.998263 -0.0539813 0.0235812 37.9986 0.0546713 0.998064 -0.0296675 65.5041 -0.0219341 0.0309052 0.999282 0.934231
0.999714 -0.00870464 0.0222526 38.3198 0.00930694 0.999589 -0.0271077 65.4814 -0.0220075 0.027307 0.999385 0.928385
0.998507 0.0508095 0.0200465 38.7501 -0.0503405 0.998461 -0.0232465 65.4271 -0.0211968 0.0222027 0.999529 0.918609
0.994058 0.107485 0.0171779 39.1746 -0.107028 0.993926 -0.0256154 65.3409 -0.0198268 0.0236247 0.999524 0.899495
0.988474 0.150544 0.0159831 39.5306 -0.149885 0.988028 -0.0365375 65.2461 -0.0212923 0.0337208 0.999204 0.876331
0.9826 0.185047 0.0159322 39.8584 -0.184209 0.981913 -0.043738 65.1551 -0.0237377 0.0400421 0.998916 0.853271
0.974583 0.223565 0.0143865 40.2542 -0.222765 0.973898 -0.0435693 65.0414 -0.0237515 0.0392571 0.998947 0.83401
0.967403 0.252957 0.0119739 40.5816 -0.252404 0.96697 -0.0355255 64.9518 -0.0205648 0.0313452 0.999297 0.831201
0.959201 0.282529 0.0105645 40.948 -0.282186 0.959008 -0.0259709 64.8381 -0.017469 0.0219301 0.999607 0.833824
0.948876 0.315544 0.00814454 41.3884 -0.315325 0.948755 -0.0208236 64.6768 -0.0142979 0.0171908 0.99975 0.835492
0.941527 0.336893 0.00556704 41.7103 -0.336709 0.941367 -0.0213414 64.5579 -0.0124304 0.018219 0.999757 0.834487
0.933016 0.359834 -0.000961432 42.1064 -0.359747 0.932723 -0.0247009 64.3959 -0.00799149 0.0233922 0.999694 0.820572
0.924668 0.380651 -0.0097216 42.5059 -0.380774 0.924308 -0.0257909 64.2267 -0.000831572 0.0275498 0.99962 0.804297
0.914989 0.403225 -0.0143273 42.9593 -0.403458 0.914728 -0.0222212 64.0239 0.00414549 0.0261126 0.99965 0.802093
0.908123 0.418535 -0.0118243 43.3241 -0.418695 0.907914 -0.0196699 63.8595 0.00250287 0.0228134 0.999737 0.817109
0.898451 0.439023 -0.00665832 43.844 -0.439068 0.89826 -0.0186707 63.605 -0.00221595 0.0196981 0.999803 0.835286
0.893015 0.45 -0.0049373 44.1723 -0.450007 0.892816 -0.0193072 63.4498 -0.00428015 0.0194635 0.999801 0.843518
0.884904 0.465749 -0.00476471 44.6892 -0.465735 0.884653 -0.0219085 63.1799 -0.00598873 0.021606 0.999749 0.84501
0.87891 0.476946 -0.00629643 45.1255 -0.476952 0.878607 -0.0238087 62.9505 -0.00582337 0.0239288 0.999697 0.844521
0.873735 0.486338 -0.00791319 45.5765 -0.486374 0.873395 -0.0249305 62.7092 -0.0052133 0.0256314 0.999658 0.842691
0.870055 0.492876 -0.00883527 46.0091 -0.49293 0.869689 -0.0257068 62.4764 -0.0049863 0.0267215 0.99963 0.838957
0.865711 0.500437 -0.0103965 46.5692 -0.500528 0.865323 -0.0262258 62.1663 -0.00412798 0.0279077 0.999602 0.832941
0.861944 0.506875 -0.0114145 47.0586 -0.506994 0.861569 -0.0256107 61.8981 -0.00314705 0.027862 0.999607 0.825986
0.858201 0.513164 -0.0123586 47.6142 -0.513305 0.857808 -0.0261421 61.5894 -0.00281393 0.0287789 0.999582 0.818046
0.856404 0.516146 -0.0128497 48.0804 -0.516296 0.855974 -0.027333 61.3334 -0.00310881 0.0300423 0.999544 0.808416
0.851851 0.523616 -0.0132324 49.2946 -0.523768 0.851357 -0.0292929 60.6314 -0.00407273 0.0318839 0.999483 0.790248
0.850846 0.52523 -0.0139296 49.8007 -0.525394 0.850279 -0.0314229 60.3515 -0.00466024 0.0340546 0.999409 0.778533
0.849875 0.526746 -0.0158141 50.4985 -0.52696 0.849175 -0.0348494 59.9518 -0.00492781 0.0379511 0.999267 0.76492
0.850339 0.525966 -0.0168464 51.0401 -0.52621 0.849549 -0.0370008 59.6486 -0.00514934 0.0403279 0.999173 0.752077
0.851566 0.523942 -0.0178635 51.7107 -0.524223 0.850707 -0.0385831 59.2727 -0.0050187 0.0422205 0.999096 0.738352
0.853348 0.521005 -0.0187522 52.2977 -0.521319 0.852424 -0.0399896 58.9499 -0.00484991 0.0439009 0.999024 0.727389
0.855271 0.517847 -0.0185935 53.0487 -0.51815 0.854279 -0.0415836 58.5358 -0.00564987 0.0451995 0.998962 0.71652
0.857054 0.514926 -0.0175874 53.7047 -0.515181 0.856026 -0.0425175 58.1816 -0.00683816 0.0455005 0.998941 0.706757
0.858963 0.511816 -0.0150771 54.4411 -0.511965 0.857971 -0.0421685 57.7914 -0.00864682 0.0439401 0.998997 0.691957
0.860882 0.508647 -0.0126785 55.0485 -0.508704 0.859946 -0.0413919 57.4794 -0.010151 0.0420831 0.999062 0.677304
0.862947 0.505167 -0.0113122 55.9515 -0.505195 0.862117 -0.0391575 57.0112 -0.0100286 0.0395057 0.999169 0.658708
0.864408 0.502645 -0.0121044 56.5738 -0.50273 0.863678 -0.0363754 56.6957 -0.00782964 0.0375284 0.999265 0.644639
0.865342 0.500977 -0.0143364 57.3331 -0.501177 0.864843 -0.0294614 56.3102 -0.0023607 0.0326792 0.999463 0.627366
0.865481 0.50068 -0.0161853 58.0345 -0.500939 0.865131 -0.0246805 55.9611 0.00164539 0.0294684 0.999564 0.615762
0.865776 0.500183 -0.0158005 58.6581 -0.500425 0.865498 -0.0220703 55.6562 0.00263607 0.0270149 0.999632 0.612697
0.865828 0.500179 -0.0127888 59.543 -0.500342 0.865591 -0.0202566 55.2179 0.000937983 0.0239375 0.999713 0.616893
0.865955 0.499983 -0.0117858 60.3059 -0.500122 0.865721 -0.020159 54.8365 0.000124084 0.0233511 0.999727 0.616796
0.866157 0.499663 -0.010389 60.8548 -0.499771 0.865932 -0.0197558 54.5634 -0.000875093 0.0223038 0.999751 0.615067
0.866449 0.499196 -0.00824906 62.4372 -0.499264 0.866302 -0.0159966 53.7649 -0.000839269 0.0179787 0.999838 0.609158
0.866355 0.49937 -0.00758436 63.0661 -0.499428 0.86625 -0.0135432 53.4514 -0.000193128 0.0155211 0.999879 0.604714
0.865624 0.50065 -0.00663432 63.9222 -0.500693 0.865564 -0.0102469 53.0226 0.0006123 0.0121918 0.999925 0.601701
0.864408 0.502767 -0.00487992 64.5317 -0.502791 0.864366 -0.00854392 52.718 -7.75754e-05 0.00983902 0.999951 0.602837
0.86232 0.50636 -0.00195164 65.341 -0.50636 0.862292 -0.00728496 52.3104 -0.00200593 0.00727021 0.999972 0.606539
0.859801 0.510628 0.00118056 66.1044 -0.510611 0.859788 -0.00641434 51.9192 -0.00429038 0.00491225 0.999979 0.610913
0.856849 0.515561 0.00237549 66.7929 -0.515543 0.856845 -0.00559675 51.5589 -0.0049209 0.00357091 0.999982 0.615323
0.853322 0.521378 0.00244083 67.4194 -0.521363 0.853321 -0.00488444 51.2238 -0.00462945 0.00289545 0.999985 0.614728
0.848347 0.529439 0.00118934 68.2283 -0.52943 0.848342 -0.00445628 50.7814 -0.0033683 0.0031508 0.999989 0.610516
0.844032 0.536292 0.000984997 68.824 -0.536282 0.844025 -0.0047794 50.445 -0.00339451 0.00350573 0.999988 0.608629
0.83798 0.545699 0.0016192 69.6866 -0.545685 0.837975 -0.00509606 49.9459 -0.00413777 0.00338682 0.999986 0.607508
0.833504 0.55251 0.00172097 70.2676 -0.552494 0.833497 -0.00573701 49.5929 -0.00460417 0.003831 0.999982 0.60842
0.828193 0.560442 0.00124022 70.9123 -0.560425 0.828181 -0.00637322 49.1898 -0.00459894 0.0045832 0.999979 0.607961
0.822553 0.568689 0.000355372 71.6032 -0.568677 0.822539 -0.00607549 48.746 -0.00374737 0.00479532 0.999981 0.604149
0.81748 0.575956 -0.000619762 72.2235 -0.57595 0.817466 -0.00550472 48.3347 -0.00266384 0.00485695 0.999985 0.600369
0.812256 0.583298 -0.00191647 72.8405 -0.5833 0.812242 -0.00499875 47.917 -0.00135913 0.00517814 0.999986 0.596009
0.80694 0.590624 -0.00336568 73.5018 -0.590634 0.806925 -0.00491495 47.4603 -0.000187043 0.00595396 0.999982 0.59236
0.802271 0.596942 -0.00464902 74.0916 -0.59696 0.802254 -0.00516861 47.0381 0.000644339 0.00692191 0.999976 0.592915
0.79724 0.603637 -0.0055071 74.7242 -0.603661 0.797225 -0.00510005 46.5772 0.00131183 0.00739039 0.999972 0.596142
0.79307 0.6091 -0.00599621 75.2155 -0.609129 0.793049 -0.00599968 46.2087 0.00110087 0.00841063 0.999964 0.599385
0.788181 0.61541 -0.0063543 75.8696 -0.615443 0.788144 -0.00771147 45.7138 0.000262383 0.00998875 0.99995 0.599959
0.784798 0.619717 -0.00647625 76.3868 -0.61975 0.784732 -0.0102959 45.3132 -0.00129842 0.0120939 0.999926 0.598566
0.782363 0.622782 -0.00717739 77.0257 -0.622814 0.782236 -0.0144632 44.8082 -0.00339299 0.0157856 0.99987 0.5974
0.781306 0.6241 -0.00772769 77.5976 -0.62413 0.781129 -0.0172737 44.3494 -0.00474419 0.0183191 0.999821 0.593896
0.780813 0.624714 -0.00800187 78.1109 -0.624741 0.780606 -0.0188145 43.9361 -0.00550736 0.0196897 0.999791 0.587606
0.780464 0.625149 -0.0080618 78.6196 -0.625175 0.780248 -0.0192243 43.5288 -0.00572783 0.0200439 0.999783 0.580399
0.780698 0.62484 -0.00923131 79.1175 -0.624888 0.780468 -0.0196161 43.13 -0.00505218 0.0210828 0.999765 0.571049
0.782557 0.622481 -0.0110464 79.6445 -0.622568 0.782317 -0.0197255 42.7047 -0.00363699 0.0223134 0.999744 0.563256
0.785375 0.618898 -0.012307 80.113 -0.619015 0.785129 -0.019835 42.3272 -0.00261324 0.0231962 0.999728 0.557767
0.788778 0.614546 -0.0127646 80.5339 -0.614675 0.788536 -0.0196344 41.9922 -0.00200087 0.0233333 0.999726 0.555985
0.796617 0.604341 -0.0131217 81.0965 -0.604483 0.796398 -0.0186971 41.5564 -0.000849329 0.0228263 0.999739 0.556674
0.80194 0.597265 -0.012921 81.4378 -0.597404 0.801727 -0.0184978 41.3015 -0.000688944 0.0225532 0.999745 0.563783
0.812592 0.582686 -0.0131218 81.9476 -0.582833 0.812413 -0.0170334 40.9344 0.000735236 0.0214891 0.999769 0.570864
0.823112 0.567696 -0.0144311 82.3584 -0.567871 0.822975 -0.0153242 40.6558 0.00317696 0.0208086 0.999778 0.578087
0.83325 0.552674 -0.0157167 82.732 -0.552867 0.833163 -0.0133044 40.4176 0.00574161 0.0197752 0.999788 0.58613
0.849463 0.527372 -0.0170995 83.2347 -0.527573 0.849443 -0.0106192 40.1113 0.00892478 0.0180419 0.999797 0.594875
0.863982 0.503235 -0.0170255 83.6625 -0.503428 0.863982 -0.00978878 39.8723 0.00978367 0.0170284 0.999807 0.606217
0.879603 0.47547 -0.0150642 84.1045 -0.475634 0.879586 -0.0100637 39.6462 0.00846529 0.0160171 0.999836 0.618678
0.898124 0.43959 -0.0115481 84.5906 -0.439708 0.898071 -0.0111838 39.429 0.00545477 0.0151222 0.999871 0.631376
0.912399 0.409236 -0.00737565 84.9886 -0.409298 0.912325 -0.0117243 39.2812 0.001931 0.0137161 0.999904 0.641153
0.933399 0.358839 -0.000898667 85.5445 -0.358827 0.93334 -0.0109433 39.1031 -0.00308811 0.0105369 0.99994 0.651002
0.94636 0.323099 0.00298992 85.942 -0.323061 0.946333 -0.00928785 39.0144 -0.00583035 0.00782373 0.999952 0.656806
0.963912 0.266151 0.00604914 86.4869 -0.266106 0.963916 -0.00729646 38.9144 -0.00777283 0.00542343 0.999955 0.659324
0.97711 0.212655 0.00582931 86.9615 -0.2126 0.977099 -0.00889658 38.8647 -0.00758772 0.00745363 0.999943 0.662425
0.989018 0.147758 0.00316221 87.4772 -0.147719 0.988976 -0.0103175 38.8385 -0.00465184 0.00973705 0.999942 0.667347
0.995511 0.0946404 -0.000104304 87.898 -0.0946351 0.995444 -0.0116658 38.8522 -0.00100022 0.0116233 0.999932 0.675443
0.99988 0.0147884 -0.00459983 88.4661 -0.0148409 0.999823 -0.0115879 38.9006 0.00442765 0.0116547 0.999922 0.683932
0.999181 -0.0399352 -0.0065001 88.8658 0.0398692 0.999155 -0.00999046 38.9777 0.00689358 0.00972313 0.999929 0.694807
0.993099 -0.116971 -0.00851156 89.394 0.11689 0.9931 -0.00944209 39.1063 0.00955728 0.00838201 0.999919 0.705143
0.984234 -0.176675 -0.00827502 89.8125 0.176587 0.98423 -0.010369 39.2472 0.00997648 0.0087443 0.999912 0.716863
0.967313 -0.253552 -0.00420801 90.3349 0.253491 0.967271 -0.0113347 39.4538 0.00694422 0.00989754 0.999927 0.734336
0.948479 -0.316835 0.00191212 90.7672 0.316839 0.948432 -0.00946948 39.6692 0.00118675 0.00958743 0.999953 0.749905
0.923575 -0.38332 0.00865447 91.2296 0.38338 0.923565 -0.00692008 39.934 -0.00534035 0.00970917 0.999939 0.762518
0.897891 -0.439986 0.0143011 91.6439 0.440073 0.897955 -0.00348181 40.209 -0.0113098 0.0094198 0.999892 0.770373
0.870757 -0.49133 0.0194006 92.0443 0.491408 0.870929 0.00082292 40.5073 -0.0173008 0.00881704 0.999811 0.775259
0.840476 -0.541412 0.0217308 92.4602 0.541431 0.840727 0.00554513 40.8477 -0.0212719 0.00710517 0.999748 0.778671
0.817463 -0.575584 0.0213678 92.7817 0.575499 0.817734 0.0105512 41.1361 -0.0235463 0.00367191 0.999716 0.780565
0.787718 -0.615779 0.0178111 93.2099 0.615593 0.787919 0.0151578 41.5401 -0.0233675 -0.000975685 0.999726 0.778032
0.765251 -0.643565 0.0146342 93.5507 0.643354 0.765383 0.0168594 41.883 -0.0220509 -0.00348674 0.999751 0.76903
0.748361 -0.663114 0.0153496 93.8562 0.662946 0.748518 0.0149666 42.1993 -0.021414 -0.00102441 0.99977 0.767134
0.731119 -0.682006 0.0182453 94.2574 0.681919 0.731336 0.0116091 42.6316 -0.0212609 0.00395411 0.999766 0.772622
0.720236 -0.693507 0.017542 94.5895 0.693418 0.72044 0.0117572 42.9929 -0.0207917 0.00369595 0.999777 0.784352
0.710271 -0.70379 0.0139105 94.948 0.703643 0.710407 0.014422 43.4026 -0.0200321 -0.000455486 0.999799 0.792048
0.70344 -0.710696 0.00917425 95.2725 0.710499 0.703474 0.0177553 43.7826 -0.0190725 -0.00597149 0.9998 0.800269
0.699579 -0.714547 0.00356273 95.5745 0.714364 0.699498 0.0196856 44.1375 -0.0165584 -0.0112265 0.9998 0.812415
0.696456 -0.717597 -0.00194077 95.978 0.717486 0.696295 0.0196855 44.6103 -0.0127749 -0.0151025 0.999804 0.830984
0.695912 -0.718119 -0.00336479 96.2867 0.718052 0.695765 0.0176829 44.9571 -0.0103573 -0.0147218 0.999838 0.853945
0.697452 -0.71661 -0.00559643 96.7239 0.716621 0.697378 0.0108683 45.4444 -0.00388551 -0.0115907 0.999925 0.874768
0.69931 -0.714772 -0.00805477 97.0931 0.714814 0.699299 0.00468772 45.8425 0.00228204 -0.00903584 0.999957 0.896372
0.70149 -0.712593 -0.0110786 97.4714 0.712664 0.701492 0.00435342 46.2483 0.00466933 -0.0109492 0.999929 0.923277
0.704611 -0.709479 -0.0127704 97.895 0.709589 0.704558 0.00901864 46.7037 0.00259896 -0.0154164 0.999878 0.955486
0.707517 -0.706607 -0.0112267 98.2533 0.706696 0.707417 0.0118696 47.0712 -0.000445225 -0.0163318 0.999866 0.987013
0.71075 -0.703426 -0.00505805 98.7631 0.703417 0.710642 0.0138396 47.5924 -0.0061407 -0.0133944 0.999891 1.02213
0.712886 -0.701279 -0.000597268 99.1344 0.701202 0.712794 0.0155182 47.9602 -0.0104569 -0.0114815 0.999879 1.03936
0.71539 -0.698715 0.0038062 99.6393 0.698588 0.715347 0.0159497 48.4599 -0.0138671 -0.00875131 0.999866 1.05381
0.716525 -0.697533 0.00623181 100.13 0.697453 0.716543 0.0112181 48.9315 -0.0122904 -0.00369169 0.999918 1.0593
0.716822 -0.697233 0.005722 100.533 0.697203 0.716844 0.00647414 49.3096 -0.00861576 -0.000651401 0.999963 1.06314
0.716736 -0.697343 0.00152892 101.022 0.697344 0.716737 2.34749e-05 49.7794 -0.0011122 0.00104936 0.999999 1.06418
0.715985 -0.698106 -0.0036018 101.521 0.6981 0.715994 -0.00300494 50.265 0.00467664 -0.000362929 0.999989 1.06605
0.713832 -0.700306 -0.00386685 102.121 0.700299 0.713842 -0.00329823 50.8547 0.00507009 -0.000353571 0.999987 1.07416
0.712511 -0.70166 0.0011838 102.605 0.701661 0.71251 -0.000882861 51.3248 -0.000223997 0.00145967 0.999999 1.08933
0.711586 -0.70258 0.0051223 103.037 0.702579 0.711602 0.00237194 51.739 -0.00531151 0.00191098 0.999984 1.10073
0.710042 -0.704137 0.00560782 103.619 0.704111 0.710064 0.00594883 52.3135 -0.0081707 -0.000275392 0.999967 1.11139
0.708954 -0.705252 0.00192964 104.089 0.705228 0.708948 0.00675606 52.7826 -0.00613274 -0.0034289 0.999975 1.11312
0.706619 -0.707584 -0.00371639 104.686 0.707594 0.706608 0.0039693 53.3881 -0.00018258 -0.00543448 0.999985 1.11589
0.70438 -0.709796 -0.00610931 105.155 0.709813 0.704389 0.000997645 53.8611 0.00359521 -0.00503919 0.999981 1.11775
0.701345 -0.712801 -0.00543403 105.785 0.712806 0.70136 -0.00132749 54.5073 0.00475745 -0.00294239 0.999984 1.12589
0.699152 -0.714966 -0.00314112 106.258 0.714963 0.699159 -0.00205163 54.9875 0.003663 -0.000811387 0.999993 1.13475
0.695754 -0.71827 0.00386335 107.517 0.718279 0.695753 -0.0016746 56.2832 -0.00148513 0.00394007 0.999991 1.16653
0.695307 -0.71868 0.00678748 107.958 0.718707 0.695308 -0.00260802 56.7339 -0.00284506 0.00669158 0.999973 1.17033
0.694892 -0.719048 0.00973534 108.63 0.719098 0.694904 -0.00265177 57.4325 -0.00485837 0.00884335 0.999949 1.17414
0.694923 -0.719043 0.00768589 109.179 0.71907 0.694936 -0.00116463 58.0129 -0.00450379 0.00633602 0.99997 1.17094
0.695257 -0.718758 0.00206827 109.73 0.718759 0.695259 0.000525293 58.6002 -0.00181554 0.00112138 0.999998 1.16456
0.69564 -0.718384 -0.00295937 110.248 0.718391 0.695633 0.00303995 59.1549 -0.000125217 -0.00424069 0.999991 1.16044
0.697022 -0.716983 -0.00977041 110.903 0.717049 0.696967 0.00882762 59.8555 0.000480398 -0.0131589 0.999913 1.15828
0.698799 -0.715212 -0.0123225 111.415 0.715317 0.698674 0.0132671 60.4053 -0.000879377 -0.0180856 0.999836 1.15685
0.701114 -0.712921 -0.0134966 112.094 0.713047 0.700944 0.015531 61.1229 -0.00161202 -0.0205127 0.999788 1.1581
0.702719 -0.711302 -0.0153463 112.659 0.711467 0.70257 0.014455 61.7206 0.000500019 -0.0210762 0.999778 1.15947
0.704102 -0.710001 -0.0117688 113.29 0.710097 0.704034 0.00986079 62.3716 0.0012845 -0.0153 0.999882 1.16558
0.704409 -0.709752 -0.00774297 113.794 0.709794 0.704379 0.00649583 62.8843 0.000843561 -0.0100716 0.999949 1.17273
0.705579 -0.708619 -0.00411734 114.517 0.70863 0.705577 0.00213464 63.6219 0.00139245 -0.00442383 0.999989 1.1842
0.706029 -0.708168 -0.00450564 115.005 0.708182 0.70602 0.00370409 64.1194 0.000557956 -0.00580602 0.999983 1.1867
0.707253 -0.706947 -0.00428934 115.741 0.706949 0.707195 0.00989149 64.8738 -0.00395935 -0.0100281 0.999942 1.18894
0.708041 -0.706164 -0.00320318 116.316 0.706109 0.707912 0.0164596 65.4647 -0.00935561 -0.0139159 0.999859 1.19034
0.70896 -0.705227 -0.00548896 116.94 0.705211 0.708822 0.0157657 66.1043 -0.0072277 -0.0150481 0.999861 1.18365
0.709118 -0.705042 -0.0081743 117.39 0.705089 0.709064 0.00879935 66.563 -0.000407808 -0.0120034 0.999928 1.17159
0.708591 -0.705549 -0.0100188 118.726 0.705498 0.708661 -0.00849365 67.9032 0.0130926 -0.00104974 0.999914 1.17293
0.707748 -0.706464 -0.00122049 119.186 0.706463 0.707749 -0.00111042 68.373 0.00164828 -7.63331e-05 0.999999 1.18112
0.706533 -0.707513 0.0153733 119.889 0.707371 0.7067 0.0141999 69.0915 -0.0209109 0.000841865 0.999781 1.19307
0.70577 -0.708242 0.0167902 120.454 0.708008 0.705969 0.0182288 69.6793 -0.0247637 -0.000977756 0.999693 1.18234
0.705294 -0.708882 0.00679059 121.007 0.70878 0.705314 0.0127903 70.2612 -0.0138563 -0.00420791 0.999895 1.15232
0.704481 -0.709715 -0.00328058 121.611 0.709722 0.704464 0.00496953 70.8938 -0.0012159 -0.00582924 0.999982 1.12436
0.70348 -0.710702 -0.00426579 122.165 0.710707 0.703488 -0.00040757 71.4708 0.0032906 -0.00274501 0.999991 1.1176
0.701689 -0.712478 -0.00248727 122.674 0.712479 0.701693 -0.000739614 71.9979 0.00227226 -0.00125314 0.999997 1.12016
0.699387 -0.71474 -0.00207525 123.332 0.714739 0.69939 -0.00113223 72.6902 0.00226066 -0.000691397 0.999997 1.12664
0.696372 -0.717674 -0.00306246 123.874 0.71767 0.696379 -0.0026392 73.2652 0.00402672 -0.000359975 0.999992 1.13132
0.693788 -0.720151 -0.00631122 124.504 0.720161 0.693806 -0.000864921 73.9432 0.00500164 -0.00394502 0.99998 1.13727
0.692178 -0.721649 -0.0106203 124.978 0.721705 0.692197 0.00237223 74.4704 0.00563944 -0.00930674 0.999941 1.14208
0.6908 -0.722935 -0.0126204 125.506 0.723031 0.690792 0.00568182 75.0552 0.00461046 -0.0130499 0.999904 1.14471
0.689489 -0.724219 -0.010581 126.089 0.724296 0.689432 0.00892869 75.6926 0.000828546 -0.01382 0.999904 1.15003
0.688117 -0.72555 -0.00842494 126.555 0.725597 0.688043 0.0102483 76.1998 -0.00163893 -0.0131652 0.999912 1.15223
0.686462 -0.727122 -0.00791464 127.162 0.727165 0.686418 0.00776777 76.8629 -0.000215367 -0.0110875 0.999938 1.15692
0.683817 -0.729618 -0.00722463 127.736 0.729647 0.683819 0.00260852 77.4893 0.00303712 -0.00705518 0.99997 1.16345
0.680098 -0.733098 -0.00579015 128.192 0.733105 0.680114 -0.00115033 77.9933 0.00478127 -0.00346245 0.999983 1.16733
0.674929 -0.737874 -0.00352557 128.737 0.737875 0.674936 -0.00140545 78.6049 0.00341658 -0.00165285 0.999993 1.17164
0.670118 -0.742253 0.0010509 129.27 0.742249 0.670118 0.00295645 79.2154 -0.00289866 -0.00120114 0.999995 1.17189
0.665882 -0.746002 0.00902865 129.82 0.74596 0.665942 0.00805072 79.8484 -0.0120184 0.00137419 0.999927 1.17691
0.662566 -0.748909 0.0118518 130.336 0.748782 0.662672 0.0138343 80.4509 -0.0182145 -0.000291709 0.999834 1.17289
0.659394 -0.751748 0.00860617 130.884 0.751585 0.659436 0.0162433 81.1017 -0.0178861 -0.00424247 0.999831 1.15872
0.655188 -0.755457 0.00371494 131.376 0.75538 0.65518 0.0118246 81.6914 -0.0113669 -0.00494114 0.999923 1.14099
0.649695 -0.760195 -5.80885e-05 131.928 0.760191 0.649691 0.00323953 82.362 -0.00242493 -0.00214886 0.999995 1.12531
0.644668 -0.764462 0.000156401 132.465 0.764462 0.644668 -0.00103274 83.0295 0.000688667 0.000785336 0.999999 1.1197
0.639547 -0.768752 -0.000612328 132.911 0.76875 0.639543 0.00263217 83.5973 -0.00163187 -0.00215412 0.999996 1.11846
0.633038 -0.774101 -0.00544135 133.484 0.774115 0.632992 0.00813157 84.3435 -0.00285032 -0.00935983 0.999952 1.11315
0.62721 -0.778794 -0.00940576 133.9 0.77885 0.627157 0.00813399 84.8981 -0.000435803 -0.0124274 0.999923 1.10698
0.612166 -0.790637 -0.0121109 134.999 0.790717 0.61217 0.00375928 86.3637 0.00444171 -0.0118776 0.99992 1.10241
0.607227 -0.79445 -0.01121 135.37 0.794528 0.607177 0.00779435 86.8811 0.000614231 -0.0136396 0.999907 1.10509
0.59999 -0.799946 -0.00991798 135.929 0.799977 0.599814 0.0161024 87.6732 -0.00693209 -0.0175954 0.999821 1.10792
0.593871 -0.804515 -0.0084754 136.383 0.804485 0.59364 0.0198713 88.3233 -0.0109554 -0.0186193 0.999767 1.10273
0.588211 -0.808675 -0.0071665 136.876 0.808592 0.587955 0.0220626 89.0352 -0.0136279 -0.0187722 0.999731 1.09416
0.584616 -0.81128 -0.00704121 137.257 0.811188 0.584355 0.0224223 89.5908 -0.0140762 -0.0188202 0.999724 1.08204
0.580855 -0.813943 -0.0101767 137.743 0.813937 0.580598 0.0203003 90.3144 -0.0106147 -0.0200747 0.999742 1.06695
0.577166 -0.816428 -0.0180132 138.229 0.816611 0.57688 0.0188421 91.0501 -0.00499176 -0.0255849 0.99966 1.05137
0.574398 -0.81823 -0.0237917 138.706 0.818576 0.574168 0.0162494 91.7768 0.000364638 -0.028809 0.999585 1.04047
0.57212 -0.819812 -0.0241967 139.094 0.820169 0.571835 0.0181061 92.366 -0.00100705 -0.0302043 0.999543 1.04002
0.569541 -0.821669 -0.0219793 139.625 0.821908 0.56899 0.0268116 93.1804 -0.00952427 -0.0333353 0.999399 1.04068
0.567411 -0.823228 -0.0184379 140.058 0.823229 0.566626 0.0350549 93.8464 -0.0184108 -0.0350691 0.999215 1.04003
0.564446 -0.825302 -0.0166383 140.449 0.825216 0.563656 0.0362121 94.4418 -0.0205076 -0.0341699 0.999206 1.03089
0.559786 -0.828531 -0.0132782 140.971 0.828529 0.559383 0.0251092 95.239 -0.0133761 -0.0250572 0.999597 1.00412
0.555368 -0.831528 -0.0112506 141.348 0.831567 0.555166 0.0169285 95.8157 -0.00783055 -0.0187572 0.999793 0.990539
0.548972 -0.835733 -0.0134289 141.837 0.835828 0.548802 0.0144133 96.5882 -0.00467579 -0.0191368 0.999806 0.977206
0.543502 -0.839329 -0.0115083 142.234 0.839369 0.543295 0.0170265 97.2327 -0.00803845 -0.0189136 0.999789 0.972728
0.536715 -0.843746 -0.00534514 142.69 0.843661 0.53654 0.0190049 97.9771 -0.0131674 -0.0147097 0.999805 0.974023
0.524851 -0.851141 0.00951042 143.636 0.850978 0.524937 0.0166664 99.5531 -0.0191778 -0.000654208 0.999816 0.955754
0.520723 -0.853653 0.0110936 143.963 0.853545 0.520837 0.013788 100.102 -0.0175481 0.00228911 0.999843 0.951792
0.514553 -0.85739 0.0108258 144.418 0.857409 0.514619 0.00427629 100.883 -0.00923758 0.00708173 0.999932 0.938848
0.508831 -0.860741 0.0146889 144.818 0.860865 0.50878 -0.00734381 101.55 -0.00115228 0.0163819 0.999865 0.931144
0.502242 -0.86452 0.0189334 145.285 0.864725 0.502168 -0.00883875 102.354 -0.00186648 0.0208114 0.999782 0.930842
0.497646 -0.867171 0.0190504 145.662 0.867319 0.497752 0.000947108 103.026 -0.0103037 0.0160515 0.999818 0.932882
0.492599 -0.870075 0.0177369 146.121 0.869969 0.492858 0.0156654 103.87 -0.0223719 0.0077138 0.99972 0.938051
0.488762 -0.872262 0.0164325 146.51 0.872049 0.489016 0.0198551 104.595 -0.0253546 0.00462556 0.999668 0.932626
0.486429 -0.873618 0.0133264 146.927 0.873535 0.486584 0.0131781 105.382 -0.017997 0.00523089 0.999824 0.911464
0.484282 -0.874909 0.00210308 147.301 0.874874 0.484282 0.00817963 106.099 -0.00817492 -0.00212131 0.999964 0.893208
0.482501 -0.87588 -0.00505449 147.676 0.875893 0.48248 0.00496228 106.825 -0.00190768 -0.0068215 0.999975 0.88729
0.480353 -0.877074 -0.00117862 148.095 0.877072 0.480347 0.00340412 107.615 -0.00241951 -0.00266891 0.999993 0.897025
0.479192 -0.877701 0.00392605 148.48 0.877667 0.479208 0.00777023 108.342 -0.00870133 -0.000277668 0.999962 0.91072
0.479 -0.87779 0.00654414 148.842 0.87768 0.479044 0.0139469 109.029 -0.0153774 -0.000936916 0.999881 0.917324
0.478226 -0.878204 0.00757322 149.287 0.878039 0.478284 0.0170999 109.882 -0.0186393 -0.00152802 0.999825 0.917232
0.476976 -0.87889 0.00685838 149.637 0.878783 0.477025 0.013695 110.544 -0.015308 -0.000505162 0.999883 0.910416
0.475164 -0.879864 0.00766966 150.091 0.879891 0.475175 -0.00035174 111.403 -0.00333495 0.0069156 0.99997 0.901275
0.473644 -0.880635 0.0119928 150.434 0.880711 0.473552 -0.00979404 112.038 0.00294576 0.0152011 0.99988 0.9057
0.472366 -0.881253 0.0162216 150.896 0.881396 0.47221 -0.0125969 112.911 0.00344102 0.020248 0.999789 0.921853
0.471496 -0.881701 0.017145 151.269 0.881859 0.47149 -0.00466873 113.635 -0.00396727 0.0173208 0.999842 0.94168
0.470084 -0.88245 0.0173916 151.647 0.882552 0.470203 0.00327602 114.37 -0.0110685 0.013809 0.999843 0.96332
0.469185 -0.882918 0.0178991 152.057 0.883029 0.469308 0.00314213 115.171 -0.0111744 0.0143312 0.999835 0.973756
0.468766 -0.883182 0.0157369 152.428 0.8833 0.468806 -0.00128679 115.901 -0.00624111 0.0145036 0.999875 0.968631
0.469016 -0.88313 0.0102324 152.82 0.883186 0.469016 -0.00260971 116.686 -0.00249445 0.0102611 0.999944 0.969985
0.468624 -0.883365 0.00761377 153.128 0.88339 0.468639 0.000191529 117.297 -0.00373729 0.00663617 0.999971 0.976592
0.468351 -0.883523 0.00581306 153.582 0.883512 0.468379 0.00527084 118.197 -0.00737963 0.00266731 0.999969 0.987625
0.467901 -0.88378 0.001278 154.329 0.883709 0.467881 0.0120572 119.686 -0.0112538 -0.00451218 0.999926 0.994529
0.467538 -0.883972 0.000840696 154.649 0.883917 0.467519 0.0107824 120.324 -0.00992435 -0.00429806 0.999941 0.99911
0.466885 -0.884315 -0.00244815 155.033 0.884304 0.466861 0.00687558 121.091 -0.00493723 -0.00537502 0.999973 1.00091
0.465786 -0.884883 -0.00501902 155.336 0.884894 0.46576 0.00549006 121.703 -0.0025204 -0.0069985 0.999972 1.0001
0.464006 -0.885816 -0.00525838 155.725 0.885815 0.463951 0.00901394 122.475 -0.00554506 -0.00884047 0.999945 0.998476
0.463491 -0.886074 -0.0069668 156.091 0.886088 0.463426 0.00917205 123.198 -0.00489852 -0.0104244 0.999934 1.00678
0.463549 -0.886026 -0.00892082 156.453 0.886063 0.463476 0.00908667 123.912 -0.00391643 -0.0121165 0.999919 1.02759
0.464163 -0.88568 -0.0111306 156.81 0.885746 0.464087 0.00877565 124.619 -0.00260684 -0.0139322 0.9999 1.05708
0.465275 -0.885062 -0.0135707 157.165 0.885166 0.465203 0.00825747 125.319 -0.000995255 -0.0158543 0.999874 1.08278
0.467189 -0.884007 -0.0163222 157.508 0.884157 0.46713 0.00744683 126.005 0.00104153 -0.0179104 0.999839 1.11279
0.469798 -0.882562 -0.0193203 157.844 0.882767 0.469768 0.00635827 126.675 0.00346447 -0.0200424 0.999793 1.14205
0.473056 -0.880743 -0.022573 158.174 0.88101 0.473071 0.0050207 127.331 0.00625668 -0.0222621 0.999733 1.17222
0.476922 -0.878558 -0.026092 158.495 0.878896 0.477002 0.00346125 127.974 0.00940501 -0.0245829 0.999653 1.2033
0.481342 -0.876024 -0.0298575 158.809 0.876438 0.481511 0.00169169 128.603 0.0128948 -0.0269825 0.999553 1.23261
0.486381 -0.873091 -0.0338557 159.117 0.873586 0.486669 -0.000318983 129.213 0.016755 -0.0294207 0.999427 1.25955
0.491835 -0.869856 -0.0380742 159.421 0.870437 0.492273 -0.00250259 129.808 0.0209198 -0.0319103 0.999272 1.28737
0.497706 -0.866302 -0.0425413 159.719 0.866974 0.49833 -0.00484785 130.39 0.0253993 -0.0344694 0.999083 1.31148
0.503882 -0.86248 -0.0472381 160.012 0.863246 0.50473 -0.0073254 130.961 0.0301605 -0.037087 0.998857 1.33377
0.510283 -0.858424 -0.0521537 160.305 0.859287 0.511398 -0.00991175 131.525 0.0351798 -0.0397572 0.99859 1.35248
0.518373 -0.853167 -0.0582684 160.644 0.854147 0.519865 -0.0131436 132.179 0.0415054 -0.0429565 0.998214 1.37938
0.524431 -0.849353 -0.0597642 160.899 0.850356 0.526026 -0.013865 132.647 0.0432138 -0.0435496 0.998116 1.3885
0.529177 -0.846587 -0.0571188 161.147 0.847519 0.530614 -0.0126503 133.089 0.0410176 -0.0417151 0.998287 1.39835
0.535584 -0.843112 -0.0480794 161.505 0.843788 0.536584 -0.0100162 133.712 0.0342434 -0.0352044 0.998793 1.43348
0.540033 -0.840611 -0.0416816 161.794 0.841061 0.54084 -0.0104366 134.182 0.0313162 -0.0294206 0.999076 1.43521
0.545032 -0.837548 -0.0381252 162.161 0.837877 0.545748 -0.0110207 134.795 0.0300371 -0.0259376 0.999212 1.44464
0.546706 -0.836433 -0.038633 162.437 0.836812 0.547404 -0.00973384 135.238 0.0292895 -0.027007 0.999206 1.42482
0.547202 -0.83614 -0.0379459 163.134 0.836611 0.547768 -0.0056674 136.454 0.0255243 -0.0286447 0.999264 1.45028
0.546894 -0.836406 -0.0364772 163.435 0.836899 0.547349 -0.00304745 136.924 0.0225147 -0.0288611 0.99933 1.41729
0.546228 -0.836655 -0.0405406 163.743 0.837313 0.546722 -0.0013099 137.418 0.0232604 -0.0332297 0.999177 1.38172
0.545034 -0.836815 -0.0517645 164.141 0.837821 0.545931 -0.00390114 138.091 0.0315244 -0.0412432 0.998652 1.34622
0.543377 -0.837605 -0.0561988 164.409 0.838642 0.544617 -0.00846006 138.513 0.037693 -0.0425337 0.998384 1.31066
0.540046 -0.839717 -0.0567917 164.794 0.840397 0.541682 -0.0177285 139.147 0.0456499 -0.0381533 0.998229 1.29617
0.53678 -0.842026 -0.0534725 165.116 0.842552 0.538295 -0.0185834 139.682 0.0444317 -0.0350782 0.998396 1.28765
0.533942 -0.843866 -0.0528738 165.405 0.844711 0.535123 -0.01032 140.183 0.0370027 -0.0391528 0.998548 1.28168
0.530412 -0.846501 -0.0458216 165.783 0.847465 0.530842 0.00320479 140.853 0.0216112 -0.040532 0.998944 1.28956
0.527006 -0.849146 -0.0348725 166.114 0.849814 0.526967 0.0110573 141.418 0.00898743 -0.0354624 0.999331 1.28686
0.524064 -0.851143 -0.0301874 166.424 0.851664 0.523935 0.0126914 141.948 0.00501404 -0.0323606 0.999464 1.26817
