0.480565 -0.87665 0.0232865 0.687383 0.876925 0.48061 -0.00401009 0.55236 -0.0076763 0.0223477 0.999721 0
0.477284 -0.878556 0.0184031 1.48391 0.878745 0.477243 -0.00686302 2.09038 -0.00275319 0.0194472 0.999807 0
0.474329 -0.880248 0.0132121 2.29064 0.880347 0.474292 -0.00604466 3.66802 -0.00094558 0.0144984 0.999894 0
0.471519 -0.881732 0.0147828 3.11849 0.881847 0.471523 -0.00340713 5.27388 -0.00396623 0.0146427 0.999885 0
0.468958 -0.883093 0.0150211 3.95423 0.883212 0.468959 -0.0036732 6.89847 -0.0038005 0.0149894 0.99988 0
0.467262 -0.883958 0.016851 4.80065 0.88411 0.467258 -0.00440531 8.53862 -0.00397967 0.0169566 0.999848 0
0.467689 -0.8837 0.0184801 5.65577 0.883817 0.467821 0.00335548 10.2054 -0.0116106 0.0147637 0.999824 0
0.470097 -0.882356 0.021373 6.52613 0.882479 0.470312 0.00615442 11.8824 -0.0154824 0.015968 0.999753 0
0.472197 -0.881337 0.0166164 7.40325 0.881456 0.472266 0.000316469 13.5698 -0.0081263 0.0144972 0.999862 0
0.474016 -0.880337 0.0177972 8.29934 0.8805 0.474035 -0.00340212 15.2772 -0.00544148 0.0172831 0.999836 0
0.472828 -0.880752 0.026643 9.21115 0.881039 0.47304 0.00194494 17.0091 -0.0143162 0.0225539 0.999643 0
0.470705 -0.881635 0.0340171 10.132 0.882231 0.470771 -0.00652687 18.7391 -0.01026 0.0330832 0.9994 0
0.467851 -0.883298 0.0300035 11.048 0.883797 0.467738 -0.0111058 20.5114 -0.004224 0.0317128 0.999488 0
0.465798 -0.884386 0.0298722 12.0047 0.884841 0.465865 -0.00510241 22.3858 -0.0094039 0.0288088 0.999541 0
0.463646 -0.885495 0.0305236 12.95 0.885931 0.463814 -0.00173826 24.2393 -0.0126181 0.0278478 0.999533 0
0.462932 -0.885929 0.0286987 13.8775 0.886209 0.463255 0.00543462 26.0824 -0.0181095 0.0229172 0.999573 0
0.46288 -0.885992 0.0275842 14.794 0.886261 0.463164 0.00460866 27.9021 -0.0168592 0.0223135 0.999609 0
0.462366 -0.886363 0.0240424 15.6975 0.886582 0.462561 0.00300532 29.6981 -0.0137849 0.019926 0.999706 0
0.460352 -0.88733 0.0268639 16.6016 0.887589 0.460616 0.00431695 31.4815 -0.0162045 0.0218567 0.99963 0
0.459651 -0.887864 0.0204658 17.4779 0.888053 0.45974 -0.000399461 33.2451 -0.00905427 0.0183583 0.99979 0
0.458886 -0.888239 0.0213241 18.3627 0.888427 0.459015 0.00132014 35.0022 -0.0109607 0.0183392 0.999772 0
0.458249 -0.888417 0.0268981 19.2429 0.888697 0.458485 0.00300996 36.7438 -0.0150065 0.022525 0.999634 0
0.457725 -0.888543 0.0313008 20.1201 0.889006 0.45789 -0.00209638 38.4633 -0.0124696 0.0287862 0.999508 0
0.455556 -0.889412 0.0376093 20.9914 0.890038 0.455886 0.000222033 40.1799 -0.017343 0.0333726 0.999292 0
0.454281 -0.889879 0.0417669 21.8435 0.890507 0.45492 0.00677397 41.8982 -0.0250286 0.0341164 0.999104 0
0.45201 -0.891361 0.0341054 22.6794 0.891895 0.452241 -0.00105802 43.5713 -0.0144808 0.0308967 0.999418 0
0.450045 -0.892618 0.0263001 23.4928 0.892959 0.450128 -0.00301713 45.2123 -0.00914528 0.0248428 0.99965 0
0.447878 -0.893798 0.0230344 24.282 0.893989 0.448072 0.00382902 46.8175 -0.0137435 0.0188776 0.999727 0
0.445318 -0.895111 0.0216298 25.0441 0.89527 0.445503 0.00440796 48.3706 -0.0135817 0.0174016 0.999756 0
0.442482 -0.896522 0.0213889 25.7802 0.89665 0.442695 0.00631708 49.8785 -0.0151322 0.0163832 0.999751 0
0.439833 -0.897828 0.0212625 26.4907 0.897899 0.440096 0.009632 51.3425 -0.0180054 0.0148552 0.999728 0
0.436914 -0.899266 0.020642 27.1766 0.89917 0.437262 0.0171682 52.7639 -0.0244647 0.0110597 0.99964 0
0.434618 -0.900536 0.0119226 27.8157 0.90051 0.434731 0.00955262 54.1105 -0.0137856 0.00658466 0.999883 0
0.432221 -0.901735 0.00770757 28.7087 0.901725 0.432268 0.00607215 56.006 -0.00880721 0.00432559 0.999952 0
0.42986 -0.902784 0.0141517 29.5381 0.902884 0.429881 -0.00172662 57.7261 -0.00452479 0.0135196 0.999898 0
0.436694 -0.899553 0.0101459 30.2913 0.899609 0.436682 -0.00348129 59.3102 -0.00129891 0.0106476 0.999942 0
0.452154 -0.891609 0.0243031 31.0384 0.891845 0.452336 0.00226452 60.763 -0.0130122 0.0206507 0.999702 0
0.489774 -0.871752 0.0130602 31.7353 0.871736 0.489897 0.00877715 62.0969 -0.0140496 0.00708621 0.999876 0
0.580416 -0.81404 0.0213811 32.7621 0.814039 0.580705 0.0110241 63.6225 -0.0213902 0.0110065 0.999711 0
0.710393 -0.703498 0.0208086 33.9386 0.703373 0.710682 0.0140418 64.8801 -0.0246667 0.004661 0.999685 0
0.854501 -0.519177 0.0168189 35.2777 0.519048 0.854666 0.0116326 65.7518 -0.020414 -0.00121026 0.999791 0
0.957908 -0.286232 0.021983 36.7351 0.286058 0.958152 0.0107739 66.201 -0.0241469 -0.00403206 0.9997 0
0.998427 0.0513614 0.0225048 38.9927 -0.0516055 0.998613 0.0104046 66.1903 -0.0219392 -0.0115496 0.999693 0
0.970272 0.241178 0.0201108 40.8576 -0.241197 0.970475 -0.00154721 65.7214 -0.0198902 -0.00334945 0.999797 0
0.941521 0.336934 0.00383876 42.3834 -0.336915 0.941523 -0.00477382 65.1482 -0.00522274 0.00320131 0.999981 0
0.91649 0.400022 0.00527562 44.0513 -0.400023 0.916505 -0.000873649 64.4093 -0.00518461 -0.00130968 0.999986 0
0.901426 0.432916 0.0038176 45.3833 -0.432865 0.901407 -0.00966894 63.7174 -0.00762704 0.00706333 0.999946 0
0.892315 0.451414 -0.000414951 46.8263 -0.451379 0.892233 -0.0132829 62.9376 -0.00562584 0.0120398 0.999912 0
0.885608 0.464423 -0.00316325 48.4058 -0.464408 0.885466 -0.0165855 62.0597 -0.00490176 0.0161573 0.999857 0
0.881764 0.471659 -0.00544905 50.112 -0.471651 0.881479 -0.0232392 61.0787 -0.00615774 0.0230615 0.999715 0
0.884037 0.467319 -0.00953922 51.9468 -0.467379 0.883523 -0.03073 60.0211 -0.0059326 0.0316249 0.999482 0
0.88752 0.460681 -0.00907652 53.2578 -0.46071 0.886911 -0.0336883 59.2938 -0.00746949 0.0340807 0.999391 0
0.891152 0.45368 -0.00465068 54.637 -0.453572 0.8906 -0.0332324 58.5608 -0.010935 0.0317246 0.999437 0
0.894754 0.446551 -0.0026992 56.0579 -0.44642 0.894306 -0.0304281 57.8258 -0.0111738 0.0284306 0.999533 0
0.896887 0.4422 -0.0073302 57.5032 -0.442255 0.896671 -0.0197674 57.0987 -0.00216837 0.020971 0.999778 0
0.896771 0.442427 -0.0077292 58.9636 -0.442494 0.896664 -0.0138651 56.3594 0.000796214 0.0158539 0.999874 0
0.896665 0.442693 -0.00372975 60.427 -0.442701 0.896569 -0.013429 55.6146 -0.00260096 0.0136925 0.999903 0
0.8966 0.442841 -0.000802178 61.8848 -0.442823 0.896545 -0.0106759 54.8661 -0.00400853 0.00992723 0.999943 0
0.896104 0.443845 0.000117462 63.3369 -0.443839 0.896093 -0.00494368 54.1268 -0.00229949 0.00437792 0.999988 0
0.893168 0.449705 0.00407367 64.7853 -0.449707 0.893176 -0.000547683 53.3842 -0.0038848 -0.00134278 0.999992 0
0.888063 0.459598 0.0106591 66.2264 -0.459634 0.888108 0.00111529 52.6255 -0.00895388 -0.00588975 0.999943 0
0.880521 0.473882 0.0108824 67.6391 -0.473936 0.880555 0.0028671 51.8463 -0.00822384 -0.00768208 0.999937 0
0.87068 0.491739 0.010435 69.0233 -0.491781 0.870717 0.00175286 51.039 -0.00822397 -0.00665791 0.999944 0
0.859634 0.510755 0.0125957 70.3789 -0.510804 0.859697 0.000765655 50.2126 -0.0104374 -0.00709211 0.99992 0
0.84805 0.529776 0.0121735 71.6995 -0.529824 0.848107 0.000893767 49.3642 -0.00985092 -0.00720776 0.999925 0
0.836642 0.547649 0.0105071 72.9847 -0.547695 0.836676 0.00194065 48.5008 -0.00772822 -0.00737831 0.999943 0
0.825912 0.563726 0.0090735 74.2258 -0.563761 0.825937 0.0015821 47.6252 -0.00660227 -0.00642196 0.999958 0
0.81544 0.578779 0.00848566 75.4271 -0.578801 0.815469 8.59599e-05 46.7439 -0.00687004 -0.0049816 0.999964 0
0.807808 0.589382 0.00867291 76.5872 -0.58936 0.807854 -0.00509857 45.8595 -0.0100114 -0.0009928 0.999949 0
0.803554 0.595168 0.00872433 77.7156 -0.595077 0.803593 -0.0110433 44.9851 -0.0135834 0.00368226 0.999901 0
0.802159 0.597064 0.00737066 79.3216 -0.596961 0.802174 -0.0123962 43.7398 -0.0133139 0.00554377 0.999896 0
0.811067 0.584934 0.00477193 80.8174 -0.584857 0.811055 -0.0115412 42.6093 -0.0106212 0.00656983 0.999922 0
0.834152 0.551519 0.00416128 82.2126 -0.551471 0.834147 -0.00890796 41.6422 -0.00838402 0.00513577 0.999952 0
0.871652 0.490125 -0.000804 83.5841 -0.490126 0.87165 -0.00188358 40.8397 -0.000222385 0.00203589 0.999998 0
0.920583 0.390519 0.00465931 85.002 -0.390511 0.920595 -0.00258072 40.1876 -0.00529715 0.000556252 0.999986 0
0.979909 0.198713 0.0171003 86.9548 -0.198769 0.980045 0.00164964 39.6749 -0.0164312 -0.0050155 0.999852 0
0.998233 -0.059423 -0.00021208 88.8505 0.0594216 0.998224 -0.00423819 39.6498 0.00046355 0.0042181 0.999991 0
0.945643 -0.325204 -0.00100281 90.6394 0.325193 0.94563 -0.00584929 40.1547 0.00285049 0.00520523 0.999982 0
0.835033 -0.549892 0.0183836 92.2414 0.549886 0.835219 0.00581752 41.1343 -0.0185533 0.00525106 0.999814 0
0.733915 -0.679172 0.00974195 93.6565 0.678953 0.733946 0.0185945 42.4492 -0.0197789 -0.00703245 0.99978 0
0.69637 -0.717566 0.012937 94.701 0.717434 0.69649 0.013806 43.5161 -0.0189172 -0.000332619 0.999821 0
0.682447 -0.730926 -0.00361035 95.7617 0.730801 0.68222 0.0224837 44.687 -0.0139709 -0.0179824 0.999741 0
0.686464 -0.727103 -0.00938817 96.9101 0.72716 0.686364 0.01191 45.894 -0.00221612 -0.0150025 0.999885 0
0.696815 -0.717082 -0.0155479 98.1385 0.717249 0.696608 0.0170418 47.1848 -0.00138954 -0.0230267 0.999734 0
0.705561 -0.708649 -0.00018847 99.4893 0.708453 0.705359 0.0237199 48.5263 -0.0166762 -0.0168694 0.999719 0
0.708178 -0.706029 0.00256894 100.906 0.705971 0.708158 0.0108213 49.911 -0.00945941 -0.00584984 0.999938 0
0.704315 -0.709869 -0.00505805 102.377 0.709887 0.70429 0.00596045 51.3871 -0.000668811 -0.00778868 0.999969 0
0.701173 -0.71297 0.00553636 103.413 0.712838 0.701162 0.0152713 52.4295 -0.0147699 -0.00676132 0.999868 0
0.698437 -0.715663 -0.00355265 104.447 0.715603 0.698292 0.017337 53.5065 -0.00992669 -0.0146511 0.999843 0
0.692861 -0.721018 -0.00872216 105.514 0.72107 0.692791 0.00991408 54.608 -0.0011056 -0.0131584 0.999913 0
0.687464 -0.726214 -0.00261907 106.615 0.726208 0.68743 0.0079381 55.7508 -0.00396433 -0.00735914 0.999965 0
0.684879 -0.728648 0.00373273 107.746 0.728595 0.684878 0.00951302 56.9409 -0.00948811 -0.00379561 0.999948 0
0.683894 -0.72953 0.00862039 108.897 0.72948 0.683948 0.00856963 58.1545 -0.0121477 0.000427686 0.999926 0
0.684698 -0.728824 -0.00182606 110.039 0.72879 0.684637 0.0116759 59.3913 -0.00725946 -0.00932525 0.99993 0
0.687103 -0.726438 -0.0133172 111.195 0.726532 0.6868 0.0213873 60.6467 -0.00639032 -0.0243706 0.999683 0
0.691292 -0.722424 -0.0147982 112.377 0.722524 0.690855 0.0260375 61.9 -0.0085867 -0.0286916 0.999551 0
0.693529 -0.72035 -0.0106609 113.586 0.720402 0.693297 0.0189984 63.1568 -0.00629433 -0.0208561 0.999763 0
0.694905 -0.719087 -0.00456677 114.803 0.719075 0.694812 0.0129308 64.4097 -0.00612531 -0.0122695 0.999906 0
0.696309 -0.717729 -0.00431309 116.008 0.717623 0.696072 0.0223875 65.6787 -0.0130659 -0.0186838 0.99974 0
0.697919 -0.716149 -0.00639375 117.206 0.716053 0.697604 0.0248192 66.9109 -0.013314 -0.0219001 0.999672 0
0.69799 -0.715968 -0.0141238 118.404 0.71602 0.698077 -0.00181559 68.083 0.0111594 -0.00884568 0.999899 0
0.696416 -0.717614 0.0058805 119.621 0.717457 0.696401 0.016788 69.3053 -0.0161425 -0.00747242 0.999842 0
0.694823 -0.719057 0.0133444 120.814 0.718586 0.694884 0.0277578 70.5122 -0.0292322 -0.00969763 0.999526 0
0.693442 -0.720485 -0.00626794 121.972 0.720499 0.69335 0.0121499 71.6784 -0.00440793 -0.0129413 0.999907 0
0.690135 -0.723677 -0.00226695 123.139 0.723654 0.690079 0.0107228 72.863 -0.00619546 -0.00904065 0.99994 0
0.68406 -0.729413 -0.0043834 124.274 0.729423 0.684026 0.00715087 74.0485 -0.00221758 -0.00808898 0.999965 0
0.68005 -0.733051 -0.0129808 125.384 0.733165 0.679909 0.0139196 75.2493 -0.00137798 -0.0189831 0.999819 0
0.677612 -0.735358 -0.00947762 126.505 0.735371 0.677363 0.020222 76.4475 -0.00845059 -0.0206722 0.999751 0
0.674779 -0.737967 -0.0087657 127.614 0.737999 0.674625 0.0154428 77.6351 -0.0054827 -0.0168895 0.999842 0
0.66664 -0.745359 -0.00556148 128.707 0.74538 0.666615 0.00574431 78.8211 -0.000574209 -0.0079748 0.999968 0
0.656858 -0.754005 0.00365328 129.785 0.75389 0.65683 0.0149625 80.051 -0.0136814 -0.00707409 0.999881 0
0.650338 -0.759597 0.00849391 130.833 0.759184 0.650292 0.027575 81.2991 -0.0264695 -0.0114847 0.999584 0
0.641802 -0.766867 -0.00232575 131.854 0.766783 0.64168 0.0170475 82.5303 -0.0115808 -0.0127245 0.999852 0
0.631631 -0.775265 -0.00238205 132.883 0.775252 0.631594 0.00853822 83.782 -0.00511489 -0.0072397 0.999961 0
0.619425 -0.784982 -0.0107686 133.886 0.785014 0.619193 0.0187637 85.0795 -0.00806135 -0.0200762 0.999766 0
0.604769 -0.796231 -0.0164353 134.88 0.796401 0.604651 0.0119505 86.368 0.000422266 -0.0203164 0.999794 0
0.591972 -0.805822 -0.0148115 135.857 0.80592 0.591666 0.0205886 87.7008 -0.00782725 -0.0241247 0.999678 0
0.579275 -0.815044 -0.0119648 136.807 0.814943 0.578763 0.0300314 89.0571 -0.0175522 -0.0271471 0.999477 0
0.570413 -0.82128 -0.0113484 137.744 0.82116 0.569917 0.029825 90.4123 -0.018027 -0.0263314 0.999491 0
0.5638 -0.82548 -0.026702 138.647 0.825887 0.563242 0.025871 91.776 -0.00631631 -0.0366389 0.999309 0
0.55894 -0.828737 -0.027945 139.556 0.829165 0.558246 0.0291214 93.1596 -0.00853377 -0.0394481 0.999185 0
0.554379 -0.831986 -0.021538 140.468 0.831852 0.553104 0.0457986 94.5669 -0.026191 -0.0433062 0.998719 0
0.546113 -0.837544 -0.0167311 141.371 0.837561 0.545528 0.0298439 95.935 -0.0158683 -0.0303114 0.999415 0
0.534517 -0.844957 -0.0184232 142.25 0.845099 0.534094 0.0234955 97.3247 -0.010013 -0.0281281 0.999554 0
0.521929 -0.852946 -0.00859364 143.128 0.85276 0.521529 0.028426 98.7467 -0.019764 -0.0221647 0.999559 0
0.51174 -0.859131 0.00403089 144.004 0.858834 0.511677 0.0243098 100.185 -0.0229478 -0.00897842 0.999696 0
0.500526 -0.865702 0.00573945 144.848 0.86569 0.500554 0.0052588 101.619 -0.00742546 0.00233641 0.99997 0
0.488948 -0.872196 0.0143234 145.689 0.872282 0.489004 0.000489937 103.077 -0.00743152 0.0122545 0.999897 0
0.479777 -0.877323 0.0109338 146.49 0.876904 0.479888 0.0273332 104.597 -0.0292271 -0.00352594 0.999567 0
0.474836 -0.880064 0.00415049 147.277 0.879907 0.474833 0.0172775 106.083 -0.0171761 -0.00455196 0.999842 0
0.470778 -0.882171 -0.0119553 148.048 0.882244 0.470676 0.0104341 107.584 -0.00357755 -0.0154597 0.999874 0
0.46793 -0.883765 -0.000426437 148.859 0.883621 0.467845 0.0183311 109.101 -0.0160008 -0.00895446 0.999832 0
0.466708 -0.88441 0.001432 149.654 0.884161 0.466614 0.0230248 110.627 -0.0210315 -0.00947974 0.999734 0
0.46319 -0.886257 0.0016607 150.45 0.886257 0.463192 0.00141763 112.123 -0.00202561 0.000815173 0.999998 0
0.460148 -0.887785 0.0100835 151.252 0.887842 0.460131 -0.00409455 113.633 -0.00100464 0.0108366 0.999941 0
0.457335 -0.88923 0.0106718 152.027 0.889148 0.457445 0.0126955 115.164 -0.016171 0.00368274 0.999862 0
0.456528 -0.889679 0.00734032 152.798 0.889689 0.456557 0.00293701 116.653 -0.00596427 0.00518978 0.999969 0
0.45591 -0.890026 -0.000249172 153.551 0.889986 0.455887 0.0095805 118.159 -0.0084133 -0.00458961 0.999954 0
0.454811 -0.890582 -0.00324869 154.306 0.890472 0.454689 0.0178245 119.657 -0.014397 -0.0109996 0.999836 0
0.453837 -0.891061 -0.00641902 155.047 0.891002 0.453686 0.0168648 121.142 -0.0121154 -0.0133732 0.999837 0
0.451892 -0.891984 -0.0125562 155.769 0.892058 0.451758 0.0121378 122.603 -0.00515431 -0.0166858 0.999847 0
0.457095 -0.88932 -0.0131985 156.415 0.88941 0.456976 0.0111262 123.867 -0.00386334 -0.0168246 0.999851 0
0.462457 -0.886534 -0.0138086 157.059 0.886638 0.462354 0.0101044 125.127 -0.00257346 -0.0169161 0.999854 0
0.470467 -0.882294 -0.0147476 158.025 0.882417 0.470389 0.00858653 127.017 -0.000638715 -0.0170532 0.999854 0
0.478438 -0.877981 -0.0157153 158.991 0.87812 0.478387 0.00708641 128.908 0.00129627 -0.0171903 0.999851 0
0.486366 -0.873595 -0.0167111 159.957 0.873749 0.486345 0.0056049 130.798 0.00323094 -0.0173273 0.999845 0
0.494251 -0.869139 -0.0177346 160.922 0.869304 0.49426 0.00414261 132.687 0.00516499 -0.0174642 0.999834 0
0.510574 -0.859831 -0.0021278 161.902 0.8598 0.51053 0.0101454 134.376 -0.00763702 -0.00700946 0.999946 0
0.519461 -0.854491 0.00233295 162.893 0.854422 0.51945 0.0116316 136.01 -0.0111509 -0.00404883 0.99993 0
0.518613 -0.854998 0.00433464 163.894 0.854816 0.518597 0.0186499 137.686 -0.0181935 -0.00596675 0.999817 0
0.516281 -0.856244 -0.0173141 164.866 0.856413 0.516246 0.00678907 139.38 0.00312524 -0.0183331 0.999827 0
0.506422 -0.862178 -0.0136498 165.876 0.862247 0.506185 0.0175089 141.131 -0.00818642 -0.0206364 0.999754 0
0.496238 -0.868134 0.00951218 166.908 0.867614 0.496279 0.0308759 142.925 -0.0315251 -0.00706888 0.999478 0
0.488899 -0.872335 0.0031153 167.919 0.872267 0.4889 0.0112875 144.627 -0.0113696 -0.00280108 0.999931 0
0.484847 -0.874227 0.0255255 168.984 0.874283 0.485249 0.0127091 146.377 -0.0234969 0.0161546 0.999593 0
0.482197 -0.87536 0.0350832 170.026 0.875955 0.48238 -0.00363236 148.133 -0.0137438 0.0324828 0.999378 0
0.480512 -0.87597 0.0422386 170.713 0.876742 0.48096 0.000508539 149.326 -0.0207606 0.036788 0.999107 0
0.479536 -0.87643 0.0437582 171.722 0.877387 0.479741 -0.00637946 151.096 -0.0154014 0.041452 0.999022 0
0.480078 -0.876568 0.0339564 172.688 0.877226 0.479722 -0.0184972 152.833 -7.55899e-05 0.0386675 0.999252 0
0.478478 -0.876823 0.0473222 173.634 0.877889 0.478849 -0.00388655 154.517 -0.0192524 0.0434032 0.998872 0
0.471443 -0.880091 0.0564052 174.503 0.881526 0.472135 -0.00119875 156.071 -0.0255758 0.0502877 0.998407 0
0.443445 -0.894325 0.0594947 175.251 0.896186 0.443477 -0.0133971 157.488 -0.0144032 0.0592592 0.998139 0
0.384614 -0.920902 0.0633366 175.876 0.923003 0.38455 -0.0136832 158.891 -0.0117552 0.0637226 0.997898 0
0.255822 -0.964952 0.0585036 176.454 0.966723 0.255434 -0.0141494 160.765 -0.00129034 0.0601765 0.998187 0
0.0130225 -0.999866 0.00989752 176.57 0.999833 0.0128941 -0.0129299 163.046 0.0128006 0.0100642 0.999867 0
-0.214881 -0.976435 -0.0200138 176.215 0.976608 -0.214994 0.00365511 164.74 -0.00787184 -0.0187603 0.999793 0
-0.425109 -0.904081 -0.0438264 175.513 0.904454 -0.426175 0.0183748 166.259 -0.03529 -0.0318277 0.99887 0
-0.6206 -0.783854 -0.0206827 174.558 0.783807 -0.620885 0.0121991 167.58 -0.0224039 -0.00864042 0.999712 0
-0.761901 -0.647359 -0.0207961 173.202 0.647383 -0.762137 0.0064647 168.782 -0.0200345 -0.00853761 0.999763 0
-0.8265 -0.562636 -0.0184011 171.98 0.562727 -0.826643 0.000336379 169.613 -0.0154004 -0.0100768 0.999831 0
-0.862623 -0.505577 -0.0165354 170.617 0.505744 -0.862647 -0.00793505 170.405 -0.0102524 -0.0152076 0.999832 0
-0.878536 -0.47742 -0.0156189 169.119 0.477635 -0.87842 -0.0155917 171.202 -0.00627616 -0.0211579 0.999756 0
-0.88192 -0.471136 -0.0157494 167.486 0.471354 -0.881808 -0.0154906 172.067 -0.00658974 -0.021085 0.999756 0
-0.881565 -0.471863 -0.0137172 165.701 0.47203 -0.881472 -0.0139658 173.002 -0.00550133 -0.0187867 0.999808 0
-0.8819 -0.471363 -0.00827967 164.419 0.471435 -0.881803 -0.0131273 173.581 -0.00111329 -0.0154803 0.99988 0
-0.881753 -0.471646 -0.00785599 163.058 0.471711 -0.881632 -0.0145938 174.217 -4.29908e-05 -0.0165739 0.999863 0
-0.881043 -0.472987 -0.00682701 161.636 0.473035 -0.880978 -0.0107437 174.923 -0.000932838 -0.012695 0.999919 0
-0.880147 -0.474676 -0.00480325 160.168 0.4747 -0.88012 -0.00702411 175.671 -0.00089326 -0.00846235 0.999964 0
-0.879673 -0.475493 -0.00902174 158.645 0.475526 -0.8797 -0.00184933 176.459 -0.00705708 -0.00591688 0.999958 0
-0.879316 -0.476048 -0.0135028 157.102 0.476055 -0.879411 0.00286212 177.263 -0.013237 -0.00391136 0.999905 0
-0.880534 -0.473928 -0.00719949 155.569 0.473942 -0.880556 -0.000262811 178.058 -0.006215 -0.00364355 0.999974 0
-0.882873 -0.469558 -0.00707624 154.022 0.469529 -0.8829 0.00543392 178.865 -0.00879916 0.00147496 0.99996 0
-0.885825 -0.46377 -0.0152042 152.466 0.463599 -0.885942 0.0135291 179.666 -0.0197444 0.00493583 0.999793 0
-0.887795 -0.460082 -0.0119912 150.933 0.459892 -0.887837 0.0156571 180.514 -0.0178498 0.00838567 0.999806 0
-0.889692 -0.456468 -0.00924673 149.395 0.456377 -0.889726 0.0103697 181.331 -0.0129605 0.00500588 0.999904 0
-0.890878 -0.454137 -0.00975475 147.833 0.454096 -0.890931 0.00624146 182.141 -0.0115253 0.00113079 0.999933 0
-0.891355 -0.453242 -0.00762703 146.268 0.453271 -0.891369 -0.00245953 182.941 -0.00568374 -0.00564942 0.999968 0
-0.890226 -0.45545 -0.00794449 144.717 0.455496 -0.890222 -0.00528669 183.739 -0.00466454 -0.00832502 0.999954 0
-0.888418 -0.458966 -0.00793602 143.188 0.458999 -0.888433 -0.00277017 184.559 -0.0057792 -0.00610369 0.999965 0
-0.886665 -0.462352 -0.00744551 141.68 0.462329 -0.886696 0.00464694 185.377 -0.00875043 0.000678009 0.999961 0
-0.884964 -0.465648 -0.00333796 140.189 0.465604 -0.884946 0.00912257 186.184 -0.00720182 0.00651897 0.999953 0
-0.883791 -0.467882 -0.000616739 138.709 0.467845 -0.883736 0.0114547 186.98 -0.00590447 0.00983499 0.999934 0
-0.88403 -0.467362 -0.00795352 137.239 0.467203 -0.884004 0.016106 187.773 -0.0145583 0.0105223 0.999839 0
-0.885846 -0.463853 -0.0108841 135.779 0.463698 -0.885881 0.0140836 188.542 -0.0161748 0.00742899 0.999842 0
-0.888837 -0.458186 -0.00588371 134.339 0.458124 -0.888838 0.00943703 189.293 -0.00955358 0.00569251 0.999938 0
-0.893128 -0.449775 -0.00492642 132.895 0.449745 -0.893136 0.00614373 190.028 -0.00716326 0.00327151 0.999969 0
-0.89733 -0.441282 -0.00833681 131.454 0.441272 -0.897368 0.00309021 190.74 -0.00884484 -0.000905867 0.99996 0
-0.900916 -0.433713 -0.0155662 130.015 0.433781 -0.901017 -0.00112754 191.416 -0.0135364 -0.00776815 0.999878 0
-0.90313 -0.428968 -0.0185015 128.592 0.429178 -0.903173 -0.00921602 192.065 -0.0127567 -0.0162637 0.999786 0
-0.904064 -0.426815 -0.0222961 127.204 0.427211 -0.903979 -0.0176815 192.695 -0.0126085 -0.0255103 0.999595 0
-0.904302 -0.42604 -0.0269817 125.206 0.426666 -0.904077 -0.0245298 193.609 -0.0139428 -0.0336946 0.999335 0
-0.902484 -0.42961 -0.0309389 123.339 0.430425 -0.9022 -0.0277237 194.478 -0.0160027 -0.0383371 0.999137 0
-0.898741 -0.437384 -0.0309931 121.599 0.438245 -0.898329 -0.0307741 195.31 -0.0143819 -0.0412405 0.999046 0
-0.894803 -0.445567 -0.028245 119.988 0.446272 -0.894472 -0.0275622 196.107 -0.0129835 -0.0372677 0.999221 0
-0.889188 -0.456563 -0.0299127 118.513 0.45733 -0.888863 -0.0277907 196.848 -0.0139 -0.0383912 0.999166 0
-0.883173 -0.468118 -0.0295145 117.192 0.468803 -0.882994 -0.0233363 197.548 -0.015137 -0.0344465 0.999292 0
-0.873886 -0.484979 -0.0334587 115.646 0.485741 -0.873871 -0.0201195 198.395 -0.019481 -0.0338344 0.999238 0
-0.862488 -0.505236 -0.0291602 114.373 0.505778 -0.862527 -0.0153456 199.155 -0.0173983 -0.0279839 0.999457 0
-0.849375 -0.527381 -0.0207766 113.03 0.52769 -0.849323 -0.0139418 200.005 -0.0102934 -0.0228054 0.999687 0
-0.838125 -0.545474 0.00201622 111.82 0.54527 -0.837904 -0.024445 200.873 0.0150235 -0.0193886 0.999699 0
-0.779743 -0.626076 -0.0054811 110.669 0.626032 -0.7795 -0.021529 201.764 0.00920628 -0.0202184 0.999753 0
-0.676852 -0.736119 0.000661601 109.723 0.736086 -0.67683 -0.00886426 202.79 0.00697294 -0.0055128 0.99996 0
-0.483985 -0.874963 -0.0140417 108.854 0.875012 -0.484082 0.0043595 204.201 -0.0106118 -0.0101767 0.999892 0
-0.203321 -0.979102 -0.00443367 108.379 0.979112 -0.20332 -0.000667922 205.985 -0.000247492 -0.00447686 0.99999 0
0.109026 -0.994005 0.00822817 108.501 0.994022 0.109069 0.0049274 208.168 -0.0057953 0.00764176 0.999954 0
0.302541 -0.953092 0.00923733 109.069 0.953136 0.302536 -0.00195245 210.131 -0.000933756 0.00939513 0.999955 0
0.395411 -0.918399 0.0139098 109.763 0.918486 0.395453 0.000327406 211.729 -0.00580138 0.0126465 0.999903 0
0.44293 -0.896336 0.019862 110.619 0.89652 0.443002 -0.00081984 213.423 -0.00806405 0.0181698 0.999802 0
0.465501 -0.88482 0.0200778 111.585 0.885028 0.465521 -0.00396867 215.226 -0.00583506 0.0196168 0.999791 0
0.47175 -0.881487 0.020807 112.279 0.881715 0.471756 -0.0049235 216.488 -0.00547585 0.0206685 0.999771 0
0.474581 -0.879934 0.0221163 113.004 0.88017 0.474654 -0.00213675 217.811 -0.0086174 0.0204802 0.999753 0
0.474788 -0.879747 0.0249332 113.765 0.880014 0.474947 0.000508494 219.194 -0.0122893 0.0217001 0.999689 0
0.471911 -0.881305 0.0245158 114.551 0.881613 0.471952 -0.00446294 220.621 -0.00763705 0.0237195 0.999689 0
0.470599 -0.882195 0.0163944 115.355 0.882344 0.470466 -0.0114425 222.096 0.0023815 0.0198504 0.9998 0
0.470532 -0.882218 0.0170827 116.187 0.882377 0.470514 -0.00529489 223.631 -0.00336638 0.0175648 0.99984 0
0.470648 -0.881915 0.0267536 117.049 0.882114 0.470978 0.00739866 225.214 -0.0191254 0.0201176 0.999615 0
0.469408 -0.882506 0.028987 117.931 0.882915 0.469523 -0.00311212 226.818 -0.0108636 0.0270539 0.999575 0
0.467529 -0.883618 0.0252047 118.825 0.883976 0.467283 -0.0152755 228.464 0.00171995 0.0294221 0.999566 0
0.466187 -0.884387 0.0230096 119.738 0.884685 0.46599 -0.013597 230.172 0.00130273 0.0266949 0.999643 0
0.465966 -0.884385 0.0271831 120.676 0.88472 0.466122 -0.000638478 231.931 -0.012106 0.0243469 0.99963 0
0.467069 -0.883702 0.0302945 121.646 0.884098 0.467301 0.000628198 233.699 -0.0147118 0.0264899 0.999541 0
0.46722 -0.883683 0.0284524 122.624 0.884119 0.467193 -0.0079988 235.482 -0.00622433 0.0288925 0.999563 0
0.46633 -0.884127 0.0292493 123.614 0.884598 0.466248 -0.00999609 237.299 -0.00479959 0.0305353 0.999522 0
0.463529 -0.885436 0.0338053 124.618 0.886012 0.463634 -0.00513625 239.146 -0.0111255 0.0323327 0.999415 0
0.460533 -0.886994 0.033937 125.616 0.887633 0.460373 -0.0128502 240.996 -0.00422562 0.0360415 0.999341 0
0.458285 -0.888292 0.0302068 126.613 0.888803 0.457944 -0.0177795 242.856 0.00196033 0.034996 0.999386 0
0.455683 -0.88963 0.0301806 127.611 0.890135 0.455551 -0.0115109 244.74 -0.00350834 0.0321101 0.999478 0
0.453183 -0.890875 0.0311115 128.606 0.891339 0.453329 -0.00257761 246.623 -0.0118074 0.0288991 0.999513 0
0.452474 -0.891307 0.0289749 129.587 0.891696 0.452634 -0.00113267 248.487 -0.0121055 0.0263493 0.999579 0
0.452978 -0.891118 0.0268205 130.56 0.891495 0.452991 -0.00594587 250.332 -0.00685097 0.0266037 0.999623 0
0.452841 -0.891236 0.0251599 131.53 0.891591 0.452696 -0.0115135 252.168 -0.00112856 0.0276461 0.999617 0
0.453648 -0.890838 0.0247417 132.49 0.891163 0.45364 -0.00622457 254.002 -0.00567875 0.0248726 0.999674 0
0.454389 -0.89051 0.0228459 133.436 0.890763 0.454464 -0.0021297 255.827 -0.00848613 0.021318 0.999737 0
0.455363 -0.89 0.0233519 134.38 0.890146 0.455622 0.00700753 257.657 -0.0168763 0.0175956 0.999703 0
0.456398 -0.889623 0.0164622 135.32 0.889682 0.45654 0.00605788 259.479 -0.0129049 0.0118813 0.999846 0
0.457365 -0.889237 0.00868895 136.26 0.889263 0.457394 0.00159577 261.294 -0.00539329 0.00699691 0.999961 0
0.458257 -0.888816 0.00249706 137.2 0.888815 0.458262 0.00197577 263.111 -0.0029004 0.00131401 0.999995 0
0.458121 -0.888884 0.00315083 138.151 0.888867 0.458132 0.00554635 264.933 -0.00637356 0.000259772 0.99998 0
0.457393 -0.889248 0.0054202 139.125 0.889219 0.457422 0.00734647 266.75 -0.00901216 0.00145952 0.999958 0
0.458241 -0.888815 0.00473584 140.102 0.888786 0.458265 0.00730331 268.581 -0.00866156 0.000862467 0.999962 0
0.459574 -0.888124 0.00532193 141.088 0.888099 0.459602 0.00682182 270.426 -0.00850459 0.00159127 0.999963 0
0.460496 -0.887648 0.00488381 142.08 0.887609 0.460522 0.00832303 272.295 -0.00963703 0.000502193 0.999953 0
0.461412 -0.887183 0.00216944 143.076 0.887176 0.461417 0.0036428 274.173 -0.00423285 0.00024384 0.999991 0
0.461401 -0.887186 0.00314784 144.08 0.887185 0.461409 0.00226964 276.08 -0.00346603 0.0017455 0.999992 0
0.461909 -0.886908 0.00585589 145.082 0.886854 0.461946 0.00983695 278.004 -0.0114296 0.000649539 0.999934 0
0.462604 -0.886526 0.00824882 146.083 0.886431 0.462676 0.0130784 279.927 -0.0154109 0.0012619 0.99988 0
0.462647 -0.886466 0.0116945 147.083 0.886429 0.462758 0.00988337 281.832 -0.014173 0.00579381 0.999883 0
0.46232 -0.886625 0.0124985 148.079 0.886661 0.4624 0.00427769 283.727 -0.00957202 0.00910431 0.999913 0
0.461959 -0.886723 0.017791 149.074 0.886795 0.462121 0.00620934 285.625 -0.0137276 0.0129085 0.999822 0
0.461429 -0.88682 0.0251537 150.054 0.886967 0.461751 0.00866389 287.529 -0.019298 0.0183127 0.999646 0
0.46117 -0.886899 0.027068 151.024 0.887231 0.461326 -0.000532527 289.404 -0.0120149 0.0242612 0.999633 0
0.460439 -0.887217 0.0290337 151.99 0.88762 0.460571 -0.00235667 291.258 -0.0112812 0.026856 0.999576 0
0.458493 -0.888015 0.0348438 152.936 0.88855 0.45878 0.000270503 293.079 -0.0162258 0.0308364 0.999393 0
0.456576 -0.88877 0.0403215 153.868 0.889447 0.457032 0.00239602 294.865 -0.0205577 0.0347699 0.999184 0
0.45478 -0.889611 0.0420368 154.781 0.890427 0.455123 -0.00158294 296.622 -0.0177237 0.0381506 0.999115 0
0.453086 -0.890579 0.0397707 155.664 0.891334 0.453338 -0.00293218 298.352 -0.0154183 0.0367775 0.999205 0
0.451808 -0.891246 0.039374 156.522 0.891965 0.452102 -0.00158739 300.041 -0.0163863 0.0358374 0.999223 0
0.451037 -0.891778 0.0360273 157.352 0.892355 0.451334 0.000135891 301.693 -0.0163815 0.0320879 0.999351 0
0.45158 -0.891575 0.0342038 158.157 0.892132 0.451769 -0.00242336 303.285 -0.0132916 0.0316087 0.999412 0
0.454048 -0.890342 0.0336472 158.939 0.89086 0.454276 -0.000953774 304.822 -0.0144359 0.030408 0.999433 0
0.456844 -0.888746 0.0377345 159.7 0.889396 0.457136 -0.000973295 306.284 -0.0163848 0.0340056 0.999287 0
0.459667 -0.887111 0.0417116 160.438 0.887882 0.460071 0.000110338 307.664 -0.0192882 0.0369843 0.99913 0
0.463578 -0.885013 0.0429839 161.461 0.885756 0.464138 0.00351839 309.579 -0.0230643 0.0364422 0.99907 0
0.467379 -0.883263 0.0374667 162.376 0.88398 0.467479 -0.00659035 311.294 -0.0116939 0.0362 0.999276 0
0.468184 -0.882699 0.0405786 163.21 0.883442 0.46854 -0.000818623 312.847 -0.0182901 0.0362321 0.999176 0
0.458697 -0.887847 0.036402 163.933 0.888485 0.458893 -0.00326612 314.215 -0.0138048 0.0338408 0.999332 0
0.410939 -0.911133 0.031092 164.694 0.911642 0.410922 -0.00721874 315.873 -0.00619918 0.0313113 0.99949 0
0.307832 -0.950947 0.0306603 165.258 0.951374 0.308032 0.00192919 317.536 -0.0112789 0.0285755 0.999528 0
0.0887946 -0.995725 0.0254208 165.546 0.995889 0.0892103 0.0157138 319.634 -0.0179144 0.023921 0.999553 0
-0.189661 -0.981799 0.0100009 165.275 0.981355 -0.189232 0.0336568 321.791 -0.0311517 0.0161978 0.999383 0
-0.429301 -0.902832 0.0243906 164.596 0.902611 -0.427941 0.0464774 323.56 -0.0315236 0.0419681 0.998622 0
-0.603145 -0.79703 0.030969 163.749 0.79752 -0.601955 0.0401417 324.779 -0.0133522 0.0489096 0.998714 0
-0.751775 -0.658055 0.0423952 162.633 0.659419 -0.750262 0.0476738 325.873 0.000435563 0.0637962 0.997963 0
-0.849617 -0.527332 0.0084668 161.196 0.5273 -0.849033 0.0331427 326.753 -0.0102886 0.0326232 0.999415 0
-0.895245 -0.445467 -0.00980144 159.585 0.445085 -0.895075 0.0272061 327.551 -0.0208924 0.0199936 0.999582 0
-0.90951 -0.415654 -0.00478998 157.885 0.415584 -0.909487 0.0111208 328.309 -0.00897882 0.00812383 0.999927 0
-0.91021 -0.413977 0.0118443 156.108 0.414088 -0.910191 0.00919304 329.124 0.00697488 0.0132722 0.999888 0
-0.909122 -0.416513 0.00389707 154.216 0.416529 -0.909046 0.0117808 329.992 -0.00136424 0.0123334 0.999923 0
-0.905282 -0.424805 0.00216805 152.23 0.424806 -0.905284 -0.000134572 330.893 0.00201987 0.000799175 0.999998 0
-0.90152 -0.432731 -0.00234891 150.846 0.432736 -0.901517 -0.00254177 331.547 -0.00101768 -0.00330792 0.999994 0
-0.898086 -0.439712 -0.00975588 149.405 0.439764 -0.898105 -0.00395924 332.238 -0.00702087 -0.00784602 0.999945 0
-0.895377 -0.445275 -0.00554903 147.924 0.445301 -0.895367 -0.00506081 332.974 -0.00271497 -0.00700232 0.999972 0
-0.892393 -0.45118 -0.00841625 146.381 0.451201 -0.892422 -0.000684127 333.761 -0.00720218 -0.00440793 0.999964 0
-0.889528 -0.456567 -0.0169403 144.799 0.456527 -0.889687 0.00640638 334.58 -0.0179965 -0.00203503 0.999836 0
-0.886897 -0.461608 -0.0181928 143.205 0.461567 -0.88708 0.00664136 335.419 -0.0192042 -0.002507 0.999812 0
-0.885466 -0.464554 -0.0118512 141.596 0.464567 -0.885536 0.00183128 336.269 -0.0113454 -0.00388414 0.999928 0
-0.885324 -0.464844 -0.0109972 139.969 0.464841 -0.885389 0.00294915 337.134 -0.0111077 -0.00250099 0.999935 0
-0.886203 -0.463139 -0.0121295 138.334 0.463111 -0.886285 0.00520464 337.999 -0.0131607 -0.00100493 0.999913 0
-0.887298 -0.460938 -0.0154657 136.702 0.460959 -0.887418 0.0023912 338.852 -0.0148268 -0.00500735 0.999878 0
-0.888164 -0.45923 -0.0165271 135.077 0.45926 -0.888299 0.00213195 339.702 -0.0156601 -0.00569671 0.999861 0
-0.889416 -0.456842 -0.0152943 133.46 0.456909 -0.889513 -0.00101724 340.544 -0.0131398 -0.00789286 0.999883 0
-0.892258 -0.451276 -0.0150252 131.841 0.451333 -0.892355 -0.000461254 341.383 -0.0131997 -0.00719294 0.999887 0
-0.89556 -0.444349 -0.022937 130.214 0.44446 -0.895799 0.000292638 342.202 -0.020677 -0.00993252 0.999737 0
-0.898192 -0.439001 -0.0229914 128.592 0.439271 -0.898318 -0.00811046 342.994 -0.0170931 -0.0173842 0.999703 0
-0.900056 -0.43543 -0.0173405 126.978 0.435617 -0.900088 -0.00887743 343.79 -0.0117425 -0.015544 0.99981 0
-0.900668 -0.434025 -0.0204759 125.364 0.434271 -0.900733 -0.00941033 344.577 -0.014359 -0.0173677 0.999746 0
-0.900038 -0.43539 -0.0191595 123.761 0.435609 -0.90009 -0.00911838 345.37 -0.0132752 -0.0165529 0.999775 0
-0.897208 -0.441194 -0.0191269 122.165 0.441473 -0.897163 -0.0141605 346.157 -0.0109124 -0.0211489 0.999717 0
-0.893079 -0.449264 -0.0239047 120.576 0.449639 -0.893108 -0.0134864 346.959 -0.0152905 -0.022793 0.999623 0
-0.888259 -0.458614 -0.0258646 119.004 0.459019 -0.888339 -0.0124849 347.771 -0.0172508 -0.0229622 0.999587 0
-0.883381 -0.46801 -0.0245862 117.453 0.468361 -0.883469 -0.0109788 348.595 -0.016583 -0.0212137 0.999637 0
-0.878553 -0.477155 -0.0216346 115.918 0.477478 -0.878542 -0.0133664 349.423 -0.0126291 -0.0220731 0.999677 0
-0.873554 -0.486257 -0.0213726 114.397 0.486577 -0.873532 -0.0135909 350.262 -0.0120609 -0.0222718 0.999679 0
-0.868761 -0.494635 -0.0242804 112.888 0.495008 -0.868796 -0.0126319 351.117 -0.0148466 -0.0229931 0.999625 0
-0.864729 -0.501538 -0.0265038 111.398 0.501885 -0.864896 -0.0081781 351.986 -0.0188214 -0.0203737 0.999615 0
-0.862177 -0.506055 -0.0236366 109.956 0.50628 -0.862358 -0.00434633 352.843 -0.0181837 -0.015714 0.999711 0
-0.861109 -0.50811 -0.0177794 108.578 0.508198 -0.86124 -0.000520078 353.667 -0.015048 -0.00948328 0.999842 0
-0.860979 -0.508456 -0.0136953 107.271 0.508473 -0.861074 0.00251663 354.452 -0.0130723 -0.00479692 0.999903 0
-0.86422 -0.503002 -0.0106257 105.444 0.502936 -0.864283 0.00839325 355.54 -0.0134055 0.00190955 0.999908 0
-0.87174 -0.489842 -0.0111422 103.793 0.489674 -0.871779 0.0148454 356.493 -0.0169855 0.00748531 0.999828 0
-0.882121 -0.470978 -0.00649578 102.218 0.470871 -0.882104 0.0131839 357.349 -0.0119393 0.00857113 0.999892 0
-0.892207 -0.451582 -0.00639343 100.646 0.451489 -0.892194 0.0121263 358.159 -0.0111802 0.00793259 0.999906 0
-0.901008 -0.433799 0.00188258 99.0863 0.433802 -0.900985 0.00651672 358.927 -0.00113077 0.00668828 0.999977 0
-0.907784 -0.419421 0.00386764 97.4942 0.419426 -0.907789 0.000690428 359.671 0.00322142 0.00224895 0.999992 0
-0.913175 -0.407533 0.00525102 95.8425 0.40754 -0.913187 0.000243593 360.424 0.00469589 0.00236244 0.999986 0
-0.916022 -0.401094 0.00526198 94.1265 0.401038 -0.916015 -0.00923538 361.172 0.00852431 -0.00634955 0.999943 0
-0.916158 -0.400816 0.00111513 92.3284 0.4008 -0.91614 -0.0067963 361.966 0.00374568 -0.00577955 0.999976 0
-0.914514 -0.403596 -0.0278223 90.399 0.403813 -0.914838 -0.00242274 362.803 -0.0244751 -0.0134506 0.99961 0
-0.910567 -0.413097 -0.0147834 88.4029 0.413315 -0.910417 -0.0176315 363.685 -0.00617553 -0.0221649 0.999735 0
-0.907126 -0.420509 -0.0171905 86.9964 0.420776 -0.907005 -0.0170158 364.329 -0.00843661 -0.0226688 0.999707 0
-0.902959 -0.427781 -0.0408524 85.5159 0.428354 -0.903591 -0.00602811 365.029 -0.0343352 -0.0229424 0.999147 0
-0.900491 -0.434552 -0.0167289 84.0393 0.434796 -0.900392 -0.015697 365.742 -0.0082414 -0.0214087 0.999737 0
-0.896961 -0.441949 -0.0118883 82.4918 0.442108 -0.89658 -0.0261873 366.489 0.000914645 -0.0287449 0.999586 0
-0.891324 -0.452209 -0.0323692 80.8687 0.453087 -0.891007 -0.0286002 367.278 -0.0159079 -0.0401582 0.999067 0
-0.885033 -0.465386 -0.0114989 79.2548 0.46546 -0.884216 -0.0388508 368.111 0.0079131 -0.0397366 0.999179 0
-0.878456 -0.477821 -0.00135709 77.6034 0.477628 -0.878011 -0.0311171 369.015 0.0136769 -0.0279832 0.999515 0
-0.871852 -0.489407 -0.0188256 75.8932 0.489688 -0.871764 -0.0152718 369.961 -0.00893736 -0.0225334 0.999706 0
-0.867378 -0.497439 -0.014474 74.1871 0.497617 -0.867289 -0.013658 370.918 -0.00575909 -0.0190492 0.999802 0
-0.865995 -0.499947 -0.0102618 72.4727 0.500045 -0.865911 -0.0123766 371.905 -0.00269819 -0.0158494 0.999871 0
-0.866063 -0.499801 -0.0115712 70.7451 0.499903 -0.866037 -0.00873027 372.898 -0.00565767 -0.0133454 0.999895 0
-0.868268 -0.495762 -0.0181971 69.0017 0.495936 -0.868336 -0.00641265 373.886 -0.012622 -0.0145925 0.999814 0
-0.871477 -0.490293 -0.0118786 67.272 0.49039 -0.871472 -0.00732842 374.871 -0.00675883 -0.0122117 0.999903 0
-0.87481 -0.484459 0.00249646 65.5576 0.484449 -0.874811 -0.00384065 375.855 0.00404457 -0.00215043 0.99999 0
-0.877925 -0.478756 -0.0063663 63.821 0.478732 -0.877947 0.00491146 376.829 -0.00794066 0.00126415 0.999968 0
-0.880046 -0.474822 -0.00795431 62.0981 0.474836 -0.880075 0.00016734 377.763 -0.00707984 -0.00362972 0.999968 0
-0.882118 -0.471001 -0.00508307 60.3822 0.471029 -0.882075 -0.00871938 378.673 -0.000376804 -0.0100858 0.999949 0
-0.883963 -0.467534 -0.0045375 58.6741 0.467555 -0.883943 -0.00618172 379.594 -0.00112072 -0.00758594 0.999971 0
-0.886429 -0.462684 -0.0129223 56.9618 0.462673 -0.88652 0.00404697 380.514 -0.0133284 -0.00239145 0.999908 0
-0.889401 -0.456838 -0.0162644 55.2523 0.456798 -0.889548 0.00636163 381.412 -0.0173742 -0.0017715 0.999847 0
-0.892161 -0.451671 -0.00650341 53.5553 0.451699 -0.892163 -0.0036543 382.278 -0.00415156 -0.0061978 0.999972 0
-0.893825 -0.448319 -0.00927196 51.8476 0.448332 -0.893867 0.000768164 383.146 -0.00863228 -0.00347031 0.999957 0
-0.895053 -0.445748 -0.013724 50.1462 0.445684 -0.895158 0.00760879 384.009 -0.0156767 0.000693706 0.999877 0
-0.895374 -0.44501 -0.0164776 48.4528 0.44492 -0.895525 0.00897908 384.854 -0.0187519 0.000708413 0.999824 0
-0.894766 -0.446201 -0.017285 46.7727 0.446224 -0.894917 0.00270294 385.685 -0.0166747 -0.00529448 0.999847 0
-0.89366 -0.448522 -0.0141438 45.1087 0.448593 -0.893734 -0.00218901 386.512 -0.011659 -0.00830104 0.999898 0
-0.892474 -0.451003 -0.00934121 43.465 0.451038 -0.892502 -0.0019649 387.345 -0.00745088 -0.00596686 0.999954 0
-0.891479 -0.452712 -0.0178319 41.8263 0.452692 -0.891651 0.0053749 388.182 -0.0183331 -0.00328076 0.999827 0
-0.890407 -0.454712 -0.0202813 40.2245 0.454644 -0.890636 0.00811646 389.004 -0.0217539 -0.0019938 0.999761 0
-0.889338 -0.456971 -0.0159606 38.6641 0.456928 -0.88948 0.00646241 389.804 -0.0171498 -0.00154558 0.999852 0
-0.888544 -0.458327 -0.0206332 37.1439 0.458312 -0.888773 0.00571713 390.576 -0.0209586 -0.00437653 0.999771 0
-0.888107 -0.459283 -0.0180338 35.6911 0.45917 -0.88829 0.0101977 391.323 -0.0207029 0.000776058 0.999785 0
-0.888019 -0.459775 -0.00533057 34.324 0.459722 -0.888018 0.0088956 392.031 -0.00882363 0.00544888 0.999946 0
-0.888705 -0.45832 -0.0120974 33.0074 0.458 -0.888673 0.0222854 392.724 -0.0209645 0.0142646 0.999678 0
-0.891669 -0.452645 -0.00622 31.1938 0.452503 -0.891614 0.0163018 393.65 -0.0129248 0.0117213 0.999848 0
-0.895765 -0.444504 -0.00455202 29.5154 0.444474 -0.89577 0.00627344 394.471 -0.00686613 0.00359627 0.99997 0
-0.904222 -0.426882 -0.0124384 27.9371 0.426798 -0.904303 0.00892252 395.227 -0.015057 0.00275924 0.999883 0
-0.92395 -0.382457 -0.00665473 26.4285 0.382366 -0.923936 0.011785 395.889 -0.0106558 0.00834417 0.999908 0
-0.965949 -0.258675 -0.00543519 24.3955 0.258602 -0.965916 0.0114388 396.518 -0.00820887 0.00964376 0.99992 0
-0.998356 -0.0570232 -0.00578403 22.343 0.0569294 -0.998262 0.0152595 396.76 -0.00664412 0.0149051 0.999867 0
-0.982388 0.186467 -0.0120111 20.3268 -0.186552 -0.982425 0.00634949 396.493 -0.010616 0.00847836 0.999908 0
