0.46599 -0.884032 0.0366237 0.437588 0.884772 0.465847 -0.0128527 0.53202 -0.00569882 0.0383929 0.999246 0
0.460965 -0.886792 0.033328 1.24582 0.887413 0.460773 -0.013688 2.05835 -0.00321824 0.0358854 0.999351 0
0.458124 -0.888447 0.0280077 2.06232 0.888888 0.457921 -0.0136635 3.62027 -0.000686026 0.0311553 0.999514 0
0.455711 -0.889665 0.0287147 2.89123 0.890122 0.455584 -0.0111943 5.21203 -0.00312281 0.030661 0.999525 0
0.453072 -0.891012 0.0287089 3.7278 0.891467 0.452963 -0.0105358 6.82761 -0.00361651 0.0303665 0.999532 0
0.44958 -0.892739 0.0299005 4.5721 0.893237 0.449411 -0.0125502 8.46299 -0.00223356 0.0323506 0.999474 0
0.44912 -0.892966 0.0300312 5.42107 0.893451 0.449082 -0.0083746 10.1229 -0.00600822 0.0305926 0.999514 0
0.451025 -0.891921 0.0324626 6.28202 0.892451 0.451118 -0.00480347 11.801 -0.0103602 0.0311378 0.999461 0
0.453326 -0.890837 0.0300718 7.15674 0.891315 0.453329 -0.00713128 13.4968 -0.00727958 0.0300362 0.999522 0
0.455899 -0.889551 0.02924 8.04521 0.890027 0.455753 -0.011875 15.2092 -0.0027628 0.0314382 0.999502 0
0.458419 -0.887949 0.0374014 8.95029 0.888686 0.458434 -0.00868298 16.9396 -0.00943603 0.0372186 0.999263 0
0.457163 -0.888035 0.0489452 9.8669 0.88933 0.457044 -0.014243 18.68 -0.00972178 0.0500398 0.9987 0
0.45265 -0.890414 0.0476581 10.781 0.891677 0.452268 -0.0191455 20.4386 -0.00450679 0.0511619 0.99868 0
0.447927 -0.892824 0.0471944 11.6972 0.894046 0.447678 -0.0163047 22.221 -0.0065707 0.0494973 0.998753 0
0.445809 -0.893912 0.0466422 12.6141 0.895087 0.445684 -0.0136081 24.0153 -0.00862328 0.0478154 0.998819 0
0.444256 -0.894709 0.0461673 13.5293 0.895811 0.444347 -0.00884991 25.8096 -0.0125962 0.0452888 0.998895 0
0.443155 -0.89536 0.0440989 14.4388 0.896349 0.443291 -0.00716507 27.5985 -0.0131333 0.0427032 0.999002 0
0.445036 -0.894575 0.0409832 15.3444 0.895457 0.445052 -0.00922103 29.3778 -0.00999076 0.0408024 0.999117 0
0.443784 -0.895024 0.0445838 16.2526 0.896048 0.443882 -0.00823143 31.1462 -0.0124226 0.0436022 0.998972 0
0.44275 -0.895742 0.0402428 17.1458 0.896593 0.442762 -0.00908897 32.9045 -0.00967662 0.0401056 0.999149 0
0.442949 -0.89571 0.0387257 18.0343 0.896513 0.442894 -0.0104514 34.6499 -0.00778993 0.0393475 0.999195 0
0.445411 -0.89422 0.0444997 18.9222 0.895243 0.445495 -0.00855707 36.3827 -0.0121725 0.0436495 0.998973 0
0.447475 -0.892911 0.0497609 19.8055 0.894241 0.447375 -0.0137452 38.1 -0.00998855 0.0506488 0.998667 0
0.447036 -0.892871 0.0542278 20.6851 0.894459 0.446873 -0.0157749 39.8049 -0.010148 0.0555565 0.998404 0
0.444577 -0.89367 0.0608761 21.56 0.895564 0.444812 -0.0103808 41.5006 -0.0178015 0.0591335 0.998091 0
0.443276 -0.894575 0.0569376 22.4183 0.896277 0.443316 -0.0126079 43.1759 -0.0139626 0.0566206 0.998298 0
0.44225 -0.895551 0.0490289 23.257 0.896865 0.441997 -0.0164698 44.8186 -0.00692112 0.0512561 0.998662 0
0.442026 -0.895877 0.0449168 24.0726 0.896938 0.442041 -0.010121 46.4208 -0.0107879 0.0447613 0.998939 0
0.441951 -0.896041 0.0423041 24.8653 0.896973 0.441999 -0.0087173 47.9713 -0.0108873 0.0417983 0.999067 0
0.442756 -0.895695 0.0411926 25.6346 0.896574 0.442822 -0.00802231 49.4733 -0.0110554 0.0404841 0.999119 0
0.442278 -0.895931 0.0411993 26.3798 0.896795 0.442396 -0.00670062 50.9283 -0.0122231 0.0399109 0.999128 0
0.441007 -0.896561 0.0411112 27.0974 0.897298 0.441423 0.00116103 52.3355 -0.0191884 0.036377 0.999154 0
0.44205 -0.896316 0.0347675 27.7814 0.896843 0.442347 0.000952409 53.6812 -0.0162329 0.03076 0.999395 0
0.4455 -0.894785 0.0298405 28.7463 0.895246 0.445535 -0.00582034 55.5693 -0.00808703 0.0293075 0.999538 0
0.448584 -0.893077 0.0344238 29.6377 0.893705 0.448576 -0.00839608 57.2909 -0.00794333 0.0345311 0.999372 0
0.458053 -0.888302 0.0332649 30.4679 0.888924 0.457697 -0.0180868 58.867 0.000841338 0.0378547 0.999283 0
0.470866 -0.881316 0.0395816 31.2635 0.882184 0.470692 -0.0141874 60.3141 -0.00612715 0.0415986 0.999116 0
0.50175 -0.864579 0.0273766 32.0316 0.865 0.501665 -0.0104003 61.6476 -0.00474198 0.0288991 0.999571 0
0.583237 -0.81193 0.0245588 33.0954 0.812269 0.583217 -0.00871585 63.2146 -0.00724644 0.0250318 0.99966 0
0.704088 -0.709861 0.0189072 34.2784 0.710016 0.704182 -0.00221846 64.557 -0.0117393 0.0149864 0.999819 0
0.844421 -0.535563 0.0111831 35.613 0.535575 0.844485 0.00217214 65.5905 -0.0106073 0.0041552 0.999935 0
0.952245 -0.304905 0.0162132 37.074 0.304864 0.952383 0.00502322 66.2327 -0.0169728 0.000159485 0.999856 0
0.998635 0.0477478 0.021154 39.3764 -0.0478387 0.998848 0.00381191 66.4915 -0.0209476 -0.00481868 0.999769 0
0.966918 0.254439 0.0181746 41.2732 -0.254201 0.967043 -0.0144592 66.1587 -0.0212547 0.00936088 0.99973 0
0.934175 0.356737 0.00747047 42.8329 -0.356663 0.934183 -0.00963851 65.6587 -0.0104172 0.00633961 0.999926 0
0.904854 0.425722 -0.000731539 44.4976 -0.425714 0.904822 -0.0081067 64.9623 -0.00278929 0.00764681 0.999967 0
0.88737 0.461054 -0.00172755 45.8415 -0.461019 0.887242 -0.0162046 64.3122 -0.00593844 0.0151759 0.999867 0
0.876604 0.481149 -0.00778195 47.2923 -0.481199 0.876352 -0.0213108 63.5554 -0.00343395 0.0224258 0.999743 0
0.868886 0.494861 -0.0122338 48.8716 -0.49501 0.868539 -0.0245921 62.6986 -0.00154411 0.0274236 0.999623 0
0.864009 0.503229 -0.015745 50.5798 -0.503473 0.863469 -0.0306116 61.7454 -0.00180937 0.0343759 0.999407 0
0.865222 0.500921 -0.0216495 52.4135 -0.501388 0.864317 -0.03958 60.707 -0.0011144 0.0451003 0.998982 0
0.869313 0.493698 -0.0235854 53.7127 -0.494261 0.868232 -0.0433466 59.9824 -0.000922499 0.0493391 0.998782 0
0.874273 0.484975 -0.0211165 55.0731 -0.485424 0.873139 -0.0446312 59.24 -0.00320738 0.0492703 0.99878 0
0.879582 0.475463 -0.016423 56.4845 -0.475712 0.878575 -0.0424824 58.4878 -0.00576998 0.0451794 0.998962 0
0.88425 0.466736 -0.0161295 57.9277 -0.467011 0.883588 -0.0342497 57.7342 -0.00173369 0.0378179 0.999283 0
0.884934 0.465432 -0.0163025 59.389 -0.46571 0.884566 -0.0256441 56.9828 0.00248511 0.0302855 0.999538 0
0.885185 0.465104 -0.0112243 60.8525 -0.465238 0.88487 -0.0236295 56.2283 -0.00105813 0.0261385 0.999658 0
0.886126 0.46338 -0.0077285 62.3134 -0.463436 0.885882 -0.0210076 55.4751 -0.00288798 0.0221971 0.999749 0
0.887801 0.460197 -0.00533849 63.7717 -0.460221 0.887669 -0.0155152 54.727 -0.00240124 0.0162313 0.999865 0
0.886502 0.46272 -0.00212465 65.2265 -0.462718 0.886456 -0.00934368 53.9831 -0.0024401 0.0092663 0.999954 0
0.883227 0.46893 0.0039532 66.6741 -0.468905 0.883229 -0.00583177 53.2336 -0.00622627 0.00329711 0.999975 0
0.87767 0.479219 0.00674314 68.1052 -0.479213 0.877695 -0.0025102 52.4741 -0.00712135 -0.00102827 0.999974 0
0.868656 0.495378 0.00606751 69.513 -0.495379 0.868676 -0.00141335 51.6985 -0.00597084 -0.001778 0.999981 0
0.858624 0.512533 0.0086588 70.8943 -0.512543 0.858661 -0.00120962 50.9051 -0.00805494 -0.0033994 0.999962 0
0.848125 0.529715 0.00929105 72.2458 -0.529731 0.848165 -0.000789323 50.0936 -0.00829846 -0.00425231 0.999957 0
0.837871 0.545788 0.00930205 73.5651 -0.545818 0.837903 0.000781782 49.2675 -0.00736753 -0.00573226 0.999956 0
0.827045 0.56208 0.00787093 74.8469 -0.562104 0.827066 0.0010597 48.4311 -0.00591414 -0.0053007 0.999968 0
0.816472 0.577345 0.00681184 76.0898 -0.577363 0.816487 0.000751766 47.592 -0.00512776 -0.0045467 0.999977 0
0.807928 0.589251 0.00596137 77.2928 -0.589246 0.807949 -0.00282811 46.752 -0.00648295 -0.00122781 0.999978 0
0.803964 0.594656 0.00511477 78.456 -0.594595 0.803967 -0.00969533 45.9207 -0.00987749 0.00475348 0.99994 0
0.801568 0.597901 0.0019929 80.1207 -0.59783 0.801516 -0.0130789 44.7291 -0.00941722 0.00929219 0.999913 0
0.808161 0.58895 -0.00374177 81.6699 -0.588941 0.808062 -0.0136056 43.6363 -0.00498942 0.0131992 0.9999 0
0.829537 0.55842 -0.00599607 83.0958 -0.558449 0.829444 -0.0125761 42.6908 -0.00204937 0.0137809 0.999903 0
0.864553 0.502354 -0.0137362 84.4486 -0.502477 0.864557 -0.0076189 41.8955 0.00804834 0.0134891 0.999877 0
0.91175 0.410461 -0.0152727 85.8121 -0.410614 0.911767 -0.00872106 41.2386 0.0103455 0.0142226 0.999845 0
0.973334 0.229345 -0.00458354 87.665 -0.229381 0.973286 -0.00997725 40.6676 0.00217286 0.0107626 0.99994 0
0.999653 -0.0225066 -0.0136955 89.4938 0.022171 0.999462 -0.0241775 40.5142 0.0142323 0.0238654 0.999614 0
0.954195 -0.299085 -0.00774568 91.2342 0.298737 0.953862 -0.0300463 40.8496 0.0163747 0.0263561 0.999519 0
0.839989 -0.542137 0.0225058 92.8226 0.542562 0.839716 -0.0224459 41.6423 -0.00672968 0.0310651 0.999495 0
0.722857 -0.690539 0.0251828 94.2385 0.69088 0.722926 -0.00789515 42.8326 -0.0127534 0.0231053 0.999652 0
0.671384 -0.740358 0.033371 95.2453 0.740972 0.671447 -0.0109493 43.8863 -0.0143004 0.0320782 0.999383 0
0.651174 -0.758637 0.0210335 96.2454 0.758803 0.65132 0.000113753 45.0491 -0.0137858 0.0158862 0.999779 0
0.654553 -0.755892 0.0136824 97.3139 0.755979 0.654593 -0.00191968 46.2829 -0.00750535 0.0116002 0.999905 0
0.669554 -0.742741 0.00575002 98.4743 0.742762 0.669547 -0.00326758 47.5879 -0.00142294 0.00645872 0.999978 0
0.685966 -0.727482 0.0148621 99.746 0.727509 0.686083 0.00447653 48.949 -0.0134532 0.00774158 0.99988 0
0.69562 -0.718117 0.0205417 101.114 0.718303 0.695726 -0.00259856 50.3582 -0.0124253 0.0165627 0.999786 0
0.696995 -0.717004 0.0101561 102.556 0.717075 0.696901 -0.0114848 51.8363 0.00115683 0.0152875 0.999882 0
0.69577 -0.718015 0.0189129 103.565 0.718193 0.695831 -0.0042252 52.8677 -0.0101265 0.0165229 0.999812 0
0.694531 -0.719296 0.0155279 104.595 0.719374 0.694623 0.00078098 53.9376 -0.0113478 0.0106279 0.999879 0
0.692401 -0.721454 0.00918746 105.652 0.721504 0.6924 -0.00381875 55.0384 -0.00360634 0.00927289 0.999951 0
0.691033 -0.722692 0.0137559 106.742 0.722813 0.690998 -0.0079363 56.1729 -0.00376977 0.0154272 0.999874 0
0.689597 -0.723906 0.0204247 107.857 0.724155 0.689576 -0.00914302 57.3417 -0.00746573 0.0210957 0.99975 0
0.688093 -0.725115 0.0271454 108.993 0.725555 0.688058 -0.0120742 58.5332 -0.00992243 0.0280036 0.999559 0
0.686762 -0.726576 0.0211067 110.142 0.726835 0.686759 -0.00856355 59.7468 -0.00827312 0.0212222 0.999741 0
0.689699 -0.724032 0.00964554 111.307 0.724076 0.689718 -0.00166461 60.9749 -0.00544747 0.00813218 0.999952 0
0.697645 -0.716422 0.00548879 112.493 0.716396 0.697667 0.0062168 62.2121 -0.0082832 -0.000404975 0.999966 0
0.706198 -0.707991 0.00572168 113.702 0.707993 0.706217 0.00203072 63.437 -0.00547848 0.00261682 0.999982 0
0.709965 -0.704127 0.0124229 114.93 0.704219 0.709963 -0.0053542 64.6465 -0.00504973 0.0125497 0.999909 0
0.713373 -0.700696 0.0111353 116.155 0.700744 0.713413 -0.000597684 65.8585 -0.00752528 0.00822938 0.999938 0
0.717894 -0.696065 0.0110209 117.38 0.696009 0.717977 0.0089622 67.0645 -0.014151 0.00123674 0.999899 0
0.722338 -0.691535 0.00286613 118.605 0.691515 0.722268 -0.0116549 68.2439 0.00598962 0.0104007 0.999928 0
0.722331 -0.691476 0.00992033 119.835 0.691546 0.722285 -0.00830516 69.4214 -0.00142247 0.0128594 0.999916 0
0.721198 -0.692244 0.0259089 121.061 0.692279 0.721573 0.00905202 70.5982 -0.0249614 0.0114079 0.999623 0
0.721114 -0.692782 0.00689375 122.259 0.692799 0.72113 -8.79318e-05 71.7647 -0.00491037 0.00483939 0.999976 0
0.719608 -0.694337 0.00780156 123.459 0.694371 0.719611 -0.00298333 72.921 -0.00354265 0.007564 0.999965 0
0.71504 -0.699048 0.00705193 124.646 0.699075 0.715044 -0.00249926 74.0754 -0.00329534 0.0067169 0.999972 0
0.709757 -0.704447 -0.000369394 125.812 0.704443 0.709752 0.00353393 75.2372 -0.00222729 -0.00276845 0.999994 0
0.708158 -0.706044 -0.00373463 126.965 0.706036 0.708093 0.0108014 76.4025 -0.00498177 -0.0102859 0.999935 0
0.70764 -0.70657 -0.00206254 128.112 0.706542 0.707578 0.0115001 77.5603 -0.00666621 -0.00959519 0.999932 0
0.703146 -0.711042 -0.00219505 129.25 0.711045 0.703144 0.00199907 78.7097 0.000122011 -0.00296642 0.999996 0
0.692038 -0.72186 0.00131835 130.37 0.721849 0.692036 0.00453719 79.8734 -0.00418756 -0.00218826 0.999989 0
0.68174 -0.73155 0.00801973 131.47 0.731393 0.681769 0.0159664 81.0567 -0.0171478 -0.00501935 0.99984 0
0.671724 -0.7408 -0.00134311 132.549 0.740703 0.671605 0.0175134 82.2498 -0.0120719 -0.0127591 0.999846 0
0.659302 -0.751858 -0.00546979 133.621 0.751874 0.659254 0.00837014 83.4567 -0.00268718 -0.00963104 0.99995 0
0.644213 -0.764774 -0.0105325 134.674 0.764805 0.643975 0.0191858 84.7032 -0.00789013 -0.0204151 0.99976 0
0.626399 -0.779226 -0.0207612 135.71 0.779502 0.626152 0.0176112 85.9743 -0.000723464 -0.027215 0.999629 0
0.607663 -0.793886 -0.0221463 136.727 0.79419 0.60733 0.0202974 87.2785 -0.00266366 -0.0299224 0.999549 0
0.590125 -0.806981 -0.0231098 137.715 0.807241 0.589451 0.0301557 88.6135 -0.0107129 -0.0364508 0.999278 0
0.573594 -0.818784 -0.0241365 138.681 0.819027 0.572779 0.0334403 89.9658 -0.0135555 -0.0389496 0.999149 0
0.557931 -0.829119 -0.0356948 139.616 0.829858 0.557033 0.0324152 91.3334 -0.00699284 -0.0477071 0.998837 0
0.546306 -0.836328 -0.0458857 140.528 0.837583 0.54535 0.0323653 92.7156 -0.00204421 -0.0561144 0.998422 0
0.537596 -0.841935 -0.0462105 141.422 0.843057 0.535677 0.0480164 94.1152 -0.0156728 -0.0647715 0.997777 0
0.525918 -0.84933 -0.0452599 142.297 0.850414 0.524198 0.0448693 95.5125 -0.0143837 -0.0620872 0.997967 0
0.507053 -0.860673 -0.0462572 143.148 0.861902 0.506028 0.0325524 96.9187 -0.00460949 -0.056375 0.998399 0
0.486312 -0.872675 -0.0440422 143.965 0.873709 0.484984 0.0377352 98.3606 -0.0115709 -0.0568311 0.998317 0
0.466013 -0.884163 -0.0329816 144.757 0.884616 0.464892 0.0364583 99.831 -0.0169022 -0.0461661 0.998791 0
0.442786 -0.896048 -0.0322349 145.511 0.896577 0.442093 0.026544 101.322 -0.00953388 -0.0406544 0.999128 0
0.412864 -0.91045 -0.0249852 146.24 0.910792 0.412667 0.0128255 102.833 -0.00136641 -0.0280515 0.999606 0
0.385231 -0.922221 -0.0332577 146.91 0.922627 0.384163 0.0343278 104.389 -0.0188814 -0.0439085 0.998857 0
0.361808 -0.931368 -0.040597 147.545 0.932084 0.360572 0.034738 105.959 -0.0177157 -0.0504083 0.998572 0
0.342597 -0.937473 -0.0614065 148.141 0.939476 0.341627 0.0259836 107.544 -0.0033808 -0.0665918 0.997775 0
0.3244 -0.944159 -0.0576946 148.724 0.945878 0.323206 0.0292131 109.148 -0.00893454 -0.0640488 0.997907 0
0.310137 -0.948833 -0.0594249 149.268 0.950515 0.308266 0.0386567 110.773 -0.0183601 -0.0684731 0.997484 0
0.292478 -0.954397 -0.0598592 149.787 0.956239 0.291373 0.0266204 112.4 -0.00796511 -0.0650256 0.997852 0
0.269763 -0.961662 -0.0493448 150.281 0.962927 0.269387 0.0142468 114.036 -0.000407755 -0.0513587 0.99868 0
0.246191 -0.967774 -0.0529443 150.721 0.969108 0.24496 0.028718 115.691 -0.0148234 -0.0583789 0.998184 0
0.224807 -0.972967 -0.0528818 151.126 0.974329 0.223787 0.0245538 117.342 -0.0120558 -0.0570442 0.998299 0
0.205738 -0.976818 -0.0591433 151.489 0.978556 0.20473 0.0226892 118.995 -0.0100549 -0.062543 0.997992 0
0.188988 -0.980142 -0.0600365 151.819 0.981844 0.187594 0.0281098 120.647 -0.0162891 -0.0642589 0.9978 0
0.175387 -0.982867 -0.0566779 152.114 0.984343 0.17404 0.0279214 122.291 -0.0175788 -0.0606875 0.998002 0
0.168853 -0.984548 -0.0464164 152.378 0.985601 0.168236 0.0169288 123.918 -0.00885827 -0.0486065 0.998779 0
0.181016 -0.982462 0.0447453 152.618 0.98346 0.180533 -0.0146512 125.526 0.00631625 0.0466573 0.998891 0
0.232824 -0.949295 0.211261 152.877 0.971448 0.21682 -0.0963241 127.105 0.0456344 0.227656 0.972672 0
0.356537 -0.8609 0.362948 153.431 0.930157 0.290624 -0.224377 129.359 0.0876852 0.417598 0.904391 0
0.4966 -0.801161 0.333959 154.304 0.863261 0.415816 -0.286142 131.385 0.0903808 0.430392 0.898106 0
0.613139 -0.774355 0.156318 155.51 0.787004 0.581609 -0.205806 133.116 0.0684509 0.24921 0.966027 0
0.699564 -0.713877 -0.0314737 156.919 0.713956 0.70011 -0.0106276 134.601 0.0296218 -0.0150362 0.999448 0
0.713832 -0.699433 -0.0351687 158.377 0.700174 0.7138 0.0156842 135.971 0.0141333 -0.03582 0.999258 0
0.715424 -0.697988 -0.0313458 159.814 0.698691 0.71475 0.0310411 137.297 0.000738155 -0.0441085 0.999026 0
0.699369 -0.713985 -0.0332906 161.229 0.714682 0.697843 0.047381 138.651 -0.0105977 -0.056929 0.998322 0
0.678762 -0.732284 -0.05516 162.6 0.734358 0.676782 0.0518086 140.071 -0.000607323 -0.0756729 0.997133 0
0.65227 -0.756033 -0.0543886 163.95 0.757987 0.650652 0.0459229 141.555 0.000668777 -0.0711799 0.997463 0
0.623817 -0.781049 -0.0285542 165.263 0.78112 0.621801 0.0566934 143.133 -0.0265253 -0.0576706 0.997983 0
0.596427 -0.801914 -0.0347744 166.521 0.802619 0.595357 0.0367747 144.782 -0.0087869 -0.0498441 0.998718 0
0.574966 -0.818141 -0.0076247 167.761 0.818054 0.574693 0.0227272 146.497 -0.0142122 -0.0193048 0.999713 0
0.554421 -0.832215 0.00591499 168.945 0.832211 0.554446 0.00381965 148.249 -0.00645831 0.00280482 0.999975 0
0.541546 -0.840443 0.0195846 169.709 0.840591 0.541669 0.00115383 149.428 -0.0115781 0.0158378 0.999808 0
0.524669 -0.850724 0.0314846 170.811 0.851185 0.52486 -0.00251709 151.201 -0.0143837 0.0281199 0.999501 0
0.513177 -0.857861 0.026908 171.859 0.858271 0.512752 -0.0213403 152.954 0.00450988 0.0340458 0.99941 0
0.504902 -0.862296 0.0389775 172.849 0.863138 0.504789 -0.0134171 154.651 -0.00810595 0.0404173 0.99915 0
0.496637 -0.866627 0.0480527 173.746 0.867824 0.496773 -0.00991809 156.236 -0.015276 0.046627 0.998796 0
0.470582 -0.880336 0.0596778 174.532 0.882296 0.470262 -0.0201869 157.68 -0.0102929 0.0621531 0.998014 0
0.413697 -0.907903 0.0675747 175.192 0.91039 0.413097 -0.0232805 159.051 -0.00677843 0.0711504 0.997443 0
0.284196 -0.956349 0.068039 175.858 0.958766 0.283473 -0.0202669 160.858 9.50382e-05 0.0709933 0.997477 0
0.034355 -0.999132 0.0235395 176.191 0.999205 0.0338619 -0.0210349 163.055 0.0202196 0.0242434 0.999502 0
-0.198706 -0.980007 -0.0100748 176.03 0.980003 -0.198574 -0.0127581 164.697 0.0105025 -0.0124084 0.999868 0
-0.411632 -0.910779 -0.032251 175.501 0.911124 -0.412061 0.00770937 166.199 -0.0203109 -0.0262112 0.99945 0
-0.608816 -0.79327 -0.00809124 174.678 0.793149 -0.608866 0.0140371 167.532 -0.0160617 0.00212848 0.999869 0
-0.76321 -0.646148 -0.00172727 173.448 0.646034 -0.763121 0.0169238 168.751 -0.0122534 0.0118005 0.999855 0
-0.835668 -0.549234 0.00128973 172.282 0.549152 -0.835498 0.019364 169.587 -0.00955777 0.0168901 0.999812 0
-0.875931 -0.482431 0.00219205 170.945 0.482399 -0.8758 0.0162629 170.366 -0.00592592 0.0153026 0.999865 0
-0.895076 -0.445913 0.000585022 169.459 0.445897 -0.895031 0.0097848 171.126 -0.00383956 0.009019 0.999952 0
-0.898394 -0.43919 0.000474887 167.826 0.439176 -0.898355 0.00907782 171.928 -0.00356027 0.00836402 0.999959 0
-0.895912 -0.44423 0.0013102 166.041 0.44422 -0.895864 0.009847 172.812 -0.00320057 0.00940406 0.999951 0
-0.893572 -0.448877 0.00624161 164.764 0.44892 -0.893506 0.0108477 173.457 0.000707655 0.0124951 0.999922 0
-0.891294 -0.453366 0.00737442 163.413 0.45342 -0.891248 0.00933186 174.146 0.00234168 0.0116611 0.999929 0
-0.888905 -0.458033 0.00735788 161.99 0.458089 -0.888841 0.0107863 174.884 0.00159949 0.0129586 0.999915 0
-0.885634 -0.464275 0.01008 160.505 0.464377 -0.885534 0.0135453 175.667 0.00263743 0.0166771 0.999857 0
-0.88325 -0.468819 0.00879523 158.971 0.468901 -0.883113 0.0155776 176.486 0.000464096 0.017883 0.99984 0
-0.881559 -0.472058 0.00372205 157.417 0.472034 -0.881358 0.0197823 177.324 -0.00605795 0.0191962 0.999797 0
-0.881111 -0.472874 0.00582687 155.867 0.4729 -0.880945 0.0173905 178.164 -0.00309035 0.0180785 0.999832 0
-0.881191 -0.472673 0.00914731 154.321 0.47276 -0.880974 0.0195614 179.005 -0.00118761 0.0215618 0.999767 0
-0.883331 -0.468745 0.00232029 152.777 0.46863 -0.88298 0.0270687 179.841 -0.0106396 0.024998 0.999631 0
-0.886524 -0.462678 0.00209714 151.235 0.462511 -0.886063 0.0312469 180.665 -0.012599 0.0286711 0.99951 0
-0.888997 -0.457904 0.00294878 149.695 0.457801 -0.888619 0.0278284 181.475 -0.0101224 0.0260893 0.999608 0
-0.891079 -0.453847 0.00127529 148.16 0.45373 -0.890779 0.0253432 182.275 -0.0103659 0.0231614 0.999678 0
-0.892033 -0.451971 -0.000598646 146.63 0.451904 -0.891921 0.01611 183.061 -0.00781519 0.0141001 0.99987 0
-0.890962 -0.454075 -0.00169159 145.111 0.454027 -0.890912 0.0116564 183.845 -0.00679993 0.00961736 0.999931 0
-0.887303 -0.461184 -0.00184692 143.607 0.461127 -0.887244 0.0126799 184.631 -0.00748645 0.0103993 0.999918 0
-0.883712 -0.46803 -0.00110065 142.119 0.467945 -0.883591 0.0171575 185.422 -0.00900273 0.0146472 0.999852 0
-0.881222 -0.47269 0.0035853 140.65 0.472621 -0.880902 0.0253191 186.217 -0.00880976 0.0240062 0.999673 0
-0.879443 -0.475967 0.0060176 139.193 0.475956 -0.879102 0.0253928 187.005 -0.00679607 0.0251957 0.999659 0
-0.878486 -0.477745 0.00477453 137.752 0.477652 -0.878007 0.030857 187.795 -0.0105497 0.029388 0.999512 0
-0.879386 -0.47611 0.000381268 136.319 0.475901 -0.878977 0.0302989 188.574 -0.0140905 0.0268259 0.999541 0
-0.881519 -0.472137 0.00331 134.898 0.472045 -0.881158 0.0270818 189.342 -0.00986971 0.0254356 0.999628 0
-0.885675 -0.464278 0.00509599 133.486 0.464257 -0.885369 0.0242279 190.096 -0.00673663 0.0238239 0.999693 0
-0.889783 -0.456373 0.00317387 132.077 0.456332 -0.889556 0.0212573 190.832 -0.0068779 0.0203627 0.999769 0
-0.894208 -0.447643 -0.00287414 130.674 0.44753 -0.894096 0.0175972 191.549 -0.010447 0.0144493 0.999841 0
-0.897879 -0.440174 -0.00771145 129.282 0.440101 -0.897898 0.00949209 192.245 -0.0111023 0.00512894 0.999925 0
-0.899891 -0.435921 -0.0129819 127.915 0.435958 -0.899967 3.89105e-06 192.919 -0.011685 -0.00565606 0.999916 0
-0.899612 -0.436256 -0.0194446 125.942 0.436474 -0.899675 -0.0086644 193.893 -0.013714 -0.0162817 0.999773 0
-0.897328 -0.440769 -0.0229059 124.088 0.441145 -0.897309 -0.0151087 194.813 -0.0138942 -0.0236622 0.999623 0
-0.892557 -0.45027 -0.0244679 122.354 0.450743 -0.892445 -0.0193035 195.689 -0.0131445 -0.0282582 0.999514 0
-0.888148 -0.459063 -0.021321 120.744 0.459426 -0.88805 -0.0171915 196.529 -0.0110422 -0.025064 0.999625 0
-0.882667 -0.469405 -0.0236391 119.264 0.46984 -0.882562 -0.0183119 197.312 -0.0122673 -0.0272699 0.999553 0
-0.876283 -0.481211 -0.023726 117.938 0.48161 -0.87625 -0.0154167 198.04 -0.0133712 -0.024936 0.9996 0
-0.866817 -0.497834 -0.0281094 116.386 0.49829 -0.866925 -0.0121553 198.917 -0.0183174 -0.0245431 0.999531 0
-0.854586 -0.518609 -0.0269709 115.086 0.518907 -0.854816 -0.00503612 199.687 -0.0204433 -0.0182992 0.999624 0
-0.839628 -0.542961 -0.014766 113.679 0.543028 -0.839714 -0.000646776 200.558 -0.0120481 -0.00856141 0.999891 0
-0.831643 -0.554987 0.0189779 112.374 0.554959 -0.831847 -0.00717846 201.366 0.0197707 0.00456205 0.999794 0
-0.779782 -0.625855 0.0156625 111.237 0.625822 -0.779929 -0.00753504 202.196 0.0169315 0.00392623 0.999849 0
-0.685417 -0.727817 0.0220468 110.231 0.727941 -0.685632 -0.00323341 203.161 0.0174693 0.0138325 0.999752 0
-0.505586 -0.862707 0.0109742 109.248 0.862756 -0.50562 -0.000425471 204.511 0.00591582 0.00925292 0.99994 0
-0.233131 -0.972231 0.0204358 108.575 0.97234 -0.233364 -0.00983029 206.3 0.0143263 0.0175788 0.999743 0
0.0845543 -0.996097 0.0253374 108.467 0.996397 0.0843585 -0.00870131 208.534 0.00652992 0.0259818 0.999641 0
0.293609 -0.955649 0.0229774 108.914 0.955904 0.293355 -0.0138187 210.563 0.00646527 0.0260214 0.99964 0
0.402674 -0.915059 0.0228217 109.552 0.915343 0.402572 -0.00913427 212.179 -0.000828989 0.0245678 0.999698 0
0.464516 -0.88514 0.0274033 110.397 0.88555 0.464462 -0.00871693 213.857 -0.00501206 0.0283161 0.999586 0
0.49446 -0.868782 0.0269812 111.38 0.869187 0.494386 -0.00978123 215.617 -0.00484138 0.0282881 0.999588 0
0.503901 -0.863335 0.0271486 112.094 0.863751 0.503798 -0.0110223 216.845 -0.00416145 0.0290038 0.999571 0
0.507815 -0.86101 0.028033 112.845 0.861445 0.507764 -0.00945183 218.122 -0.00609601 0.0289486 0.999562 0
0.509056 -0.86019 0.0305759 113.629 0.860674 0.509118 -0.00633298 219.452 -0.0101192 0.0295397 0.999512 0
0.505808 -0.862076 0.0313676 114.441 0.8626 0.505822 -0.00807052 220.833 -0.00890903 0.0311399 0.999475 0
0.501613 -0.864712 0.0256393 115.273 0.865092 0.501417 -0.0140412 222.27 -0.00071442 0.0292236 0.999573 0
0.499872 -0.865819 0.0220554 116.125 0.866099 0.499701 -0.0130643 223.759 0.000290206 0.0256326 0.999671 0
0.500836 -0.865026 0.0298889 117.003 0.865444 0.501001 -0.0022216 225.291 -0.0130527 0.0269799 0.999551 0
0.500193 -0.865211 0.0348852 117.905 0.865831 0.500296 -0.00633867 226.86 -0.0119686 0.0333753 0.999371 0
0.496623 -0.867322 0.0334356 118.825 0.867965 0.496321 -0.017366 228.474 -0.00153287 0.0376453 0.99929 0
0.492798 -0.869579 0.0313343 119.761 0.870143 0.492452 -0.0184839 230.138 0.000642649 0.0363742 0.999338 0
0.490511 -0.870859 0.0316912 120.715 0.871421 0.490388 -0.0120795 231.85 -0.00502142 0.0335415 0.999425 0
0.491012 -0.870448 0.0350227 121.69 0.871087 0.491072 -0.00745414 233.601 -0.0107102 0.0341678 0.999359 0
0.491149 -0.870395 0.0344351 122.682 0.871063 0.490971 -0.0140286 235.38 -0.0046962 0.0368853 0.999308 0
0.489854 -0.871105 0.0348982 123.688 0.871803 0.48954 -0.0176245 237.189 -0.00173128 0.0390578 0.999235 0
0.487282 -0.872364 0.0392105 124.7 0.873222 0.487098 -0.0147696 239.022 -0.00621492 0.0414365 0.999122 0
0.483242 -0.874493 0.0416916 125.711 0.875468 0.482991 -0.0165594 240.869 -0.00565562 0.0445018 0.998993 0
0.478921 -0.876977 0.0393107 126.718 0.877857 0.478389 -0.0226009 242.731 0.00101463 0.0453332 0.998971 0
0.47486 -0.879229 0.0382611 127.72 0.880061 0.474428 -0.0202567 244.608 -0.000341814 0.0432912 0.999062 0
0.471178 -0.881178 0.038945 128.712 0.882014 0.471034 -0.0133845 246.485 -0.00655027 0.0406565 0.999152 0
0.469038 -0.882387 0.037357 129.691 0.883139 0.468994 -0.0104811 248.355 -0.00827187 0.0379075 0.999247 0
0.469062 -0.882384 0.0371445 130.662 0.883144 0.468928 -0.0127913 250.215 -0.0061312 0.0388039 0.999228 0
0.468522 -0.882727 0.035785 131.627 0.883451 0.468204 -0.017302 252.062 -0.00148172 0.0397206 0.99921 0
0.467796 -0.883132 0.035279 132.584 0.883831 0.467566 -0.0150147 253.898 -0.00323527 0.0382045 0.999265 0
0.467141 -0.883576 0.032754 133.533 0.884166 0.467037 -0.0112481 255.726 -0.00535879 0.0342144 0.9994 0
0.466346 -0.884046 0.0313726 134.48 0.884548 0.466417 -0.00546674 257.548 -0.00979985 0.0302999 0.999493 0
0.466049 -0.884336 0.0273501 135.424 0.884685 0.466188 -0.00143538 259.366 -0.0114809 0.0248652 0.999625 0
0.465772 -0.884692 0.0194154 136.365 0.88489 0.46578 -0.00439146 261.179 -0.00515821 0.0192259 0.999802 0
0.466238 -0.884564 0.0129904 137.305 0.88465 0.46625 -0.00227817 262.991 -0.00404157 0.0125541 0.999913 0
0.466526 -0.88444 0.0109104 138.248 0.884493 0.466553 -9.89613e-05 264.805 -0.00500275 0.00969634 0.99994 0
0.466681 -0.884338 0.0124887 139.196 0.884392 0.46674 0.00216931 266.627 -0.0077474 0.0100326 0.99992 0
0.466842 -0.884267 0.0114545 140.148 0.884311 0.466893 0.00217524 268.464 -0.0072715 0.00911381 0.999932 0
0.467728 -0.883795 0.0116901 141.109 0.88384 0.467783 0.00242322 270.317 -0.00761004 0.00919874 0.999929 0
0.468453 -0.883417 0.0112546 142.08 0.883451 0.468513 0.0032771 272.187 -0.00816797 0.00840772 0.999931 0
0.468727 -0.88327 0.0113645 143.06 0.883309 0.468783 0.00268062 274.073 -0.00769517 0.00878186 0.999932 0
0.467864 -0.883753 0.00913258 144.048 0.883797 0.467867 -0.00193876 275.976 -0.00255945 0.00897842 0.999956 0
0.466753 -0.884311 0.011682 145.042 0.884344 0.46682 0.00375123 277.895 -0.00877064 0.00858001 0.999925 0
0.466352 -0.884492 0.0137849 146.034 0.884524 0.466459 0.00578141 279.817 -0.0115437 0.00949689 0.999888 0
0.465935 -0.884658 0.0168732 147.021 0.88473 0.466074 0.00531341 281.73 -0.0125647 0.0124525 0.999844 0
0.464925 -0.885159 0.0184022 148.003 0.885306 0.465009 0.000319862 283.634 -0.0088403 0.0161428 0.999831 0
0.463387 -0.885864 0.0227415 148.978 0.886096 0.463501 -0.000300252 285.532 -0.0102747 0.0202903 0.999741 0
0.461737 -0.886493 0.0304781 149.947 0.886879 0.461999 0.00177591 287.423 -0.0156552 0.0262104 0.999534 0
0.459698 -0.8874 0.0346311 150.904 0.887984 0.459861 -0.00359761 289.299 -0.012733 0.0324056 0.999394 0
0.457431 -0.888489 0.0366655 151.848 0.889193 0.45746 -0.00808418 291.158 -0.00959031 0.0363007 0.999295 0
0.454232 -0.889914 0.0415508 152.773 0.890798 0.454341 -0.00732294 292.991 -0.0123614 0.0403397 0.99911 0
0.451142 -0.89121 0.0470752 153.675 0.892308 0.451388 -0.00587658 294.793 -0.0160119 0.0446568 0.998874 0
0.447431 -0.892914 0.0501009 154.557 0.894195 0.447598 -0.00846311 296.567 -0.0148683 0.0485867 0.998708 0
0.4429 -0.895224 0.049124 155.416 0.896481 0.442968 -0.0100915 298.31 -0.0127262 0.0485082 0.998742 0
0.438995 -0.897221 0.0477285 156.247 0.898402 0.439074 -0.00937842 300.018 -0.0125418 0.0469964 0.998816 0
0.436002 -0.898804 0.0453164 157.053 0.899836 0.436182 -0.00635867 301.688 -0.014051 0.0435497 0.998952 0
0.434474 -0.899704 0.042022 157.833 0.900615 0.434548 -0.00784436 303.311 -0.011203 0.0412538 0.999086 0
0.435409 -0.899308 0.0408038 158.586 0.900161 0.435501 -0.00707917 304.88 -0.0114037 0.0398123 0.999142 0
0.437927 -0.897957 0.0435049 159.312 0.898914 0.438077 -0.00653328 306.382 -0.0131919 0.0419682 0.999032 0
0.440048 -0.89675 0.0468858 160.005 0.897836 0.440297 -0.00542483 307.806 -0.015779 0.044483 0.998886 0
0.442253 -0.89551 0.0497465 160.973 0.896658 0.44272 -0.0018172 309.79 -0.0203964 0.0454093 0.99876 0
0.444091 -0.894804 0.0459243 161.851 0.895902 0.444151 -0.00943536 311.586 -0.0119545 0.0453338 0.9989 0
0.444432 -0.89457 0.0471694 162.641 0.895686 0.444638 -0.00660829 313.203 -0.0150617 0.0451859 0.998865 0
0.437341 -0.898135 0.0456821 163.333 0.899187 0.437514 -0.00666452 314.638 -0.0140009 0.0439914 0.998934 0
0.396798 -0.916976 0.0413107 164.095 0.917898 0.396575 -0.0138173 316.325 -0.00371271 0.0434017 0.999051 0
0.303916 -0.951878 0.0395462 164.685 0.952685 0.303874 -0.0072032 317.944 -0.0051605 0.0398642 0.999192 0
0.0983584 -0.994527 0.0352512 165.073 0.995143 0.0984409 0.000606357 319.921 -0.00407319 0.0350203 0.999378 0
-0.163003 -0.986286 0.0258748 164.952 0.986547 -0.162604 0.0168633 321.93 -0.0124247 0.0282754 0.999523 0
-0.391547 -0.918982 0.0465153 164.417 0.920007 -0.390068 0.0378625 323.612 -0.0166508 0.0576193 0.9982 0
-0.564453 -0.823297 0.0597884 163.704 0.825458 -0.562672 0.0449323 324.839 -0.00335137 0.074715 0.997199 0
-0.723446 -0.686794 0.0702865 162.707 0.690295 -0.721208 0.0578993 325.97 0.0109263 0.0904054 0.995845 0
-0.837797 -0.544697 0.037444 161.411 0.545981 -0.83596 0.0554562 326.94 0.00109487 0.0669048 0.997759 0
-0.895033 -0.445771 0.0142991 159.883 0.445939 -0.893915 0.0453281 327.77 -0.00742375 0.0469467 0.99887 0
-0.914152 -0.405323 0.00627093 158.203 0.405275 -0.913489 0.0359081 328.53 -0.00882596 0.0353669 0.999335 0
-0.915785 -0.401039 0.0224983 156.426 0.401568 -0.915376 0.0288286 329.303 0.00903301 0.0354354 0.999331 0
-0.914639 -0.404066 0.012884 154.553 0.404265 -0.913976 0.0349024 330.133 -0.00232719 0.0371317 0.999308 0
-0.91178 -0.410559 0.00988912 152.577 0.410678 -0.911495 0.0228046 331.013 -0.000348727 0.024854 0.999691 0
-0.907356 -0.420307 0.00689248 151.196 0.420362 -0.907192 0.0172924 331.646 -0.0010153 0.0185877 0.999827 0
-0.902507 -0.430676 -5.30791e-05 149.761 0.430628 -0.902409 0.0147294 332.324 -0.00639148 0.0132705 0.999892 0
-0.898293 -0.439394 0.00161297 148.276 0.439379 -0.898217 0.0123675 333.045 -0.00398543 0.0118184 0.999922 0
-0.894296 -0.44746 0.00375907 146.738 0.447466 -0.894191 0.0139991 333.809 -0.00290272 0.0142014 0.999895 0
-0.890587 -0.454808 -0.00190808 145.157 0.454701 -0.890455 0.0183578 334.61 -0.0100483 0.0154816 0.99983 0
-0.887603 -0.460592 -0.00401241 143.554 0.460419 -0.887453 0.020989 335.437 -0.0132282 0.0167825 0.999772 0
-0.885328 -0.464967 -0.000861279 141.931 0.464901 -0.88523 0.0152936 336.28 -0.00787347 0.0131395 0.999883 0
-0.883885 -0.467703 0.000848934 140.293 0.467658 -0.883771 0.0156275 337.143 -0.00655876 0.0142099 0.999878 0
-0.884121 -0.467258 -0.000594897 138.647 0.467178 -0.88399 0.0175241 338.013 -0.00871414 0.0152155 0.999846 0
-0.885204 -0.465194 -0.00302624 137.003 0.465097 -0.885121 0.0156867 338.876 -0.00997595 0.0124784 0.999872 0
-0.885974 -0.463705 -0.00520668 135.365 0.463602 -0.885934 0.013917 339.73 -0.0110661 0.00991626 0.99989 0
-0.886404 -0.462885 -0.0051039 133.735 0.462803 -0.886379 0.0120146 340.577 -0.0100854 0.00828767 0.999915 0
-0.888418 -0.459026 -0.00293354 132.11 0.458964 -0.888375 0.0119396 341.42 -0.00808666 0.00926095 0.999924 0
-0.892129 -0.451687 -0.00915156 130.483 0.451567 -0.892148 0.0126527 342.248 -0.0138796 0.00715535 0.999878 0
-0.895199 -0.445504 -0.012017 128.857 0.445459 -0.89528 0.00634708 343.056 -0.0135863 0.000328806 0.999908 0
-0.897081 -0.441793 -0.00804906 127.234 0.441772 -0.897117 0.00434762 343.855 -0.00914169 0.000344327 0.999958 0
-0.898084 -0.439736 -0.00881708 125.617 0.439713 -0.898127 0.00451733 344.645 -0.00990529 0.000179954 0.999951 0
-0.898357 -0.439125 -0.0111619 124.004 0.439094 -0.898426 0.00527 345.432 -0.0123423 -0.000166784 0.999924 0
-0.896835 -0.442262 -0.00951767 122.397 0.442282 -0.896876 -3.21515e-05 346.217 -0.00852195 -0.00423833 0.999955 0
-0.893337 -0.449189 -0.0133617 120.798 0.449254 -0.893401 -0.00217996 347.011 -0.0109582 -0.00795025 0.999908 0
-0.888604 -0.458414 -0.0154628 119.211 0.458506 -0.888687 -0.00283339 347.817 -0.0124427 -0.00960752 0.999876 0
-0.883748 -0.467701 -0.0156675 117.641 0.467788 -0.883838 -0.00224622 348.638 -0.012797 -0.00931416 0.999875 0
-0.879049 -0.476535 -0.0136711 116.088 0.476627 -0.879095 -0.00427512 349.47 -0.00998093 -0.010274 0.999897 0
-0.87428 -0.485254 -0.0127347 114.55 0.485355 -0.874294 -0.00635491 350.312 -0.0080501 -0.0117368 0.999899 0
-0.869199 -0.494245 -0.0146685 113.028 0.494372 -0.869225 -0.00661534 351.165 -0.00948061 -0.0130017 0.999871 0
-0.864218 -0.502836 -0.0168431 111.524 0.502961 -0.8643 -0.00400207 352.025 -0.0125451 -0.0119301 0.99985 0
-0.860181 -0.509751 -0.015561 110.059 0.509801 -0.860292 0.000882966 352.879 -0.0138371 -0.0071735 0.999879 0
-0.857951 -0.513621 -0.0106254 108.658 0.513598 -0.858016 0.00502308 353.706 -0.0116967 -0.0011476 0.999931 0
-0.857059 -0.515153 -0.00823462 107.325 0.51506 -0.857082 0.0110765 354.496 -0.0127638 0.00525189 0.999905 0
-0.859143 -0.511728 -0.00286072 105.466 0.511601 -0.859032 0.0181146 355.592 -0.0117272 0.0140994 0.999832 0
-0.866002 -0.500039 -0.00152276 103.786 0.499829 -0.865719 0.0264691 356.56 -0.0145539 0.0221612 0.999648 0
-0.876231 -0.481867 0.00485029 102.213 0.481813 -0.875862 0.0268487 357.429 -0.00868931 0.0258626 0.999628 0
-0.886997 -0.461761 0.003715 100.645 0.461676 -0.886608 0.0279529 358.251 -0.00961381 0.0265093 0.999602 0
-0.896286 -0.443371 0.00970777 99.0849 0.443475 -0.895986 0.0232155 359.026 -0.00159505 0.0251129 0.999683 0
-0.903606 -0.428211 0.0114569 97.5077 0.428358 -0.90341 0.018972 359.775 0.00222624 0.0220508 0.999754 0
-0.909723 -0.415069 0.0110442 95.8736 0.415209 -0.909536 0.0186181 360.529 0.00231732 0.021523 0.999766 0
-0.913454 -0.406828 0.0096774 94.1684 0.406912 -0.913419 0.00939879 361.284 0.00501583 0.0125232 0.999909 0
-0.91426 -0.405014 0.00959824 92.3863 0.405098 -0.914223 0.00956411 362.074 0.00490134 0.0126323 0.999908 0
-0.914081 -0.405386 -0.0108282 90.4971 0.405269 -0.914125 0.0115266 362.91 -0.014571 0.00614788 0.999875 0
-0.911037 -0.412221 -0.00922145 88.5075 0.412241 -0.911075 -0.000323978 363.801 -0.00826788 -0.00409661 0.999957 0
-0.907552 -0.419939 0.000434129 87.121 0.419923 -0.907527 -0.00765721 364.437 0.00360954 -0.00676702 0.999971 0
-0.903312 -0.42841 -0.022204 85.6761 0.428458 -0.903557 0.00279206 365.119 -0.0212587 -0.00699137 0.99975 0
-0.900913 -0.433855 -0.0112142 84.1962 0.433885 -0.900968 -0.000223739 365.837 -0.0100066 -0.00506724 0.999937 0
-0.899108 -0.437726 0.000655559 82.667 0.437686 -0.899045 -0.0122514 366.587 0.00595214 -0.0107284 0.999925 0
-0.894939 -0.445729 -0.0202387 81.0784 0.446065 -0.894836 -0.0171506 367.371 -0.0104658 -0.0243765 0.999648 0
-0.88765 -0.460296 -0.0143215 79.4582 0.460517 -0.887301 -0.0249042 368.198 -0.00124412 -0.0287015 0.999587 0
-0.879915 -0.475127 0.00225565 77.8097 0.474964 -0.87972 -0.0223784 369.084 0.0126169 -0.0186197 0.999747 0
-0.873013 -0.487617 -0.00882499 76.1232 0.487687 -0.872969 -0.00932054 370.017 -0.00315908 -0.0124408 0.999918 0
-0.867656 -0.497079 -0.00926384 74.4191 0.497133 -0.867662 -0.00464082 370.985 -0.00573103 -0.00863199 0.999946 0
-0.865081 -0.501623 -0.00286588 72.7051 0.501631 -0.865066 -0.00513949 371.978 9.89141e-05 -0.00588369 0.999983 0
-0.864928 -0.501891 -0.00228113 70.9832 0.501895 -0.864927 -0.00175776 372.983 -0.00109081 -0.00266522 0.999996 0
-0.866673 -0.498828 -0.00705307 69.253 0.498845 -0.866691 -0.000763218 373.984 -0.00573212 -0.00417985 0.999975 0
-0.869497 -0.493881 -0.00747508 67.5184 0.493891 -0.869524 0.000581671 374.975 -0.00678704 -0.00318611 0.999972 0
-0.872712 -0.488192 0.00648544 65.7882 0.488216 -0.872718 0.00281738 375.954 0.00428454 0.00562506 0.999975 0
-0.877275 -0.479977 0.00315821 64.055 0.47998 -0.877203 0.0115727 376.92 -0.00278422 0.0116683 0.999928 0
-0.881755 -0.471705 -0.00135665 62.3196 0.471665 -0.881711 0.010828 377.86 -0.00630379 0.00890775 0.99994 0
-0.884664 -0.46623 -0.000491837 60.5863 0.466229 -0.884663 0.00106624 378.777 -0.000932222 0.000713953 0.999999 0
-0.886317 -0.463078 0.00122453 58.8586 0.463079 -0.886317 0.000638421 379.687 0.000789683 0.0011329 0.999999 0
-0.888554 -0.458765 -0.00273823 57.1328 0.458732 -0.888538 0.0081195 380.589 -0.00615796 0.0059585 0.999963 0
-0.892356 -0.451262 -0.00793994 55.408 0.451143 -0.892354 0.0131952 381.475 -0.0130397 0.00819273 0.999881 0
-0.89607 -0.443909 -0.0017159 53.6873 0.443895 -0.896062 0.0054954 382.336 -0.00397701 0.00416258 0.999983 0
-0.898457 -0.439062 -0.000400286 51.967 0.439049 -0.898438 0.0067343 383.183 -0.0033164 0.00587473 0.999977 0
-0.900394 -0.435046 -0.005096 50.2506 0.434961 -0.900363 0.0124488 384.021 -0.010004 0.00899223 0.99991 0
-0.902526 -0.430583 -0.00667184 48.5445 0.430447 -0.902483 0.0155064 384.846 -0.012698 0.0111231 0.999857 0
-0.903556 -0.428371 -0.00915065 46.847 0.428274 -0.903583 0.0108859 385.655 -0.0129316 0.005917 0.999899 0
-0.903115 -0.429301 -0.0091515 45.1613 0.429278 -0.903161 0.00452124 386.457 -0.0102063 0.000154669 0.999948 0
-0.90211 -0.431484 -0.00444062 43.4929 0.431469 -0.902119 0.00400435 387.258 -0.00573378 0.00169637 0.999982 0
-0.901298 -0.433125 -0.00809471 41.8395 0.433064 -0.901325 0.00827696 388.056 -0.0108809 0.00395447 0.999933 0
-0.900977 -0.433717 -0.0114015 40.2117 0.433579 -0.901026 0.0126854 388.845 -0.0157749 0.00648577 0.999855 0
-0.900825 -0.434101 -0.00838668 38.6224 0.434005 -0.900842 0.0111055 389.612 -0.012376 0.00636424 0.999903 0
-0.900594 -0.434542 -0.0101808 37.0799 0.43446 -0.900643 0.00932684 390.358 -0.0132222 0.00397654 0.999905 0
-0.90018 -0.435316 -0.0132761 35.5962 0.435161 -0.900258 0.0130548 391.076 -0.0176348 0.0059744 0.999827 0
-0.900173 -0.435526 -0.00226763 34.1865 0.43545 -0.900093 0.0147052 391.761 -0.00844557 0.0122498 0.999889 0
-0.901287 -0.433192 -0.00507373 32.8446 0.432956 -0.901084 0.0244369 392.413 -0.0151577 0.019828 0.999689 0
-0.905401 -0.424514 -0.00605242 30.9673 0.424247 -0.905192 0.0253285 393.309 -0.0162309 0.0203648 0.999661 0
-0.910217 -0.41413 0.000766459 29.244 0.414113 -0.910158 0.0110993 394.097 -0.00389894 0.0104201 0.999938 0
-0.916183 -0.400709 -0.00647101 27.6242 0.400626 -0.916174 0.0111309 394.812 -0.0103888 0.0076055 0.999917 0
-0.930482 -0.366338 0.000173275 26.0914 0.366296 -0.930368 0.0155639 395.443 -0.00554042 0.0145454 0.999879 0
-0.965936 -0.258717 0.00584132 24.098 0.258782 -0.96574 0.0194655 396.086 0.000605151 0.020314 0.999793 0
-0.997414 -0.0714819 0.00740683 22.1237 0.0716623 -0.997038 0.027938 396.401 0.00538782 0.0283965 0.999582 0
-0.986582 0.163262 0.000931639 20.1867 -0.163192 -0.986296 0.0242458 396.276 0.00487728 0.0237684 0.999706 0
-0.934431 0.35613 -0.0030399 18.7623 -0.356112 -0.934203 0.0211841 395.857 0.0047044 0.0208776 0.999771 0
-0.842761 0.538251 -0.00636098 17.3937 -0.538286 -0.842664 0.0128629 395.121 0.0015633 0.0142644 0.999897 0
